0 0.0
1.0 0.000360880548538
1.0 0.000721761097077
1.0 0.00108264164562
1.0 0.00144352219415
1.0 0.00180440274269
1.0 0.00216528329123
1.0 0.00252616383977
1.0 0.00288704438831
1.0 0.00324792493685
1.0 0.00360880548538
1.0 0.00396968603392
1.0 0.00433056658246
1.0 0.004691447131
1.0 0.00505232767954
1.0 0.00541320822808
1.0 0.00577408877661
1.0 0.00613496932515
1.0 0.00649584987369
1.0 0.00685673042223
1.0 0.00721761097077
1.0 0.00757849151931
0.954545454545 0.00757849151931
0.95652173913 0.00793937206785
0.958333333333 0.00830025261638
0.96 0.00866113316492
0.961538461538 0.00902201371346
0.962962962963 0.009382894262
0.964285714286 0.00974377481054
0.965517241379 0.0101046553591
0.966666666667 0.0104655359076
0.967741935484 0.0108264164562
0.96875 0.0111872970047
0.969696969697 0.0115481775532
0.970588235294 0.0119090581018
0.971428571429 0.0122699386503
0.972222222222 0.0126308191988
0.972972972973 0.0129916997474
0.973684210526 0.0133525802959
0.974358974359 0.0137134608445
0.975 0.014074341393
0.975609756098 0.0144352219415
0.97619047619 0.0147961024901
0.976744186047 0.0151569830386
0.954545454545 0.0151569830386
0.955555555556 0.0155178635872
0.95652173913 0.0158787441357
0.957446808511 0.0162396246842
0.958333333333 0.0166005052328
0.959183673469 0.0169613857813
0.96 0.0173222663298
0.960784313725 0.0176831468784
0.961538461538 0.0180440274269
0.962264150943 0.0184049079755
0.962962962963 0.018765788524
0.945454545455 0.018765788524
0.946428571429 0.0191266690725
0.947368421053 0.0194875496211
0.948275862069 0.0198484301696
0.949152542373 0.0202093107182
0.95 0.0205701912667
0.950819672131 0.0209310718152
0.951612903226 0.0212919523638
0.952380952381 0.0216528329123
0.953125 0.0220137134608
0.953846153846 0.0223745940094
0.954545454545 0.0227354745579
0.955223880597 0.0230963551065
0.955882352941 0.023457235655
0.95652173913 0.0238181162035
0.957142857143 0.0241789967521
0.957746478873 0.0245398773006
0.958333333333 0.0249007578492
0.958904109589 0.0252616383977
0.959459459459 0.0256225189462
0.96 0.0259833994948
0.960526315789 0.0263442800433
0.961038961039 0.0267051605918
0.961538461538 0.0270660411404
0.962025316456 0.0274269216889
0.9625 0.0277878022375
0.962962962963 0.028148682786
0.963414634146 0.0285095633345
0.963855421687 0.0288704438831
0.964285714286 0.0292313244316
0.964705882353 0.0295922049802
0.96511627907 0.0299530855287
0.965517241379 0.0303139660772
0.965909090909 0.0306748466258
0.966292134831 0.0310357271743
0.966666666667 0.0313966077228
0.967032967033 0.0317574882714
0.967391304348 0.0321183688199
0.967741935484 0.0324792493685
0.968085106383 0.032840129917
0.968421052632 0.0332010104655
0.96875 0.0335618910141
0.969072164948 0.0339227715626
0.969387755102 0.0342836521112
0.969696969697 0.0346445326597
0.97 0.0350054132082
0.970297029703 0.0353662937568
0.970588235294 0.0357271743053
0.970873786408 0.0360880548538
0.971153846154 0.0364489354024
0.971428571429 0.0368098159509
0.971698113208 0.0371706964995
0.971962616822 0.037531577048
0.972222222222 0.0378924575965
0.97247706422 0.0382533381451
0.972727272727 0.0386142186936
0.972972972973 0.0389750992422
0.973214285714 0.0393359797907
0.973451327434 0.0396968603392
0.973684210526 0.0400577408878
0.973913043478 0.0404186214363
0.974137931034 0.0407795019848
0.974358974359 0.0411403825334
0.974576271186 0.0415012630819
0.974789915966 0.0418621436305
0.975 0.042223024179
0.97520661157 0.0425839047275
0.975409836066 0.0429447852761
0.975609756098 0.0433056658246
0.975806451613 0.0436665463732
0.976 0.0440274269217
0.97619047619 0.0443883074702
0.976377952756 0.0447491880188
0.9765625 0.0451100685673
0.976744186047 0.0454709491158
0.976923076923 0.0458318296644
0.977099236641 0.0461927102129
0.977272727273 0.0465535907615
0.977443609023 0.04691447131
0.977611940299 0.0472753518585
0.977777777778 0.0476362324071
0.970588235294 0.0476362324071
0.970802919708 0.0479971129556
0.971014492754 0.0483579935042
0.971223021583 0.0487188740527
0.971428571429 0.0490797546012
0.971631205674 0.0494406351498
0.971830985915 0.0498015156983
0.972027972028 0.0501623962468
0.972222222222 0.0505232767954
0.972413793103 0.0508841573439
0.965753424658 0.0508841573439
0.965986394558 0.0512450378925
0.966216216216 0.051605918441
0.96644295302 0.0519667989895
0.966666666667 0.0523276795381
0.966887417219 0.0526885600866
0.967105263158 0.0530494406351
0.967320261438 0.0534103211837
0.967532467532 0.0537712017322
0.967741935484 0.0541320822808
0.967948717949 0.0544929628293
0.968152866242 0.0548538433778
0.96835443038 0.0552147239264
0.968553459119 0.0555756044749
0.9625 0.0555756044749
0.962732919255 0.0559364850235
0.962962962963 0.056297365572
0.963190184049 0.0566582461205
0.963414634146 0.0570191266691
0.963636363636 0.0573800072176
0.963855421687 0.0577408877661
0.964071856287 0.0581017683147
0.964285714286 0.0584626488632
0.96449704142 0.0588235294118
0.964705882353 0.0591844099603
0.959064327485 0.0591844099603
0.959302325581 0.0595452905088
0.959537572254 0.0599061710574
0.959770114943 0.0602670516059
0.96 0.0606279321545
0.960227272727 0.060988812703
0.960451977401 0.0613496932515
0.960674157303 0.0617105738001
0.95530726257 0.0617105738001
0.955555555556 0.0620714543486
0.955801104972 0.0624323348971
0.956043956044 0.0627932154457
0.956284153005 0.0631540959942
0.95652173913 0.0635149765428
0.956756756757 0.0638758570913
0.956989247312 0.0642367376398
0.957219251337 0.0645976181884
0.957446808511 0.0649584987369
0.957671957672 0.0653193792855
0.957894736842 0.065680259834
0.958115183246 0.0660411403825
0.958333333333 0.0664020209311
0.958549222798 0.0667629014796
0.958762886598 0.0671237820281
0.958974358974 0.0674846625767
0.959183673469 0.0678455431252
0.959390862944 0.0682064236738
0.959595959596 0.0685673042223
0.959798994975 0.0689281847708
0.96 0.0692890653194
0.960199004975 0.0696499458679
0.960396039604 0.0700108264165
0.960591133005 0.070371706965
0.960784313725 0.0707325875135
0.960975609756 0.0710934680621
0.961165048544 0.0714543486106
0.961352657005 0.0718152291591
0.961538461538 0.0721761097077
0.961722488038 0.0725369902562
0.961904761905 0.0728978708048
0.962085308057 0.0732587513533
0.962264150943 0.0736196319018
0.962441314554 0.0739805124504
0.96261682243 0.0743413929989
0.962790697674 0.0747022735475
0.962962962963 0.075063154096
0.963133640553 0.0754240346445
0.963302752294 0.0757849151931
0.963470319635 0.0761457957416
0.963636363636 0.0765066762901
0.963800904977 0.0768675568387
0.963963963964 0.0772284373872
0.964125560538 0.0775893179358
0.964285714286 0.0779501984843
0.964444444444 0.0783110790328
0.964601769912 0.0786719595814
0.964757709251 0.0790328401299
0.964912280702 0.0793937206785
0.965065502183 0.079754601227
0.965217391304 0.0801154817755
0.965367965368 0.0804763623241
0.965517241379 0.0808372428726
0.965665236052 0.0811981234211
0.965811965812 0.0815590039697
0.965957446809 0.0819198845182
0.966101694915 0.0822807650668
0.966244725738 0.0826416456153
0.966386554622 0.0830025261638
0.966527196653 0.0833634067124
0.966666666667 0.0837242872609
0.966804979253 0.0840851678095
0.96694214876 0.084446048358
0.9670781893 0.0848069289065
0.967213114754 0.0851678094551
0.967346938776 0.0855286900036
0.967479674797 0.0858895705521
0.967611336032 0.0862504511007
0.967741935484 0.0866113316492
0.967871485944 0.0869722121978
0.968 0.0873330927463
0.96812749004 0.0876939732948
0.968253968254 0.0880548538434
0.96837944664 0.0884157343919
0.968503937008 0.0887766149405
0.96862745098 0.089137495489
0.96875 0.0894983760375
0.968871595331 0.0898592565861
0.968992248062 0.0902201371346
0.969111969112 0.0905810176831
0.969230769231 0.0909418982317
0.969348659004 0.0913027787802
0.965648854962 0.0913027787802
0.965779467681 0.0916636593288
0.965909090909 0.0920245398773
0.966037735849 0.0923854204258
0.966165413534 0.0927463009744
0.966292134831 0.0931071815229
0.966417910448 0.0934680620715
0.966542750929 0.09382894262
0.966666666667 0.0941898231685
0.966789667897 0.0945507037171
0.966911764706 0.0949115842656
0.967032967033 0.0952724648141
0.967153284672 0.0956333453627
0.967272727273 0.0959942259112
0.967391304348 0.0963551064598
0.967509025271 0.0967159870083
0.967625899281 0.0970768675568
0.967741935484 0.0974377481054
0.967857142857 0.0977986286539
0.967971530249 0.0981595092025
0.968085106383 0.098520389751
0.968197879859 0.0988812702995
0.968309859155 0.0992421508481
0.968421052632 0.0996030313966
0.968531468531 0.0999639119451
0.968641114983 0.100324792494
0.96875 0.100685673042
0.968858131488 0.101046553591
0.968965517241 0.101407434139
0.969072164948 0.101768314688
0.969178082192 0.102129195236
0.969283276451 0.102490075785
0.969387755102 0.102850956333
0.969491525424 0.103211836882
0.969594594595 0.103572717431
0.969696969697 0.103933597979
0.969798657718 0.104294478528
0.969899665552 0.104655359076
0.97 0.105016239625
0.970099667774 0.105377120173
0.970198675497 0.105738000722
0.970297029703 0.10609888127
0.970394736842 0.106459761819
0.970491803279 0.106820642367
0.970588235294 0.107181522916
0.967426710098 0.107181522916
0.967532467532 0.107542403464
0.967637540453 0.107903284013
0.967741935484 0.108264164562
0.967845659164 0.10862504511
0.967948717949 0.108985925659
0.968051118211 0.109346806207
0.968152866242 0.109707686756
0.968253968254 0.110068567304
0.96835443038 0.110429447853
0.968454258675 0.110790328401
0.968553459119 0.11115120895
0.968652037618 0.111512089498
0.96875 0.111872970047
0.968847352025 0.112233850595
0.968944099379 0.112594731144
0.969040247678 0.112955611693
0.969135802469 0.113316492241
0.969230769231 0.11367737279
0.969325153374 0.114038253338
0.969418960245 0.114399133887
0.969512195122 0.114760014435
0.969604863222 0.115120894984
0.969696969697 0.115481775532
0.969788519637 0.115842656081
0.969879518072 0.116203536629
0.96996996997 0.116564417178
0.97005988024 0.116925297726
0.970149253731 0.117286178275
0.970238095238 0.117647058824
0.970326409496 0.118007939372
0.967455621302 0.118007939372
0.967551622419 0.118368819921
0.967647058824 0.118729700469
0.967741935484 0.119090581018
0.96783625731 0.119451461566
0.967930029155 0.119812342115
0.968023255814 0.120173222663
0.968115942029 0.120534103212
0.968208092486 0.12089498376
0.968299711816 0.121255864309
0.968390804598 0.121616744857
0.968481375358 0.121977625406
0.968571428571 0.122338505955
0.968660968661 0.122699386503
0.96875 0.123060267052
0.968838526912 0.1234211476
0.968926553672 0.123782028149
0.969014084507 0.124142908697
0.969101123596 0.124503789246
0.96918767507 0.124864669794
0.969273743017 0.125225550343
0.969359331476 0.125586430891
0.969444444444 0.12594731144
0.969529085873 0.126308191988
0.969613259669 0.126669072537
0.969696969697 0.127029953086
0.96978021978 0.127390833634
0.969863013699 0.127751714183
0.969945355191 0.128112594731
0.970027247956 0.12847347528
0.970108695652 0.128834355828
0.970189701897 0.129195236377
0.97027027027 0.129556116925
0.970350404313 0.129916997474
0.970430107527 0.130277878022
0.970509383378 0.130638758571
0.970588235294 0.130999639119
0.970666666667 0.131360519668
0.970744680851 0.131721400217
0.970822281167 0.132082280765
0.970899470899 0.132443161314
0.970976253298 0.132804041862
0.971052631579 0.133164922411
0.971128608924 0.133525802959
0.971204188482 0.133886683508
0.968668407311 0.133886683508
0.96875 0.134247564056
0.968831168831 0.134608444605
0.968911917098 0.134969325153
0.968992248062 0.135330205702
0.969072164948 0.13569108625
0.969151670951 0.136051966799
0.969230769231 0.136412847348
0.969309462916 0.136773727896
0.969387755102 0.137134608445
0.969465648855 0.137495488993
0.969543147208 0.137856369542
0.969620253165 0.13821725009
0.969696969697 0.138578130639
0.969773299748 0.138939011187
0.969849246231 0.139299891736
0.96992481203 0.139660772284
0.97 0.140021652833
0.970074812968 0.140382533381
0.970149253731 0.14074341393
0.970223325062 0.141104294479
0.970297029703 0.141465175027
0.97037037037 0.141826055576
0.970443349754 0.142186936124
0.970515970516 0.142547816673
0.970588235294 0.142908697221
0.970660146699 0.14326957777
0.970731707317 0.143630458318
0.970802919708 0.143991338867
0.970873786408 0.144352219415
0.970944309927 0.144713099964
0.971014492754 0.145073980512
0.971084337349 0.145434861061
0.971153846154 0.14579574161
0.971223021583 0.146156622158
0.971291866029 0.146517502707
0.971360381862 0.146878383255
0.971428571429 0.147239263804
0.971496437055 0.147600144352
0.971563981043 0.147961024901
0.971631205674 0.148321905449
0.971698113208 0.148682785998
0.971764705882 0.149043666546
0.971830985915 0.149404547095
0.971896955504 0.149765427643
0.971962616822 0.150126308192
0.972027972028 0.150487188741
0.972093023256 0.150848069289
0.972157772622 0.151208949838
0.972222222222 0.151569830386
0.972286374134 0.151930710935
0.972350230415 0.152291591483
0.972413793103 0.152652472032
0.97247706422 0.15301335258
0.972540045767 0.153374233129
0.972602739726 0.153735113677
0.972665148064 0.154095994226
0.972727272727 0.154456874774
0.972789115646 0.154817755323
0.972850678733 0.155178635872
0.972911963883 0.15553951642
0.972972972973 0.155900396969
0.973033707865 0.156261277517
0.973094170404 0.156622158066
0.973154362416 0.156983038614
0.973214285714 0.157343919163
0.973273942094 0.157704799711
0.973333333333 0.15806568026
0.971175166297 0.15806568026
0.971238938053 0.158426560808
0.971302428256 0.158787441357
0.971365638767 0.159148321905
0.971428571429 0.159509202454
0.97149122807 0.159870083003
0.971553610503 0.160230963551
0.971615720524 0.1605918441
0.971677559913 0.160952724648
0.971739130435 0.161313605197
0.971800433839 0.161674485745
0.971861471861 0.162035366294
0.97192224622 0.162396246842
0.971982758621 0.162757127391
0.972043010753 0.163118007939
0.972103004292 0.163478888488
0.972162740899 0.163839769036
0.972222222222 0.164200649585
0.972281449893 0.164561530134
0.972340425532 0.164922410682
0.970276008493 0.164922410682
0.970338983051 0.165283291231
0.970401691332 0.165644171779
0.970464135021 0.166005052328
0.970526315789 0.166365932876
0.970588235294 0.166726813425
0.970649895178 0.167087693973
0.970711297071 0.167448574522
0.970772442589 0.16780945507
0.96875 0.16780945507
0.966735966736 0.16780945507
0.966804979253 0.168170335619
0.966873706004 0.168531216167
0.96694214876 0.168892096716
0.967010309278 0.169252977265
0.9670781893 0.169613857813
0.967145790554 0.169974738362
0.967213114754 0.17033561891
0.967280163599 0.170696499459
0.967346938776 0.171057380007
0.967413441955 0.171418260556
0.967479674797 0.171779141104
0.967545638945 0.172140021653
0.967611336032 0.172500902201
0.967676767677 0.17286178275
0.967741935484 0.173222663298
0.967806841046 0.173583543847
0.967871485944 0.173944424396
0.967935871743 0.174305304944
0.968 0.174666185493
0.968063872255 0.175027066041
0.96812749004 0.17538794659
0.968190854871 0.175748827138
0.968253968254 0.176109707687
0.968316831683 0.176470588235
0.96837944664 0.176831468784
0.968441814596 0.177192349332
0.968503937008 0.177553229881
0.968565815324 0.177914110429
0.96862745098 0.178274990978
0.968688845401 0.178635871527
0.96875 0.178996752075
0.968810916179 0.179357632624
0.968871595331 0.179718513172
0.968932038835 0.180079393721
0.968992248062 0.180440274269
0.969052224371 0.180801154818
0.967181467181 0.180801154818
0.967244701349 0.181162035366
0.967307692308 0.181522915915
0.967370441459 0.181883796463
0.967432950192 0.182244677012
0.967495219885 0.18260555756
0.967557251908 0.182966438109
0.967619047619 0.183327318658
0.967680608365 0.183688199206
0.967741935484 0.184049079755
0.967803030303 0.184409960303
0.96786389414 0.184770840852
0.967924528302 0.1851317214
0.967984934087 0.185492601949
0.968045112782 0.185853482497
0.968105065666 0.186214363046
0.968164794007 0.186575243594
0.968224299065 0.186936124143
0.96828358209 0.187297004691
0.96834264432 0.18765788524
0.968401486989 0.188018765789
0.968460111317 0.188379646337
0.968518518519 0.188740526886
0.968576709797 0.189101407434
0.968634686347 0.189462287983
0.968692449355 0.189823168531
0.96875 0.19018404908
0.96880733945 0.190544929628
0.968864468864 0.190905810177
0.968921389397 0.191266690725
0.96897810219 0.191627571274
0.969034608379 0.191988451822
0.969090909091 0.192349332371
0.969147005445 0.19271021292
0.969202898551 0.193071093468
0.969258589512 0.193431974017
0.969314079422 0.193792854565
0.969369369369 0.194153735114
0.969424460432 0.194514615662
0.96947935368 0.194875496211
0.969534050179 0.195236376759
0.969588550984 0.195597257308
0.969642857143 0.195958137856
0.969696969697 0.196319018405
0.96975088968 0.196679898953
0.969804618117 0.197040779502
0.969858156028 0.197401660051
0.969911504425 0.197762540599
0.969964664311 0.198123421148
0.970017636684 0.198484301696
0.970070422535 0.198845182245
0.970123022847 0.199206062793
0.968421052632 0.199206062793
0.968476357268 0.199566943342
0.968531468531 0.19992782389
0.968586387435 0.200288704439
0.968641114983 0.200649584987
0.968695652174 0.201010465536
0.96875 0.201371346084
0.967071057192 0.201371346084
0.967128027682 0.201732226633
0.967184801382 0.202093107182
0.96724137931 0.20245398773
0.967297762478 0.202814868279
0.96735395189 0.203175748827
0.967409948542 0.203536629376
0.967465753425 0.203897509924
0.967521367521 0.204258390473
0.967576791809 0.204619271021
0.967632027257 0.20498015157
0.96768707483 0.205341032118
0.967741935484 0.205701912667
0.967796610169 0.206062793215
0.967851099831 0.206423673764
0.967905405405 0.206784554313
0.967959527825 0.207145434861
0.968013468013 0.20750631541
0.968067226891 0.207867195958
0.968120805369 0.208228076507
0.968174204355 0.208588957055
0.968227424749 0.208949837604
0.968280467446 0.209310718152
0.968333333333 0.209671598701
0.968386023295 0.210032479249
0.966777408638 0.210032479249
0.965174129353 0.210032479249
0.965231788079 0.210393359798
0.965289256198 0.210754240346
0.965346534653 0.211115120895
0.965403624382 0.211476001444
0.965460526316 0.211836881992
0.965517241379 0.212197762541
0.965573770492 0.212558643089
0.965630114566 0.212919523638
0.96568627451 0.213280404186
0.965742251223 0.213641284735
0.965798045603 0.214002165283
0.965853658537 0.214363045832
0.965909090909 0.21472392638
0.965964343598 0.215084806929
0.964401294498 0.215084806929
0.964458804523 0.215445687477
0.964516129032 0.215806568026
0.964573268921 0.216167448575
0.96463022508 0.216528329123
0.964686998395 0.216889209672
0.964743589744 0.21725009022
0.9648 0.217610970769
0.964856230032 0.217971851317
0.964912280702 0.218332731866
0.964968152866 0.218693612414
0.965023847377 0.219054492963
0.965079365079 0.219415373511
0.965134706815 0.21977625406
0.965189873418 0.220137134608
0.963665086888 0.220137134608
0.963722397476 0.220498015157
0.963779527559 0.220858895706
0.963836477987 0.221219776254
0.963893249608 0.221580656803
0.96394984326 0.221941537351
0.964006259781 0.2223024179
0.9640625 0.222663298448
0.964118564743 0.223024178997
0.964174454829 0.223385059545
0.964230171073 0.223745940094
0.964285714286 0.224106820642
0.964341085271 0.224467701191
0.96439628483 0.224828581739
0.964451313756 0.225189462288
0.96450617284 0.225550342837
0.964560862866 0.225911223385
0.964615384615 0.226272103934
0.963133640553 0.226272103934
0.963190184049 0.226632984482
0.963246554364 0.226993865031
0.963302752294 0.227354745579
0.961832061069 0.227354745579
0.961890243902 0.227715626128
0.961948249619 0.228076506676
0.962006079027 0.228437387225
0.960546282246 0.228437387225
0.960606060606 0.228798267773
0.960665658094 0.229159148322
0.960725075529 0.22952002887
0.960784313725 0.229880909419
0.960843373494 0.230241789968
0.959398496241 0.230241789968
0.959459459459 0.230602670516
0.95952023988 0.230963551065
0.959580838323 0.231324431613
0.959641255605 0.231685312162
0.958208955224 0.231685312162
0.956780923994 0.231685312162
0.956845238095 0.23204619271
0.95690936107 0.232407073259
0.956973293769 0.232767953807
0.957037037037 0.233128834356
0.957100591716 0.233489714904
0.957163958641 0.233850595453
0.957227138643 0.234211476001
0.957290132548 0.23457235655
0.957352941176 0.234933237099
0.957415565345 0.235294117647
0.957478005865 0.235654998196
0.957540263543 0.236015878744
0.957602339181 0.236376759293
0.957664233577 0.236737639841
0.957725947522 0.23709852039
0.957787481805 0.237459400938
0.957848837209 0.237820281487
0.957910014514 0.238181162035
0.957971014493 0.238542042584
0.958031837916 0.238902923132
0.958092485549 0.239263803681
0.958152958153 0.23962468423
0.958213256484 0.239985564778
0.958273381295 0.240346445327
0.958333333333 0.240707325875
0.956958393113 0.240707325875
0.957020057307 0.241068206424
0.957081545064 0.241429086972
0.957142857143 0.241789967521
0.957203994294 0.242150848069
0.957264957265 0.242511728618
0.957325746799 0.242872609166
0.957386363636 0.243233489715
0.957446808511 0.243594370263
0.957507082153 0.243955250812
0.95756718529 0.244316131361
0.957627118644 0.244677011909
0.957686882934 0.245037892458
0.957746478873 0.245398773006
0.957805907173 0.245759653555
0.957865168539 0.246120534103
0.957924263675 0.246481414652
0.957983193277 0.2468422952
0.956643356643 0.2468422952
0.95530726257 0.2468422952
0.955369595537 0.247203175749
0.955431754875 0.247564056297
0.955493741307 0.247924936846
0.955555555556 0.248285817394
0.955617198336 0.248646697943
0.95567867036 0.249007578492
0.955739972337 0.24936845904
0.955801104972 0.249729339589
0.955862068966 0.250090220137
0.955922865014 0.250451100686
0.95598349381 0.250811981234
0.956043956044 0.251172861783
0.956104252401 0.251533742331
0.956164383562 0.25189462288
0.956224350205 0.252255503428
0.956284153005 0.252616383977
0.956343792633 0.252977264525
0.956403269755 0.253338145074
0.956462585034 0.253699025623
0.95652173913 0.254059906171
0.9565807327 0.25442078672
0.956639566396 0.254781667268
0.956698240866 0.255142547817
0.956756756757 0.255503428365
0.95681511471 0.255864308914
0.956873315364 0.256225189462
0.956931359354 0.256586070011
0.956989247312 0.256946950559
0.957046979866 0.257307831108
0.957104557641 0.257668711656
0.957161981258 0.258029592205
0.957219251337 0.258390472754
0.955941255007 0.258390472754
0.956 0.258751353302
0.956058588549 0.259112233851
0.956117021277 0.259473114399
0.956175298805 0.259833994948
0.956233421751 0.260194875496
0.956291390728 0.260555756045
0.956349206349 0.260916636593
0.956406869221 0.261277517142
0.956464379947 0.26163839769
0.95652173913 0.261999278239
0.956578947368 0.262360158787
0.956636005256 0.262721039336
0.956692913386 0.263081919885
0.956749672346 0.263442800433
0.956806282723 0.263803680982
0.956862745098 0.26416456153
0.956919060052 0.264525442079
0.956975228162 0.264886322627
0.95703125 0.265247203176
0.957087126138 0.265608083724
0.957142857143 0.265968964273
0.95719844358 0.266329844821
0.955958549223 0.266329844821
0.954721862872 0.266329844821
0.954780361757 0.26669072537
0.954838709677 0.267051605918
0.954896907216 0.267412486467
0.954954954955 0.267773367016
0.95501285347 0.268134247564
0.955070603338 0.268495128113
0.955128205128 0.268856008661
0.955185659411 0.26921688921
0.955242966752 0.269577769758
0.955300127714 0.269938650307
0.955357142857 0.270299530855
0.955414012739 0.270660411404
0.955470737913 0.271021291952
0.955527318933 0.271382172501
0.955583756345 0.271743053049
0.955640050697 0.272103933598
0.955696202532 0.272464814147
0.954487989886 0.272464814147
0.954545454545 0.272825694695
0.954602774275 0.273186575244
0.954659949622 0.273547455792
0.954716981132 0.273908336341
0.954773869347 0.274269216889
0.953575909661 0.274269216889
0.953634085213 0.274630097438
0.953692115144 0.274990977986
0.95375 0.275351858535
0.953807740325 0.275712739083
0.953865336658 0.276073619632
0.953922789539 0.27643450018
0.953980099502 0.276795380729
0.954037267081 0.277156261278
0.954094292804 0.277517141826
0.9541511772 0.277878022375
0.954207920792 0.278238902923
0.954264524104 0.278599783472
0.954320987654 0.27896066402
0.954377311961 0.279321544569
0.954433497537 0.279682425117
0.954489544895 0.280043305666
0.954545454545 0.280404186214
0.954601226994 0.280765066763
0.954656862745 0.281125947311
0.954712362301 0.28148682786
0.954767726161 0.281847708409
0.954822954823 0.282208588957
0.953658536585 0.282208588957
0.95371498173 0.282569469506
0.953771289538 0.282930350054
0.95382746051 0.283291230603
0.953883495146 0.283652111151
0.953939393939 0.2840129917
0.953995157385 0.284373872248
0.954050785973 0.284734752797
0.954106280193 0.285095633345
0.954161640531 0.285456513894
0.95421686747 0.285817394442
0.954271961492 0.286178274991
0.954326923077 0.28653915554
0.954381752701 0.286900036088
0.954436450839 0.287260916637
0.954491017964 0.287621797185
0.954545454545 0.287982677734
0.954599761051 0.288343558282
0.954653937947 0.288704438831
0.954707985697 0.289065319379
0.954761904762 0.289426199928
0.9548156956 0.289787080476
0.95486935867 0.290147961025
0.954922894425 0.290508841573
0.954976303318 0.290869722122
0.955029585799 0.291230602671
0.955082742317 0.291591483219
0.953955135773 0.291591483219
0.954009433962 0.291952363768
0.95406360424 0.292313244316
0.954117647059 0.292674124865
0.954171562867 0.293035005413
0.954225352113 0.293395885962
0.95427901524 0.29375676651
0.954332552693 0.294117647059
0.954385964912 0.294478527607
0.954439252336 0.294839408156
0.954492415403 0.295200288704
0.954545454545 0.295561169253
0.954598370198 0.295922049802
0.954651162791 0.29628293035
0.954703832753 0.296643810899
0.95475638051 0.297004691447
0.954808806489 0.297365571996
0.954861111111 0.297726452544
0.954913294798 0.298087333093
0.954965357968 0.298448213641
0.955017301038 0.29880909419
0.955069124424 0.299169974738
0.955120828539 0.299530855287
0.955172413793 0.299891735835
0.955223880597 0.300252616384
0.955275229358 0.300613496933
0.955326460481 0.300974377481
0.954233409611 0.300974377481
0.954285714286 0.30133525803
0.954337899543 0.301696138578
0.954389965792 0.302057019127
0.95444191344 0.302417899675
0.95449374289 0.302778780224
0.954545454545 0.303139660772
0.954597048808 0.303500541321
0.954648526077 0.303861421869
0.95469988675 0.304222302418
0.954751131222 0.304583182966
0.954802259887 0.304944063515
0.953724604966 0.304944063515
0.952649379932 0.304944063515
0.952702702703 0.305304944064
0.952755905512 0.305665824612
0.952808988764 0.306026705161
0.952861952862 0.306387585709
0.952914798206 0.306748466258
0.952967525196 0.307109346806
0.953020134228 0.307470227355
0.953072625698 0.307831107903
0.953125 0.308191988452
0.953177257525 0.308552869
0.953229398664 0.308913749549
0.953281423804 0.309274630097
0.953333333333 0.309635510646
0.953385127636 0.309996391195
0.953436807095 0.310357271743
0.953488372093 0.310718152292
0.953539823009 0.31107903284
0.953591160221 0.311439913389
0.953642384106 0.311800793937
0.953693495039 0.312161674486
0.953744493392 0.312522555034
0.953795379538 0.312883435583
0.953846153846 0.313244316131
0.953896816685 0.31360519668
0.953947368421 0.313966077228
0.953997809419 0.314326957777
0.954048140044 0.314687838326
0.954098360656 0.315048718874
0.954148471616 0.315409599423
0.954198473282 0.315770479971
0.954248366013 0.31613136052
0.954298150163 0.316492241068
0.954347826087 0.316853121617
0.954397394137 0.317214002165
0.954446854664 0.317574882714
0.954496208017 0.317935763262
0.954545454545 0.318296643811
0.954594594595 0.318657524359
0.953563714903 0.318657524359
0.952535059331 0.318657524359
0.952586206897 0.319018404908
0.952637244349 0.319379285457
0.952688172043 0.319740166005
0.952738990333 0.320101046554
0.952789699571 0.320461927102
0.952840300107 0.320822807651
0.952890792291 0.321183688199
0.952941176471 0.321544568748
0.952991452991 0.321905449296
0.953041622199 0.322266329845
0.953091684435 0.322627210393
0.953141640043 0.322988090942
0.953191489362 0.32334897149
0.953241232731 0.323709852039
0.953290870488 0.324070732588
0.953340402969 0.324431613136
0.953389830508 0.324792493685
0.953439153439 0.325153374233
0.953488372093 0.325514254782
0.9535374868 0.32587513533
0.95358649789 0.326236015879
0.95363540569 0.326596896427
0.953684210526 0.326957776976
0.953732912723 0.327318657524
0.953781512605 0.327679538073
0.953830010493 0.328040418621
0.953878406709 0.32840129917
0.953926701571 0.328762179719
0.953974895397 0.329123060267
0.952978056426 0.329123060267
0.953027139875 0.329483940816
0.953076120959 0.329844821364
0.953125 0.330205701913
0.953173777315 0.330566582461
0.953222453222 0.33092746301
0.953271028037 0.331288343558
0.953319502075 0.331649224107
0.953367875648 0.332010104655
0.952380952381 0.332010104655
0.952430196484 0.332370985204
0.952479338843 0.332731865752
0.951496388029 0.332731865752
0.951546391753 0.333092746301
0.951596292482 0.33345362685
0.951646090535 0.333814507398
0.951695786228 0.334175387947
0.951745379877 0.334536268495
0.951794871795 0.334897149044
0.951844262295 0.335258029592
0.951893551689 0.335618910141
0.951942740286 0.335979790689
0.951991828396 0.336340671238
0.952040816327 0.336701551786
0.952089704383 0.337062432335
0.952138492872 0.337423312883
0.952187182096 0.337784193432
0.952235772358 0.338145073981
0.952284263959 0.338505954529
0.952332657201 0.338866835078
0.952380952381 0.339227715626
0.952429149798 0.339588596175
0.952477249747 0.339949476723
0.952525252525 0.340310357272
0.952573158426 0.34067123782
0.952620967742 0.341032118369
0.952668680765 0.341392998917
0.952716297787 0.341753879466
0.952763819095 0.342114760014
0.95281124498 0.342475640563
0.952858575727 0.342836521112
0.952905811623 0.34319740166
0.952952952953 0.343558282209
0.953 0.343919162757
0.953046953047 0.344280043306
0.953093812375 0.344640923854
0.953140578265 0.345001804403
0.953187250996 0.345362684951
0.953233830846 0.3457235655
0.953280318091 0.346084446048
0.953326713009 0.346445326597
0.952380952381 0.346445326597
0.95242814668 0.346806207145
0.952475247525 0.347167087694
0.952522255193 0.347527968243
0.95256916996 0.347888848791
0.952615992103 0.34824972934
0.952662721893 0.348610609888
0.952709359606 0.348971490437
0.951771653543 0.348971490437
0.951819075713 0.349332370985
0.951866404715 0.349693251534
0.951913640824 0.350054132082
0.951960784314 0.350415012631
0.952007835455 0.350775893179
0.952054794521 0.351136773728
0.952101661779 0.351497654276
0.9521484375 0.351858534825
0.952195121951 0.352219415374
0.9522417154 0.352580295922
0.952288218111 0.352941176471
0.95233463035 0.353302057019
0.952380952381 0.353662937568
0.952427184466 0.354023818116
0.952473326867 0.354384698665
0.952519379845 0.354745579213
0.952565343659 0.355106459762
0.952611218569 0.35546734031
0.952657004831 0.355828220859
0.952702702703 0.356189101407
0.95274831244 0.356549981956
0.952793834297 0.356910862505
0.952839268527 0.357271743053
0.952884615385 0.357632623602
0.95292987512 0.35799350415
0.952975047985 0.358354384699
0.953020134228 0.358715265247
0.9530651341 0.359076145796
0.953110047847 0.359437026344
0.953154875717 0.359797906893
0.953199617956 0.360158787441
0.953244274809 0.36051966799
0.95328884652 0.360880548538
0.953333333333 0.361241429087
0.95337773549 0.361602309636
0.953422053232 0.361963190184
0.9534662868 0.362324070733
0.953510436433 0.362684951281
0.95355450237 0.36304583183
0.953598484848 0.363406712378
0.953642384106 0.363767592927
0.953686200378 0.364128473475
0.9537299339 0.364489354024
0.953773584906 0.364850234572
0.953817153629 0.365211115121
0.953860640301 0.365571995669
0.953904045155 0.365932876218
0.953947368421 0.366293756767
0.953051643192 0.366293756767
0.952157598499 0.366293756767
0.951265229616 0.366293756767
0.951310861423 0.366654637315
0.951356407858 0.367015517864
0.951401869159 0.367376398412
0.951447245565 0.367737278961
0.950559701493 0.367737278961
0.950605778192 0.368098159509
0.950651769088 0.368459040058
0.950697674419 0.368819920606
0.950743494424 0.369180801155
0.950789229341 0.369541681703
0.950834879406 0.369902562252
0.949953660797 0.369902562252
0.95 0.3702634428
0.950046253469 0.370624323349
0.950092421442 0.370985203898
0.950138504155 0.371346084446
0.950184501845 0.371706964995
0.950230414747 0.372067845543
0.950276243094 0.372428726092
0.950321987121 0.37278960664
0.950367647059 0.373150487189
0.95041322314 0.373511367737
0.950458715596 0.373872248286
0.950504124656 0.374233128834
0.950549450549 0.374594009383
0.950594693504 0.374954889931
0.949725776965 0.374954889931
0.949771689498 0.37531577048
0.949817518248 0.375676651029
0.949863263446 0.376037531577
0.949908925319 0.376398412126
0.949954504095 0.376759292674
0.95 0.377120173223
0.949137148047 0.377120173223
0.949183303085 0.377481053771
0.949229374433 0.37784193432
0.949275362319 0.378202814868
0.949321266968 0.378563695417
0.949367088608 0.378924575965
0.949412827462 0.379285456514
0.949458483755 0.379646337062
0.94950405771 0.380007217611
0.948648648649 0.380007217611
0.947794779478 0.380007217611
0.946942446043 0.380007217611
0.946990116801 0.38036809816
0.947037701975 0.380728978708
0.947085201794 0.381089859257
0.947132616487 0.381450739805
0.947179946285 0.381811620354
0.947227191413 0.382172500902
0.9472743521 0.382533381451
0.947321428571 0.382894261999
0.947368421053 0.383255142548
0.947415329768 0.383616023096
0.947462154942 0.383976903645
0.947508896797 0.384337784193
0.947555555556 0.384698664742
0.947602131439 0.385059545291
0.947648624667 0.385420425839
0.947695035461 0.385781306388
0.947741364039 0.386142186936
0.947787610619 0.386503067485
0.94783377542 0.386863948033
0.946996466431 0.386863948033
0.946160635481 0.386863948033
0.94532627866 0.386863948033
0.945374449339 0.387224828582
0.945422535211 0.38758570913
0.9454705365 0.387946589679
0.945518453427 0.388307470227
0.945566286216 0.388668350776
0.944736842105 0.388668350776
0.943908851884 0.388668350776
0.943957968476 0.389029231324
0.944006999125 0.389390111873
0.944055944056 0.389750992422
0.944104803493 0.39011187297
0.944153577661 0.390472753519
0.944202266783 0.390833634067
0.94425087108 0.391194514616
0.944299390775 0.391555395164
0.944347826087 0.391916275713
0.944396177237 0.392277156261
0.944444444444 0.39263803681
0.944492627927 0.392998917358
0.944540727903 0.393359797907
0.944588744589 0.393720678455
0.944636678201 0.394081559004
0.944684528954 0.394442439553
0.944732297064 0.394803320101
0.944779982744 0.39516420065
0.944827586207 0.395525081198
0.944875107666 0.395885961747
0.944922547332 0.396246842295
0.944969905417 0.396607722844
0.945017182131 0.396968603392
0.945064377682 0.397329483941
0.945111492281 0.397690364489
0.945158526135 0.398051245038
0.945205479452 0.398412125586
0.945252352438 0.398773006135
0.944444444444 0.398773006135
0.944491887276 0.399133886684
0.944539249147 0.399494767232
0.944586530264 0.399855647781
0.944633730835 0.400216528329
0.944680851064 0.400577408878
0.944727891156 0.400938289426
0.944774851317 0.401299169975
0.944821731749 0.401660050523
0.944020356234 0.401660050523
0.94406779661 0.402020931072
0.944115156647 0.40238181162
0.944162436548 0.402742692169
0.944209636517 0.403103572717
0.944256756757 0.403464453266
0.944303797468 0.403825333815
0.944350758853 0.404186214363
0.944397641112 0.404547094912
0.944444444444 0.40490797546
0.94449116905 0.405268856009
0.944537815126 0.405629736557
0.944584382872 0.405990617106
0.944630872483 0.406351497654
0.944677284158 0.406712378203
0.94472361809 0.407073258751
0.944769874477 0.4074341393
0.944816053512 0.407795019848
0.944862155388 0.408155900397
0.944908180301 0.408516780946
0.94495412844 0.408877661494
0.945 0.409238542043
0.945045795171 0.409599422591
0.945091514143 0.40996030314
0.945137157107 0.410321183688
0.945182724252 0.410682064237
0.945228215768 0.411042944785
0.945273631841 0.411403825334
0.945318972659 0.411764705882
0.945364238411 0.412125586431
0.944582299421 0.412125586431
0.944628099174 0.412486466979
0.944673823287 0.412847347528
0.944719471947 0.413208228077
0.944765045342 0.413569108625
0.944810543657 0.413929989174
0.944855967078 0.414290869722
0.944901315789 0.414651750271
0.944946589975 0.415012630819
0.944991789819 0.415373511368
0.945036915505 0.415734391916
0.945081967213 0.416095272465
0.945126945127 0.416456153013
0.945171849427 0.416817033562
0.945216680294 0.41717791411
0.945261437908 0.417538794659
0.945306122449 0.417899675208
0.945350734095 0.418260555756
0.945395273024 0.418621436305
0.945439739414 0.418982316853
0.945484133442 0.419343197402
0.945528455285 0.41970407795
0.945572705118 0.420064958499
0.945616883117 0.420425839047
0.945660989457 0.420786719596
0.945705024311 0.421147600144
0.945748987854 0.421508480693
0.945792880259 0.421869361241
0.945836701698 0.42223024179
0.945880452342 0.422591122339
0.945924132365 0.422952002887
0.945967741935 0.423312883436
0.946011281225 0.423673763984
0.946054750403 0.424034644533
0.946098149638 0.424395525081
0.9461414791 0.42475640563
0.946184738956 0.425117286178
0.946227929374 0.425478166727
0.946271050521 0.425839047275
0.945512820513 0.425839047275
0.945556445156 0.426199927824
0.9456 0.426560808372
0.945643485212 0.426921688921
0.945686900958 0.42728256947
0.945730247406 0.427643450018
0.945773524721 0.428004330567
0.945816733068 0.428365211115
0.945859872611 0.428726091664
0.945902943516 0.429086972212
0.945945945946 0.429447852761
0.945988880064 0.429808733309
0.946031746032 0.430169613858
0.946074544013 0.430530494406
0.946117274168 0.430891374955
0.946159936659 0.431252255503
0.946202531646 0.431613136052
0.946245059289 0.431974016601
0.946287519747 0.432334897149
0.946329913181 0.432695777698
0.946372239748 0.433056658246
0.946414499606 0.433417538795
0.946456692913 0.433778419343
0.946498819827 0.434139299892
0.946540880503 0.43450018044
0.946582875098 0.434861060989
0.946624803768 0.435221941537
0.946666666667 0.435582822086
0.94670846395 0.435943702634
0.946750195771 0.436304583183
0.946791862285 0.436665463732
0.946833463643 0.43702634428
0.946875 0.437387224829
0.946916471507 0.437748105377
0.946957878315 0.438108985926
0.946999220577 0.438469866474
0.947040498442 0.438830747023
0.947081712062 0.439191627571
0.947122861586 0.43955250812
0.947163947164 0.439913388668
0.947204968944 0.440274269217
0.947245927075 0.440635149765
0.947286821705 0.440996030314
0.947327652982 0.441356910863
0.947368421053 0.441717791411
0.947409126063 0.44207867196
0.947449768161 0.442439552508
0.94749034749 0.442800433057
0.947530864198 0.443161313605
0.947571318427 0.443522194154
0.947611710324 0.443883074702
0.947652040031 0.444243955251
0.947692307692 0.444604835799
0.947732513451 0.444965716348
0.94777265745 0.445326596896
0.947812739831 0.445687477445
0.947852760736 0.446048357994
0.947892720307 0.446409238542
0.947932618683 0.446770119091
0.947972456006 0.447130999639
0.948012232416 0.447491880188
0.948051948052 0.447852760736
0.948091603053 0.448213641285
0.948131197559 0.448574521833
0.948170731707 0.448935402382
0.948210205636 0.44929628293
0.948249619482 0.449657163479
0.948288973384 0.450018044027
0.948328267477 0.450378924576
0.948367501898 0.450739805125
0.948406676783 0.451100685673
0.948445792267 0.451461566222
0.948484848485 0.45182244677
0.948523845572 0.452183327319
0.948562783661 0.452544207867
0.948601662887 0.452905088416
0.948640483384 0.453265968964
0.948679245283 0.453626849513
0.948717948718 0.453987730061
0.948003014318 0.453987730061
0.948042168675 0.45434861061
0.948081264108 0.454709491158
0.948120300752 0.455070371707
0.948159278738 0.455431252256
0.948198198198 0.455792132804
0.948237059265 0.456153013353
0.948275862069 0.456513893901
0.948314606742 0.45687477445
0.948353293413 0.457235654998
0.948391922214 0.457596535547
0.948430493274 0.457957416095
0.948469006721 0.458318296644
0.948507462687 0.458679177192
0.948545861298 0.459040057741
0.948584202683 0.459400938289
0.948622486969 0.459761818838
0.948660714286 0.460122699387
0.948698884758 0.460483579935
0.948736998514 0.460844460484
0.948775055679 0.461205341032
0.94881305638 0.461566221581
0.948851000741 0.461927102129
0.948888888889 0.462287982678
0.948926720947 0.462648863226
0.948964497041 0.463009743775
0.949002217295 0.463370624323
0.949039881832 0.463731504872
0.949077490775 0.46409238542
0.949115044248 0.464453265969
0.949152542373 0.464814146518
0.949189985272 0.465175027066
0.949227373068 0.465535907615
0.949264705882 0.465896788163
0.949301983835 0.466257668712
0.949339207048 0.46661854926
0.949376375642 0.466979429809
0.949413489736 0.467340310357
0.949450549451 0.467701190906
0.949487554905 0.468062071454
0.949524506218 0.468422952003
0.949561403509 0.468783832551
0.949598246896 0.4691447131
0.949635036496 0.469505593649
0.949671772429 0.469866474197
0.94970845481 0.470227354746
0.949745083758 0.470588235294
0.949781659389 0.470949115843
0.949818181818 0.471309996391
0.949854651163 0.47167087694
0.949891067538 0.472031757488
0.94992743106 0.472392638037
0.949963741842 0.472753518585
0.95 0.473114399134
0.950036205648 0.473475279682
0.9500723589 0.473836160231
0.95010845987 0.47419704078
0.950144508671 0.474557921328
0.950180505415 0.474918801877
0.950216450216 0.475279682425
0.950252343187 0.475640562974
0.950288184438 0.476001443522
0.949604031677 0.476001443522
0.94964028777 0.476362324071
0.949676491733 0.476723204619
0.949712643678 0.477084085168
0.949748743719 0.477444965716
0.949784791966 0.477805846265
0.94982078853 0.478166726813
0.949856733524 0.478527607362
0.949892627058 0.478888487911
0.949928469242 0.479249368459
0.949964260186 0.479610249008
0.95 0.479971129556
0.950035688794 0.480332010105
0.950071326676 0.480692890653
0.950106913756 0.481053771202
0.950142450142 0.48141465175
0.949466192171 0.48141465175
0.949502133713 0.481775532299
0.949538024165 0.482136412847
0.949573863636 0.482497293396
0.949609652236 0.482858173944
0.949645390071 0.483219054493
0.94968107725 0.483579935042
0.949716713881 0.48394081559
0.949752300071 0.484301696139
0.949787835926 0.484662576687
0.949116607774 0.484662576687
0.949152542373 0.485023457236
0.949188426253 0.485384337784
0.94922425952 0.485745218333
0.949260042283 0.486106098881
0.949295774648 0.48646697943
0.948627726953 0.48646697943
0.948663853727 0.486827859978
0.948699929726 0.487188740527
0.948735955056 0.487549621075
0.948771929825 0.487910501624
0.948807854137 0.488271382173
0.948843728101 0.488632262721
0.948879551821 0.48899314327
0.948915325402 0.489354023818
0.948951048951 0.489714904367
0.948986722572 0.490075784915
0.949022346369 0.490436665464
0.949057920447 0.490797546012
0.949093444909 0.491158426561
0.949128919861 0.491519307109
0.949164345404 0.491880187658
0.949199721642 0.492241068206
0.949235048679 0.492601948755
0.949270326616 0.492962829304
0.949305555556 0.493323709852
0.9493407356 0.493684590401
0.948682385576 0.493684590401
0.948024948025 0.493684590401
0.947368421053 0.493684590401
0.947404844291 0.494045470949
0.947441217151 0.494406351498
0.947477539737 0.494767232046
0.947513812155 0.495128112595
0.947550034507 0.495488993143
0.947586206897 0.495849873692
0.947622329428 0.49621075424
0.947658402204 0.496571634789
0.947694425327 0.496932515337
0.9477303989 0.497293395886
0.947766323024 0.497654276435
0.947802197802 0.498015156983
0.947838023336 0.498376037532
0.947187928669 0.498376037532
0.946538725154 0.498376037532
0.946575342466 0.49873691808
0.946611909651 0.499097798629
0.946648426813 0.499458679177
0.946684894053 0.499819559726
0.946721311475 0.500180440274
0.946757679181 0.500541320823
0.946793997271 0.500902201371
0.946830265849 0.50126308192
0.946866485014 0.501623962468
0.946902654867 0.501984843017
0.94693877551 0.502345723565
0.946974847043 0.502706604114
0.947010869565 0.503067484663
0.947046843177 0.503428365211
0.947082767978 0.50378924576
0.947118644068 0.504150126308
0.947154471545 0.504511006857
0.947190250508 0.504871887405
0.947225981055 0.505232767954
0.947261663286 0.505593648502
0.947297297297 0.505954529051
0.947332883187 0.506315409599
0.947368421053 0.506676290148
0.946729602158 0.506676290148
0.946765498652 0.507037170696
0.946801346801 0.507398051245
0.946837146703 0.507758931794
0.946872898453 0.508119812342
0.946908602151 0.508480692891
0.946944257891 0.508841573439
0.946979865772 0.509202453988
0.947015425889 0.509563334536
0.947050938338 0.509924215085
0.947086403215 0.510285095633
0.947121820616 0.510645976182
0.947157190635 0.51100685673
0.947192513369 0.511367737279
0.947227788911 0.511728617827
0.947263017356 0.512089498376
0.947298198799 0.512450378925
0.947333333333 0.512811259473
0.947368421053 0.513172140022
0.947403462051 0.51353302057
0.94743845642 0.513893901119
0.946808510638 0.513893901119
0.946843853821 0.514254781667
0.946879150066 0.514615662216
0.946914399469 0.514976542764
0.946949602122 0.515337423313
0.946984758118 0.515698303861
0.94701986755 0.51605918441
0.94705493051 0.516420064958
0.94708994709 0.516780945507
0.947124917383 0.517141826056
0.94715984148 0.517502706604
0.947194719472 0.517863587153
0.947229551451 0.518224467701
0.947264337508 0.51858534825
0.947299077734 0.518946228798
0.947333772219 0.519307109347
0.947368421053 0.519667989895
0.947403024326 0.520028870444
0.947437582129 0.520389750992
0.946815495732 0.520389750992
0.946850393701 0.520750631541
0.946885245902 0.521111512089
0.946920052425 0.521472392638
0.94695481336 0.521833273187
0.946989528796 0.522194153735
0.947024198823 0.522555034284
0.947058823529 0.522915914832
0.947093403005 0.523276795381
0.947127937337 0.523637675929
0.947162426614 0.523998556478
0.947196870926 0.524359437026
0.947231270358 0.524720317575
0.947265625 0.525081198123
0.947299934938 0.525442078672
0.94733420026 0.52580295922
0.947368421053 0.526163839769
0.947402597403 0.526524720318
0.947436729396 0.526885600866
0.947470817121 0.527246481415
0.947504860661 0.527607361963
0.947538860104 0.527968242512
0.947572815534 0.52832912306
0.947606727038 0.528690003609
0.947640594699 0.529050884157
0.947674418605 0.529411764706
0.947708198838 0.529772645254
0.947741935484 0.530133525803
0.947775628627 0.530494406351
0.947809278351 0.5308552869
0.947842884739 0.531216167449
0.947876447876 0.531577047997
0.947909967846 0.531937928546
0.94794344473 0.532298809094
0.947976878613 0.532659689643
0.948010269576 0.533020570191
0.948043617704 0.53338145074
0.948076923077 0.533742331288
0.948110185778 0.534103211837
0.94814340589 0.534464092385
0.948176583493 0.534824972934
0.94820971867 0.535185853482
0.948242811502 0.535546734031
0.948275862069 0.53590761458
0.948308870453 0.536268495128
0.948341836735 0.536629375677
0.948374760994 0.536990256225
0.948407643312 0.537351136774
0.948440483768 0.537712017322
0.948473282443 0.538072897871
0.948506039415 0.538433778419
0.948538754765 0.538794658968
0.948571428571 0.539155539516
0.948604060914 0.539516420065
0.948636651871 0.539877300613
0.948669201521 0.540238181162
0.948701709943 0.540599061711
0.948734177215 0.540959942259
0.948766603416 0.541320822808
0.94816687737 0.541320822808
0.948199620973 0.541681703356
0.948232323232 0.542042583905
0.948264984227 0.542403464453
0.948297604035 0.542764345002
0.948330182735 0.54312522555
0.948362720403 0.543486106099
0.948395217118 0.543846986647
0.948427672956 0.544207867196
0.948460087995 0.544568747744
0.947864321608 0.544568747744
0.947897049592 0.544929628293
0.947929736512 0.545290508842
0.947962382445 0.54565138939
0.947994987469 0.546012269939
0.947401377583 0.546012269939
0.947434292866 0.546373150487
0.947467166979 0.546734031036
0.9475 0.547094911584
0.947532792005 0.547455792133
0.947565543071 0.547816672681
0.947598253275 0.54817755323
0.947630922693 0.548538433778
0.947663551402 0.548899314327
0.947073474471 0.548899314327
0.947106409459 0.549260194875
0.947139303483 0.549621075424
0.947172156619 0.549981955973
0.947204968944 0.550342836521
0.947237740534 0.55070371707
0.946650124069 0.55070371707
0.946063236206 0.55070371707
0.946096654275 0.551064597618
0.94613003096 0.551425478167
0.946163366337 0.551786358715
0.946196660482 0.552147239264
0.946229913473 0.552508119812
0.946263125386 0.552869000361
0.946296296296 0.553229880909
0.94632942628 0.553590761458
0.946362515413 0.553951642006
0.946395563771 0.554312522555
0.946428571429 0.554673403104
0.946461538462 0.555034283652
0.945879458795 0.555034283652
0.945912722803 0.555395164201
0.945945945946 0.555756044749
0.9459791283 0.556116925298
0.946012269939 0.556477805846
0.946045370938 0.556838686395
0.945465686275 0.556838686395
0.944886711574 0.556838686395
0.944920440636 0.557199566943
0.94495412844 0.557560447492
0.944987775061 0.55792132804
0.945021380574 0.558282208589
0.945054945055 0.558643089137
0.945088468578 0.559003969686
0.94512195122 0.559364850235
0.945155393053 0.559725730783
0.945188794153 0.560086611332
0.945222154595 0.56044749188
0.945255474453 0.560808372429
0.945288753799 0.561169252977
0.94532199271 0.561530133526
0.945355191257 0.561891014074
0.945388349515 0.562251894623
0.945421467556 0.562612775171
0.945454545455 0.56297365572
0.945487583283 0.563334536268
0.945520581114 0.563695416817
0.94555353902 0.564056297366
0.945586457074 0.564417177914
0.945619335347 0.564778058463
0.945652173913 0.565138939011
0.945684972842 0.56549981956
0.945717732207 0.565860700108
0.94575045208 0.566221580657
0.94578313253 0.566582461205
0.94581577363 0.566943341754
0.945848375451 0.567304222302
0.945880938064 0.567665102851
0.945913461538 0.568025983399
0.945945945946 0.568386863948
0.945978391357 0.568747744497
0.945410917816 0.568747744497
0.945443645084 0.569108625045
0.945476333134 0.569469505594
0.945508982036 0.569830386142
0.945541591861 0.570191266691
0.945574162679 0.570552147239
0.945606694561 0.570913027788
0.945639187575 0.571273908336
0.945671641791 0.571634788885
0.945704057279 0.571995669433
0.945736434109 0.572356549982
0.945768772348 0.57271743053
0.945801072067 0.573078311079
0.945833333333 0.573439191628
0.945865556217 0.573800072176
0.945897740785 0.574160952725
0.945929887106 0.574521833273
0.945961995249 0.574882713822
0.945994065282 0.57524359437
0.946026097272 0.575604474919
0.946058091286 0.575965355467
0.946090047393 0.576326236016
0.94612196566 0.576687116564
0.946153846154 0.577047997113
0.946185688941 0.577408877661
0.945626477541 0.577408877661
0.945067926757 0.577408877661
0.945100354191 0.57776975821
0.945132743363 0.578130638759
0.94516509434 0.578491519307
0.945197407189 0.578852399856
0.945229681979 0.579213280404
0.945261918776 0.579574160953
0.945294117647 0.579935041501
0.94532627866 0.58029592205
0.94535840188 0.580656802598
0.945390487375 0.581017683147
0.945422535211 0.581378563695
0.945454545455 0.581739444244
0.945486518171 0.582100324792
0.945518453427 0.582461205341
0.944964871194 0.582461205341
0.944411936805 0.582461205341
0.944444444444 0.58282208589
0.944476914085 0.583182966438
0.944509345794 0.583543846987
0.944541739638 0.583904727535
0.944574095683 0.584265608084
0.944606413994 0.584626488632
0.944638694639 0.584987369181
0.9440885265 0.584987369181
0.944121071013 0.585348249729
0.944153577661 0.585709130278
0.944186046512 0.586070010826
0.944218477629 0.586430891375
0.94425087108 0.586791771923
0.94428322693 0.587152652472
0.944315545244 0.587513533021
0.944347826087 0.587874413569
0.944380069525 0.588235294118
0.944412275622 0.588596174666
0.943865740741 0.588596174666
0.943898207056 0.588957055215
0.943930635838 0.589317935763
0.943963027152 0.589678816312
0.943995381062 0.59003969686
0.944027697634 0.590400577409
0.944059976932 0.590761457957
0.943515850144 0.590761457957
0.94297235023 0.590761457957
0.943005181347 0.591122338506
0.943037974684 0.591483219054
0.943070730305 0.591844099603
0.943103448276 0.592204980152
0.943136128662 0.5925658607
0.943168771527 0.592926741249
0.943201376936 0.593287621797
0.943233944954 0.593648502346
0.942693409742 0.593648502346
0.942726231386 0.594009382894
0.942759015455 0.594370263443
0.942791762014 0.594731143991
0.942824471126 0.59509202454
0.942857142857 0.595452905088
0.94288977727 0.595813785637
0.942922374429 0.596174666185
0.942954934398 0.596535546734
0.942987457241 0.596896427283
0.94301994302 0.597257307831
0.9430523918 0.59761818838
0.943084803643 0.597979068928
0.943117178612 0.598339949477
0.943149516771 0.598700830025
0.943181818182 0.599061710574
0.943214082907 0.599422591122
0.94324631101 0.599783471671
0.943278502552 0.600144352219
0.943310657596 0.600505232768
0.942776203966 0.600505232768
0.942808607022 0.600866113316
0.942840973401 0.601226993865
0.942873303167 0.601587874414
0.942905596382 0.601948754962
0.942937853107 0.602309635511
0.942970073405 0.602670516059
0.943002257336 0.603031396608
0.943034404963 0.603392277156
0.943066516347 0.603753157705
0.943098591549 0.604114038253
0.943130630631 0.604474918802
0.943162633652 0.60483579935
0.943194600675 0.605196679899
0.943226531759 0.605557560447
0.943258426966 0.605918440996
0.943290286356 0.606279321545
0.943322109989 0.606640202093
0.943353897925 0.607001082642
0.943385650224 0.60736196319
0.943417366947 0.607722843739
0.943449048152 0.608083724287
0.9434806939 0.608444604836
0.943512304251 0.608805485384
0.943543879262 0.609166365933
0.943575418994 0.609527246481
0.943606923506 0.60988812703
0.943638392857 0.610249007578
0.943669827105 0.610609888127
0.94370122631 0.610970768676
0.943732590529 0.611331649224
0.943763919822 0.611692529773
0.943795214246 0.612053410321
0.94382647386 0.61241429087
0.943857698722 0.612775171418
0.943888888889 0.613136051967
0.94392004442 0.613496932515
0.943951165372 0.613857813064
0.943982251803 0.614218693612
0.944013303769 0.614579574161
0.94404432133 0.614940454709
0.943521594684 0.614940454709
0.942999446597 0.614940454709
0.942477876106 0.614940454709
0.942509673853 0.615301335258
0.942541436464 0.615662215807
0.942573163998 0.616023096355
0.942604856512 0.616383976904
0.942636514065 0.616744857452
0.942668136714 0.617105738001
0.942699724518 0.617466618549
0.942731277533 0.617827499098
0.942762795817 0.618188379646
0.942794279428 0.618549260195
0.942825728422 0.618910140743
0.942857142857 0.619271021292
0.94288852279 0.61963190184
0.942919868277 0.619992782389
0.942951179375 0.620353662938
0.94298245614 0.620714543486
0.94301369863 0.621075424035
0.9430449069 0.621436304583
0.943076081007 0.621797185132
0.943107221007 0.62215806568
0.943138326955 0.622518946229
0.943169398907 0.622879826777
0.94320043692 0.623240707326
0.943231441048 0.623601587874
0.943262411348 0.623962468423
0.942748091603 0.623962468423
0.942234332425 0.623962468423
0.941721132898 0.623962468423
0.941752857921 0.624323348971
0.941784548422 0.62468422952
0.941816204459 0.625045110069
0.941847826087 0.625405990617
0.941879413362 0.625766871166
0.941910966341 0.626127751714
0.941399891481 0.626127751714
0.940889370933 0.626127751714
0.940921409214 0.626488632263
0.940411700975 0.626488632263
0.939902544667 0.626488632263
0.939935064935 0.626849512811
0.939967550027 0.62721039336
0.94 0.627571273908
0.940032414911 0.627932154457
0.940064794816 0.628293035005
0.939557474366 0.628293035005
0.939590075512 0.628653915554
0.939622641509 0.629014796102
0.939655172414 0.629375676651
0.939687668282 0.6297365572
0.939720129171 0.630097437748
0.939752555137 0.630458318297
0.939784946237 0.630819198845
0.939817302526 0.631180079394
0.93984962406 0.631540959942
0.939881910896 0.631901840491
0.93991416309 0.632262721039
0.939946380697 0.632623601588
0.939978563773 0.632984482136
0.940010712373 0.633345362685
0.940042826552 0.633706243233
0.940074906367 0.634067123782
0.940106951872 0.634428004331
0.940138963121 0.634788884879
0.939636752137 0.634788884879
0.939135077416 0.634788884879
0.93916755603 0.635149765428
0.9392 0.635510645976
0.939232409382 0.635871526525
0.93926478423 0.636232407073
0.939297124601 0.636593287622
0.939329430548 0.63695416817
0.939361702128 0.637315048719
0.939393939394 0.637675929267
0.939426142402 0.638036809816
0.939458311206 0.638397690364
0.93949044586 0.638758570913
0.939522546419 0.639119451462
0.939554612937 0.63948033201
0.939056703763 0.63948033201
0.938559322034 0.63948033201
0.938591847538 0.639841212559
0.938624338624 0.640202093107
0.938656795346 0.640562973656
0.938689217759 0.640923854204
0.938721605917 0.641284734753
0.938753959873 0.641645615301
0.938786279683 0.64200649585
0.938818565401 0.642367376398
0.93885081708 0.642728256947
0.938883034773 0.643089137495
0.938915218536 0.643450018044
0.938947368421 0.643810898593
0.938979484482 0.644171779141
0.939011566772 0.64453265969
0.939043615344 0.644893540238
0.939075630252 0.645254420787
0.939107611549 0.645615301335
0.939139559286 0.645976181884
0.939171473519 0.646337062432
0.939203354298 0.646697942981
0.939235201676 0.647058823529
0.939267015707 0.647419704078
0.939298796442 0.647780584626
0.938807531381 0.647780584626
0.93883951908 0.648141465175
0.938871473354 0.648502345724
0.938903394256 0.648863226272
0.938935281837 0.649224106821
0.93896713615 0.649584987369
0.938477580813 0.649584987369
0.938509640438 0.649945867918
0.938541666667 0.650306748466
0.938573659552 0.650667629015
0.938085327784 0.650667629015
0.9375975039 0.650667629015
0.93711018711 0.650667629015
0.937142857143 0.651028509563
0.93717549325 0.651389390112
0.937208095485 0.65175027066
0.9372406639 0.652111151209
0.937273198548 0.652472031757
0.937305699482 0.652832912306
0.937338166753 0.653193792855
0.937370600414 0.653554673403
0.937403000517 0.653915553952
0.937435367115 0.6542764345
0.937467700258 0.654637315049
0.9375 0.654998195597
0.937532266391 0.655359076146
0.937564499484 0.655719956694
0.93759669933 0.656080837243
0.937628865979 0.656441717791
0.937660999485 0.65680259834
0.937693099897 0.657163478888
0.937725167267 0.657524359437
0.937242798354 0.657524359437
0.937275064267 0.657885239986
0.93730729702 0.658246120534
0.937339496662 0.658607001083
0.937371663244 0.658967881631
0.937403796819 0.65932876218
0.937435897436 0.659689642728
0.937467965146 0.660050523277
0.9375 0.660411403825
0.937532002048 0.660772284374
0.937052200614 0.660772284374
0.936572890026 0.660772284374
0.936605316973 0.661133164922
0.936637710782 0.661494045471
0.936670071502 0.661854926019
0.936702399183 0.662215806568
0.936734693878 0.662576687117
0.936766955635 0.662937567665
0.936799184506 0.663298448214
0.93683138054 0.663659328762
0.936863543788 0.664020209311
0.9368956743 0.664381089859
0.936927772126 0.664741970408
0.936959837316 0.665102850956
0.936991869919 0.665463731505
0.937023869985 0.665824612053
0.937055837563 0.666185492602
0.937087772704 0.66654637315
0.937119675456 0.666907253699
0.937151545869 0.667268134248
0.937183383992 0.667629014796
0.937215189873 0.667989895345
0.936740890688 0.667989895345
0.936772888214 0.668350775893
0.936804853387 0.668711656442
0.936836786256 0.66907253699
0.936868686869 0.669433417539
0.936900555275 0.669794298087
0.936932391524 0.670155178636
0.936964195663 0.670516059184
0.936995967742 0.670876939733
0.937027707809 0.671237820281
0.937059415911 0.67159870083
0.937091092099 0.671959581379
0.937122736419 0.672320461927
0.937154348919 0.672681342476
0.937185929648 0.673042223024
0.937217478654 0.673403103573
0.937248995984 0.673763984121
0.937280481686 0.67412486467
0.937311935807 0.674485745218
0.937343358396 0.674846625767
0.936873747495 0.674846625767
0.93640460691 0.674846625767
0.936436436436 0.675207506315
0.936468234117 0.675568386864
0.9365 0.675929267412
0.936531734133 0.676290147961
0.936563436563 0.67665102851
0.936595107339 0.677011909058
0.936626746507 0.677372789607
0.936658354115 0.677733670155
0.936689930209 0.678094550704
0.936721474838 0.678455431252
0.936752988048 0.678816311801
0.936784469886 0.679177192349
0.936815920398 0.679538072898
0.936847339632 0.679898953446
0.936878727634 0.680259833995
0.936910084451 0.680620714543
0.936941410129 0.680981595092
0.936972704715 0.681342475641
0.937003968254 0.681703356189
0.937035200793 0.682064236738
0.937066402379 0.682425117286
0.937097573056 0.682785997835
0.937128712871 0.683146878383
0.93715982187 0.683507758932
0.937190900099 0.68386863948
0.937221947603 0.684229520029
0.936758893281 0.684229520029
0.936296296296 0.684229520029
0.936327739388 0.684590400577
0.936359151455 0.684951281126
0.936390532544 0.685312161674
0.936421882701 0.685673042223
0.93645320197 0.686033922772
0.936484490399 0.68639480332
0.936515748031 0.686755683869
0.936546974914 0.687116564417
0.936578171091 0.687477444966
0.936609336609 0.687838325514
0.936640471513 0.688199206063
0.936671575847 0.688560086611
0.936702649657 0.68892096716
0.936733692987 0.689281847708
0.936274509804 0.689281847708
0.936305732484 0.689642728257
0.936336924584 0.690003608805
0.936368086148 0.690364489354
0.936399217221 0.690725369903
0.935941320293 0.690725369903
0.935972629521 0.691086250451
0.936003908158 0.691447131
0.93603515625 0.691808011548
0.936066373841 0.692168892097
0.936097560976 0.692529772645
0.935641150658 0.692529772645
0.93567251462 0.692890653194
0.935703848027 0.693251533742
0.935735150925 0.693612414291
0.935766423358 0.693973294839
0.93579766537 0.694334175388
0.935828877005 0.694695055936
0.935860058309 0.695055936485
0.935891209325 0.695416817034
0.935922330097 0.695777697582
0.93595342067 0.696138578131
0.935984481086 0.696499458679
0.936015511391 0.696860339228
0.936046511628 0.697221219776
0.93607748184 0.697582100325
0.936108422072 0.697942980873
0.935655539429 0.697942980873
0.935686653772 0.698303861422
0.935717738038 0.69866474197
0.935748792271 0.699025622519
0.935779816514 0.699386503067
0.935328185328 0.699386503067
0.935359382537 0.699747383616
0.935390549662 0.700108264165
0.935421686747 0.700469144713
0.935452793834 0.700830025262
0.935483870968 0.70119090581
0.935514918191 0.701551786359
0.935545935546 0.701912666907
0.935096153846 0.701912666907
0.935127342624 0.702273547456
0.935158501441 0.702634428004
0.935189630341 0.702995308553
0.934740882917 0.702995308553
0.934772182254 0.703356189101
0.934803451582 0.70371706965
0.934834690944 0.704077950198
0.934865900383 0.704438830747
0.934897079943 0.704799711296
0.934928229665 0.705160591844
0.934959349593 0.705521472393
0.934990439771 0.705882352941
0.935021500239 0.70624323349
0.934574976122 0.70624323349
0.934606205251 0.706604114038
0.93463740458 0.706964994587
0.934191702432 0.706964994587
0.93422306959 0.707325875135
0.933777989519 0.707325875135
0.93380952381 0.707686755684
0.933841028082 0.708047636232
0.933872502379 0.708408516781
0.933903946743 0.708769397329
0.933935361217 0.709130277878
0.933966745843 0.709491158427
0.933998100665 0.709852038975
0.934029425724 0.710212919524
0.934060721063 0.710573800072
0.933617828355 0.710573800072
0.9336492891 0.710934680621
0.933680720038 0.711295561169
0.933712121212 0.711656441718
0.933743492664 0.712017322266
0.933774834437 0.712378202815
0.933333333333 0.712378202815
0.932892249527 0.712378202815
0.932923948984 0.712739083363
0.932955618508 0.713099963912
0.932987258141 0.71346084446
0.933018867925 0.713821725009
0.933050447902 0.714182605558
0.933081998115 0.714543486106
0.933113518606 0.714904366655
0.933145009416 0.715265247203
0.932705882353 0.715265247203
0.932737535278 0.715626127752
0.932769158439 0.7159870083
0.93280075188 0.716347888849
0.932832315641 0.716708769397
0.932863849765 0.717069649946
0.932895354294 0.717430530494
0.932457786116 0.717430530494
0.932489451477 0.717791411043
0.93252108716 0.718152291591
0.932552693208 0.71851317214
0.932116104869 0.71851317214
0.932147870847 0.718874052689
0.932179607109 0.719234933237
0.932211313698 0.719595813786
0.932242990654 0.719956694334
0.931807566558 0.719956694334
0.931839402428 0.720317574883
0.931871208586 0.720678455431
0.931902985075 0.72103933598
0.931468531469 0.72103933598
0.931500465983 0.721400216528
0.93153237075 0.721761097077
0.93156424581 0.722121977625
0.931596091205 0.722482858174
0.931627906977 0.722843738722
0.931194793119 0.722843738722
0.931226765799 0.723204619271
0.931258708778 0.72356549982
0.930826369545 0.72356549982
0.930858468677 0.723926380368
0.930890538033 0.724287260917
0.930922577654 0.724648141465
0.930491195551 0.724648141465
0.930523390459 0.725009022014
0.930555555556 0.725369902562
0.930124942156 0.725369902562
0.930157261795 0.725730783111
0.930189551549 0.726091663659
0.93022181146 0.726452544208
0.93025404157 0.726813424756
0.930286241921 0.727174305305
0.930318412552 0.727535185853
0.929889298893 0.727535185853
0.929921622868 0.727896066402
0.929953917051 0.728256946951
0.929525564256 0.728256946951
0.929097605893 0.728256946951
0.928670041417 0.728256946951
0.928702851886 0.728617827499
0.928275862069 0.728617827499
0.928308823529 0.728978708048
0.927882406982 0.728978708048
0.927456382002 0.728978708048
0.927489674162 0.729339588596
0.92752293578 0.729700469145
0.927556166896 0.730061349693
0.927589367553 0.730422230242
0.927622537792 0.73078311079
0.927197802198 0.73078311079
0.926773455378 0.73078311079
0.926806953339 0.731143991339
0.926840420668 0.731504871887
0.926873857404 0.731865752436
0.926907263591 0.732226632984
0.926940639269 0.732587513533
0.926973984482 0.732948394082
0.92700729927 0.73330927463
0.927040583675 0.733670155179
0.927073837739 0.734031035727
0.927107061503 0.734391916276
0.927140255009 0.734752796824
0.927173418298 0.735113677373
0.92720655141 0.735474557921
0.927239654388 0.73583543847
0.927272727273 0.736196319018
0.927305770104 0.736557199567
0.927338782925 0.736918080115
0.927371765774 0.737278960664
0.927404718693 0.737639841213
0.926984126984 0.737639841213
0.927017225748 0.738000721761
0.927050294517 0.73836160231
0.926630434783 0.73836160231
0.92666364871 0.738722482858
0.926696832579 0.739083363407
0.926729986431 0.739444243955
0.926763110307 0.739805124504
0.926796204248 0.740166005052
0.926377597109 0.740166005052
0.925959367946 0.740166005052
0.925992779783 0.740526885601
0.926026161479 0.740887766149
0.926059513075 0.741248646698
0.92609283461 0.741609527246
0.926126126126 0.741970407795
0.926159387663 0.742331288344
0.925742574257 0.742331288344
0.925326135852 0.742331288344
0.92535971223 0.742692168892
0.924943820225 0.742692168892
0.924528301887 0.742692168892
0.924562191289 0.743053049441
0.924596050269 0.743413929989
0.924629878869 0.743774810538
0.92466367713 0.744135691086
0.924697445092 0.744496571635
0.924731182796 0.744857452183
0.924764890282 0.745218332732
0.924798567592 0.74557921328
0.924384787472 0.74557921328
0.924418604651 0.745940093829
0.924452391596 0.746300974377
0.924486148347 0.746661854926
0.924073246985 0.746661854926
0.924107142857 0.747022735475
0.923694779116 0.747022735475
0.923282783229 0.747022735475
0.923316986179 0.747383616023
0.923351158645 0.747744496572
0.923385300668 0.74810537712
0.923419412289 0.748466257669
0.923453493547 0.748827138217
0.923487544484 0.749188018766
0.923076923077 0.749188018766
0.923111111111 0.749548899314
0.923145268769 0.749909779863
0.922735346359 0.749909779863
0.922325787838 0.749909779863
0.922360248447 0.750270660411
0.921951219512 0.750270660411
0.921542553191 0.750270660411
0.92157731502 0.75063154096
0.921169176262 0.75063154096
0.921204072598 0.750992421508
0.921238938053 0.751353302057
0.920831490491 0.751353302057
0.920866489832 0.751714182606
0.920901458241 0.752075063154
0.920494699647 0.752075063154
0.920529801325 0.752435943703
0.920123565755 0.752435943703
0.920158800176 0.752796824251
0.91975308642 0.752796824251
0.919788453063 0.7531577048
0.919823788546 0.753518585348
0.919859092911 0.753879465897
0.919894366197 0.754240346445
0.919929608447 0.754601226994
0.919964819701 0.754962107542
0.92 0.755322988091
0.919595782074 0.755322988091
0.919631093544 0.755683868639
0.91922739245 0.755683868639
0.919262834577 0.756044749188
0.919298245614 0.756405629737
0.918895221394 0.756405629737
0.918930762489 0.756766510285
0.918966272449 0.757127390834
0.919001751313 0.757488271382
0.918599562363 0.757488271382
0.918197725284 0.757488271382
0.917796239615 0.757488271382
0.917832167832 0.757849151931
0.917868064657 0.758210032479
0.917903930131 0.758570913028
0.917939764295 0.758931793576
0.91797556719 0.759292674125
0.918011338857 0.759653554673
0.917611159547 0.759653554673
0.917647058824 0.760014435222
0.917682926829 0.76037531577
0.917283413148 0.76037531577
0.917319408181 0.760736196319
0.917355371901 0.761097076868
0.916956521739 0.761097076868
0.916558018253 0.761097076868
0.916594265856 0.761457957416
0.91663048198 0.761818837965
0.916666666667 0.762179718513
0.916268980477 0.762179718513
0.915871639202 0.762179718513
0.915474642393 0.762179718513
0.915511265165 0.762540599062
0.915547856215 0.76290147961
0.915584415584 0.763262360159
0.915620943315 0.763623240707
0.915657439446 0.763984121256
0.915261565067 0.763984121256
0.915298184961 0.764345001804
0.915334773218 0.764705882353
0.91493955095 0.764705882353
0.914976262408 0.765066762901
0.915012942192 0.76542764345
0.914618369987 0.76542764345
0.914224137931 0.76542764345
0.913830245584 0.76542764345
0.913867355728 0.765788523999
0.913904433922 0.766149404547
0.913511187608 0.766149404547
0.913548387097 0.766510285096
0.9135855546 0.766871165644
0.913622690159 0.767232046193
0.913659793814 0.767592926741
0.913696865608 0.76795380729
0.913733905579 0.768314687838
0.913770913771 0.768675568387
0.913807890223 0.769036448935
0.913844834976 0.769397329484
0.913881748072 0.769758210032
0.91391862955 0.770119090581
0.913955479452 0.77047997113
0.913992297818 0.770840851678
0.913601368691 0.770840851678
0.913638306969 0.771201732227
0.913675213675 0.771562612775
0.913712088851 0.771923493324
0.913748932536 0.772284373872
0.913785744772 0.772645254421
0.913822525597 0.773006134969
0.913432835821 0.773006134969
0.91346973572 0.773367015518
0.913506604176 0.773727896066
0.913543441227 0.774088776615
0.913154533844 0.774088776615
0.912765957447 0.774088776615
0.912377711612 0.774088776615
0.912414965986 0.774449657163
0.912452188695 0.774810537712
0.912489379779 0.775171418261
0.912526539278 0.775532298809
0.912139219015 0.775532298809
0.911752227408 0.775532298809
0.911365564037 0.775532298809
0.911403136922 0.775893179358
0.911440677966 0.776254059906
0.911478187209 0.776614940455
0.911515664691 0.776975821003
0.911553110453 0.777336701552
0.911590524535 0.7776975821
0.911627906977 0.778058462649
0.911665257819 0.778419343197
0.911280101394 0.778419343197
0.911317567568 0.778780223746
0.911355002111 0.779141104294
0.910970464135 0.779141104294
0.911008013496 0.779501984843
0.911045531197 0.779862865392
0.911083017278 0.78022374594
0.911120471778 0.780584626489
0.911157894737 0.780945507037
0.911195286195 0.781306387586
0.911232646193 0.781667268134
0.911269974769 0.782028148683
0.911307271963 0.782389029231
0.911344537815 0.78274990978
0.911381772365 0.783110790328
0.910999160369 0.783110790328
0.911036508603 0.783471670877
0.911073825503 0.783832551425
0.911111111111 0.784193431974
0.911148365465 0.784554312523
0.910766652702 0.784554312523
0.910804020101 0.784915193071
0.910841356216 0.78527607362
0.910878661088 0.785636954168
0.910915934755 0.785997834717
0.910953177258 0.786358715265
0.910990388634 0.786719595814
0.911027568922 0.787080476362
0.911064718163 0.787441356911
0.911101836394 0.787802237459
0.911138923655 0.788163118008
0.910758965805 0.788163118008
0.910796165069 0.788523998556
0.910416666667 0.788523998556
0.910453977509 0.788884879105
0.910491257286 0.789245759654
0.910528506034 0.789606640202
0.910565723794 0.789967520751
0.910602910603 0.790328401299
0.9106400665 0.790689281848
0.910677191525 0.791050162396
0.910299003322 0.791050162396
0.910336239103 0.791411042945
0.910373443983 0.791771923493
0.910410618001 0.792132804042
0.910447761194 0.79249368459
0.91007045172 0.79249368459
0.909693454847 0.79249368459
0.909316770186 0.79249368459
0.909354304636 0.792854565139
0.909391808026 0.793215445687
0.909015715467 0.793215445687
0.909053327821 0.793576326236
0.909090909091 0.793937206785
0.909128459314 0.794298087333
0.90916597853 0.794658967882
0.909203466777 0.79501984843
0.908828382838 0.79501984843
0.908865979381 0.795380728979
0.908491343776 0.795380728979
0.908117016893 0.795380728979
0.908154859967 0.795741609527
0.907780979827 0.795741609527
0.907818930041 0.796102490076
0.907856849033 0.796463370624
0.907894736842 0.796824251173
0.907932593506 0.797185131721
0.907970419063 0.79754601227
0.907597535934 0.79754601227
0.90763546798 0.797906892818
0.907673368896 0.798267773367
0.907301066448 0.798267773367
0.907339073391 0.798628653916
0.90737704918 0.798989534464
0.907414993855 0.799350415013
0.907043407043 0.799350415013
0.907081457225 0.799711295561
0.907119476268 0.80007217611
0.907157464213 0.800433056658
0.907195421096 0.800793937207
0.907233346955 0.801154817755
0.906862745098 0.801154817755
0.906492445896 0.801154817755
0.906530612245 0.801515698304
0.906160750714 0.801515698304
0.905791190865 0.801515698304
0.905829596413 0.801876578852
0.90586797066 0.802237459401
0.90549898167 0.802237459401
0.905537459283 0.802598339949
0.905168905169 0.802598339949
0.905207485761 0.802959220498
0.904839365596 0.802959220498
0.904471544715 0.802959220498
0.904104022755 0.802959220498
0.90373679935 0.802959220498
0.903369874137 0.802959220498
0.903003246753 0.802959220498
0.903042596349 0.803320101047
0.903081914031 0.803680981595
0.903121199838 0.804041862144
0.903160453809 0.804402742692
0.902794653706 0.804402742692
0.902429149798 0.804402742692
0.90246863618 0.804763623241
0.902103559871 0.804763623241
0.902143145977 0.805124503789
0.901778496362 0.805124503789
0.901818181818 0.805485384338
