1.0 0.000360880548538
1.0 0.000721761097077
1.0 0.00108264164562
1.0 0.00144352219415
1.0 0.00180440274269
1.0 0.00216528329123
1.0 0.00252616383977
1.0 0.00288704438831
1.0 0.00324792493685
1.0 0.00360880548538
1.0 0.00396968603392
1.0 0.00433056658246
1.0 0.004691447131
1.0 0.00505232767954
1.0 0.00541320822808
1.0 0.00577408877661
1.0 0.00613496932515
1.0 0.00649584987369
1.0 0.00685673042223
1.0 0.00721761097077
1.0 0.00757849151931
1.0 0.00793937206785
1.0 0.00830025261638
1.0 0.00866113316492
1.0 0.00902201371346
1.0 0.009382894262
0.962962962963 0.009382894262
0.964285714286 0.00974377481054
0.965517241379 0.0101046553591
0.966666666667 0.0104655359076
0.967741935484 0.0108264164562
0.96875 0.0111872970047
0.969696969697 0.0115481775532
0.970588235294 0.0119090581018
0.971428571429 0.0122699386503
0.972222222222 0.0126308191988
0.972972972973 0.0129916997474
0.973684210526 0.0133525802959
0.974358974359 0.0137134608445
0.975 0.014074341393
0.975609756098 0.0144352219415
0.97619047619 0.0147961024901
0.976744186047 0.0151569830386
0.977272727273 0.0155178635872
0.977777777778 0.0158787441357
0.978260869565 0.0162396246842
0.957446808511 0.0162396246842
0.958333333333 0.0166005052328
0.959183673469 0.0169613857813
0.96 0.0173222663298
0.960784313725 0.0176831468784
0.961538461538 0.0180440274269
0.962264150943 0.0184049079755
0.962962962963 0.018765788524
0.963636363636 0.0191266690725
0.946428571429 0.0191266690725
0.947368421053 0.0194875496211
0.948275862069 0.0198484301696
0.949152542373 0.0202093107182
0.95 0.0205701912667
0.950819672131 0.0209310718152
0.951612903226 0.0212919523638
0.952380952381 0.0216528329123
0.953125 0.0220137134608
0.938461538462 0.0220137134608
0.939393939394 0.0223745940094
0.940298507463 0.0227354745579
0.941176470588 0.0230963551065
0.942028985507 0.023457235655
0.942857142857 0.0238181162035
0.943661971831 0.0241789967521
0.944444444444 0.0245398773006
0.945205479452 0.0249007578492
0.945945945946 0.0252616383977
0.946666666667 0.0256225189462
0.947368421053 0.0259833994948
0.948051948052 0.0263442800433
0.948717948718 0.0267051605918
0.949367088608 0.0270660411404
0.95 0.0274269216889
0.938271604938 0.0274269216889
0.939024390244 0.0277878022375
0.939759036145 0.028148682786
0.940476190476 0.0285095633345
0.941176470588 0.0288704438831
0.941860465116 0.0292313244316
0.942528735632 0.0295922049802
0.943181818182 0.0299530855287
0.943820224719 0.0303139660772
0.944444444444 0.0306748466258
0.945054945055 0.0310357271743
0.945652173913 0.0313966077228
0.94623655914 0.0317574882714
0.946808510638 0.0321183688199
0.947368421053 0.0324792493685
0.947916666667 0.032840129917
0.948453608247 0.0332010104655
0.948979591837 0.0335618910141
0.949494949495 0.0339227715626
0.95 0.0342836521112
0.950495049505 0.0346445326597
0.950980392157 0.0350054132082
0.95145631068 0.0353662937568
0.951923076923 0.0357271743053
0.952380952381 0.0360880548538
0.952830188679 0.0364489354024
0.953271028037 0.0368098159509
0.953703703704 0.0371706964995
0.954128440367 0.037531577048
0.954545454545 0.0378924575965
0.954954954955 0.0382533381451
0.955357142857 0.0386142186936
0.955752212389 0.0389750992422
0.956140350877 0.0393359797907
0.95652173913 0.0396968603392
0.956896551724 0.0400577408878
0.957264957265 0.0404186214363
0.957627118644 0.0407795019848
0.957983193277 0.0411403825334
0.958333333333 0.0415012630819
0.95867768595 0.0418621436305
0.959016393443 0.042223024179
0.959349593496 0.0425839047275
0.959677419355 0.0429447852761
0.96 0.0433056658246
0.960317460317 0.0436665463732
0.96062992126 0.0440274269217
0.9609375 0.0443883074702
0.961240310078 0.0447491880188
0.961538461538 0.0451100685673
0.961832061069 0.0454709491158
0.962121212121 0.0458318296644
0.962406015038 0.0461927102129
0.962686567164 0.0465535907615
0.962962962963 0.04691447131
0.963235294118 0.0472753518585
0.963503649635 0.0476362324071
0.963768115942 0.0479971129556
0.964028776978 0.0483579935042
0.964285714286 0.0487188740527
0.964539007092 0.0490797546012
0.964788732394 0.0494406351498
0.965034965035 0.0498015156983
0.965277777778 0.0501623962468
0.965517241379 0.0505232767954
0.965753424658 0.0508841573439
0.965986394558 0.0512450378925
0.966216216216 0.051605918441
0.96644295302 0.0519667989895
0.966666666667 0.0523276795381
0.966887417219 0.0526885600866
0.967105263158 0.0530494406351
0.967320261438 0.0534103211837
0.967532467532 0.0537712017322
0.967741935484 0.0541320822808
0.967948717949 0.0544929628293
0.968152866242 0.0548538433778
0.96835443038 0.0552147239264
0.968553459119 0.0555756044749
0.96875 0.0559364850235
0.968944099379 0.056297365572
0.969135802469 0.0566582461205
0.969325153374 0.0570191266691
0.969512195122 0.0573800072176
0.969696969697 0.0577408877661
0.969879518072 0.0581017683147
0.97005988024 0.0584626488632
0.970238095238 0.0588235294118
0.970414201183 0.0591844099603
0.970588235294 0.0595452905088
0.970760233918 0.0599061710574
0.970930232558 0.0602670516059
0.971098265896 0.0606279321545
0.971264367816 0.060988812703
0.971428571429 0.0613496932515
0.971590909091 0.0617105738001
0.971751412429 0.0620714543486
0.97191011236 0.0624323348971
0.972067039106 0.0627932154457
0.972222222222 0.0631540959942
0.972375690608 0.0635149765428
0.972527472527 0.0638758570913
0.972677595628 0.0642367376398
0.972826086957 0.0645976181884
0.972972972973 0.0649584987369
0.97311827957 0.0653193792855
0.973262032086 0.065680259834
0.973404255319 0.0660411403825
0.973544973545 0.0664020209311
0.973684210526 0.0667629014796
0.973821989529 0.0671237820281
0.973958333333 0.0674846625767
0.974093264249 0.0678455431252
0.974226804124 0.0682064236738
0.974358974359 0.0685673042223
0.974489795918 0.0689281847708
0.97461928934 0.0692890653194
0.969696969697 0.0692890653194
0.969849246231 0.0696499458679
0.97 0.0700108264165
0.970149253731 0.070371706965
0.970297029703 0.0707325875135
0.970443349754 0.0710934680621
0.970588235294 0.0714543486106
0.970731707317 0.0718152291591
0.970873786408 0.0721761097077
0.971014492754 0.0725369902562
0.971153846154 0.0728978708048
0.971291866029 0.0732587513533
0.971428571429 0.0736196319018
0.971563981043 0.0739805124504
0.971698113208 0.0743413929989
0.971830985915 0.0747022735475
0.971962616822 0.075063154096
0.972093023256 0.0754240346445
0.972222222222 0.0757849151931
0.972350230415 0.0761457957416
0.97247706422 0.0765066762901
0.972602739726 0.0768675568387
0.972727272727 0.0772284373872
0.972850678733 0.0775893179358
0.972972972973 0.0779501984843
0.973094170404 0.0783110790328
0.973214285714 0.0786719595814
0.973333333333 0.0790328401299
0.969026548673 0.0790328401299
0.969162995595 0.0793937206785
0.969298245614 0.079754601227
0.96943231441 0.0801154817755
0.969565217391 0.0804763623241
0.969696969697 0.0808372428726
0.969827586207 0.0811981234211
0.969957081545 0.0815590039697
0.970085470085 0.0819198845182
0.970212765957 0.0822807650668
0.970338983051 0.0826416456153
0.970464135021 0.0830025261638
0.970588235294 0.0833634067124
0.970711297071 0.0837242872609
0.970833333333 0.0840851678095
0.970954356846 0.084446048358
0.971074380165 0.0848069289065
0.971193415638 0.0851678094551
0.97131147541 0.0855286900036
0.971428571429 0.0858895705521
0.971544715447 0.0862504511007
0.971659919028 0.0866113316492
0.971774193548 0.0869722121978
0.971887550201 0.0873330927463
0.972 0.0876939732948
0.972111553785 0.0880548538434
0.972222222222 0.0884157343919
0.97233201581 0.0887766149405
0.972440944882 0.089137495489
0.972549019608 0.0894983760375
0.97265625 0.0898592565861
0.972762645914 0.0902201371346
0.972868217054 0.0905810176831
0.972972972973 0.0909418982317
0.973076923077 0.0913027787802
0.973180076628 0.0916636593288
0.973282442748 0.0920245398773
0.973384030418 0.0923854204258
0.973484848485 0.0927463009744
0.97358490566 0.0931071815229
0.973684210526 0.0934680620715
0.973782771536 0.09382894262
0.973880597015 0.0941898231685
0.973977695167 0.0945507037171
0.974074074074 0.0949115842656
0.974169741697 0.0952724648141
0.974264705882 0.0956333453627
0.974358974359 0.0959942259112
0.974452554745 0.0963551064598
0.974545454545 0.0967159870083
0.974637681159 0.0970768675568
0.974729241877 0.0974377481054
0.974820143885 0.0977986286539
0.974910394265 0.0981595092025
0.975 0.098520389751
0.975088967972 0.0988812702995
0.975177304965 0.0992421508481
0.975265017668 0.0996030313966
0.975352112676 0.0999639119451
0.975438596491 0.100324792494
0.975524475524 0.100685673042
0.975609756098 0.101046553591
0.975694444444 0.101407434139
0.975778546713 0.101768314688
0.975862068966 0.102129195236
0.975945017182 0.102490075785
0.97602739726 0.102850956333
0.976109215017 0.103211836882
0.97619047619 0.103572717431
0.976271186441 0.103933597979
0.976351351351 0.104294478528
0.976430976431 0.104655359076
0.976510067114 0.105016239625
0.976588628763 0.105377120173
0.976666666667 0.105738000722
0.976744186047 0.10609888127
0.976821192053 0.106459761819
0.976897689769 0.106820642367
0.976973684211 0.107181522916
0.977049180328 0.107542403464
0.977124183007 0.107903284013
0.977198697068 0.108264164562
0.977272727273 0.10862504511
0.977346278317 0.108985925659
0.977419354839 0.109346806207
0.977491961415 0.109707686756
0.977564102564 0.110068567304
0.977635782748 0.110429447853
0.977707006369 0.110790328401
0.977777777778 0.11115120895
0.977848101266 0.111512089498
0.977917981073 0.111872970047
0.977987421384 0.112233850595
0.974921630094 0.112233850595
0.975 0.112594731144
0.97507788162 0.112955611693
0.975155279503 0.113316492241
0.975232198142 0.11367737279
0.975308641975 0.114038253338
0.975384615385 0.114399133887
0.975460122699 0.114760014435
0.97247706422 0.114760014435
0.97256097561 0.115120894984
0.9726443769 0.115481775532
0.972727272727 0.115842656081
0.972809667674 0.116203536629
0.972891566265 0.116564417178
0.972972972973 0.116925297726
0.973053892216 0.117286178275
0.973134328358 0.117647058824
0.973214285714 0.118007939372
0.973293768546 0.118368819921
0.973372781065 0.118729700469
0.970501474926 0.118729700469
0.970588235294 0.119090581018
0.970674486804 0.119451461566
0.970760233918 0.119812342115
0.97084548105 0.120173222663
0.970930232558 0.120534103212
0.971014492754 0.12089498376
0.971098265896 0.121255864309
0.971181556196 0.121616744857
0.971264367816 0.121977625406
0.971346704871 0.122338505955
0.971428571429 0.122699386503
0.97150997151 0.123060267052
0.971590909091 0.1234211476
0.971671388102 0.123782028149
0.971751412429 0.124142908697
0.971830985915 0.124503789246
0.97191011236 0.124864669794
0.971988795518 0.125225550343
0.972067039106 0.125586430891
0.972144846797 0.12594731144
0.969444444444 0.12594731144
0.969529085873 0.126308191988
0.969613259669 0.126669072537
0.969696969697 0.127029953086
0.96978021978 0.127390833634
0.969863013699 0.127751714183
0.969945355191 0.128112594731
0.970027247956 0.12847347528
0.967391304348 0.12847347528
0.967479674797 0.128834355828
0.967567567568 0.129195236377
0.967654986523 0.129556116925
0.967741935484 0.129916997474
0.967828418231 0.130277878022
0.967914438503 0.130638758571
0.968 0.130999639119
0.968085106383 0.131360519668
0.968169761273 0.131721400217
0.968253968254 0.132082280765
0.968337730871 0.132443161314
0.968421052632 0.132804041862
0.968503937008 0.133164922411
0.965968586387 0.133164922411
0.966057441253 0.133525802959
0.966145833333 0.133886683508
0.963636363636 0.133886683508
0.963730569948 0.134247564056
0.963824289406 0.134608444605
0.963917525773 0.134969325153
0.964010282776 0.135330205702
0.964102564103 0.13569108625
0.964194373402 0.136051966799
0.964285714286 0.136412847348
0.964376590331 0.136773727896
0.964467005076 0.137134608445
0.964556962025 0.137495488993
0.964646464646 0.137856369542
0.964735516373 0.13821725009
0.964824120603 0.138578130639
0.964912280702 0.138939011187
0.965 0.139299891736
0.965087281796 0.139660772284
0.965174129353 0.140021652833
0.965260545906 0.140382533381
0.965346534653 0.14074341393
0.962962962963 0.14074341393
0.963054187192 0.141104294479
0.963144963145 0.141465175027
0.963235294118 0.141826055576
0.963325183374 0.142186936124
0.963414634146 0.142547816673
0.963503649635 0.142908697221
0.96359223301 0.14326957777
0.963680387409 0.143630458318
0.963768115942 0.143991338867
0.963855421687 0.144352219415
0.963942307692 0.144713099964
0.964028776978 0.145073980512
0.964114832536 0.145434861061
0.964200477327 0.14579574161
0.964285714286 0.146156622158
0.964370546318 0.146517502707
0.964454976303 0.146878383255
0.964539007092 0.147239263804
0.964622641509 0.147600144352
0.964705882353 0.147961024901
0.964788732394 0.148321905449
0.964871194379 0.148682785998
0.964953271028 0.149043666546
0.965034965035 0.149404547095
0.96511627907 0.149765427643
0.965197215777 0.150126308192
0.965277777778 0.150487188741
0.965357967667 0.150848069289
0.963133640553 0.150848069289
0.963218390805 0.151208949838
0.963302752294 0.151569830386
0.963386727689 0.151930710935
0.963470319635 0.152291591483
0.963553530752 0.152652472032
0.963636363636 0.15301335258
0.963718820862 0.153374233129
0.963800904977 0.153735113677
0.96388261851 0.154095994226
0.963963963964 0.154456874774
0.96404494382 0.154817755323
0.964125560538 0.155178635872
0.964205816555 0.15553951642
0.964285714286 0.155900396969
0.964365256125 0.156261277517
0.964444444444 0.156622158066
0.964523281596 0.156983038614
0.964601769912 0.157343919163
0.9646799117 0.157704799711
0.964757709251 0.15806568026
0.964835164835 0.158426560808
0.964912280702 0.158787441357
0.964989059081 0.159148321905
0.965065502183 0.159509202454
0.9651416122 0.159870083003
0.965217391304 0.160230963551
0.965292841649 0.1605918441
0.965367965368 0.160952724648
0.965442764579 0.161313605197
0.965517241379 0.161674485745
0.965591397849 0.162035366294
0.965665236052 0.162396246842
0.96573875803 0.162757127391
0.965811965812 0.163118007939
0.965884861407 0.163478888488
0.965957446809 0.163839769036
0.966029723992 0.164200649585
0.966101694915 0.164561530134
0.966173361522 0.164922410682
0.966244725738 0.165283291231
0.966315789474 0.165644171779
0.966386554622 0.166005052328
0.966457023061 0.166365932876
0.966527196653 0.166726813425
0.966597077244 0.167087693973
0.964583333333 0.167087693973
0.964656964657 0.167448574522
0.964730290456 0.16780945507
0.964803312629 0.168170335619
0.964876033058 0.168531216167
0.964948453608 0.168892096716
0.965020576132 0.169252977265
0.965092402464 0.169613857813
0.965163934426 0.169974738362
0.965235173824 0.17033561891
0.965306122449 0.170696499459
0.965376782077 0.171057380007
0.965447154472 0.171418260556
0.963488843813 0.171418260556
0.963562753036 0.171779141104
0.963636363636 0.172140021653
0.963709677419 0.172500902201
0.961770623742 0.172500902201
0.961847389558 0.17286178275
0.961923847695 0.173222663298
0.962 0.173583543847
0.962075848303 0.173944424396
0.962151394422 0.174305304944
0.962226640159 0.174666185493
0.962301587302 0.175027066041
0.962376237624 0.17538794659
0.962450592885 0.175748827138
0.962524654832 0.176109707687
0.962598425197 0.176470588235
0.962671905697 0.176831468784
0.962745098039 0.177192349332
0.962818003914 0.177553229881
0.962890625 0.177914110429
0.962962962963 0.178274990978
0.963035019455 0.178635871527
0.963106796117 0.178996752075
0.963178294574 0.179357632624
0.963249516441 0.179718513172
0.96332046332 0.180079393721
0.963391136802 0.180440274269
0.963461538462 0.180801154818
0.963531669866 0.181162035366
0.963601532567 0.181522915915
0.963671128107 0.181883796463
0.963740458015 0.182244677012
0.96380952381 0.18260555756
0.963878326996 0.182966438109
0.962049335863 0.182966438109
0.962121212121 0.183327318658
0.962192816635 0.183688199206
0.962264150943 0.184049079755
0.962335216573 0.184409960303
0.962406015038 0.184770840852
0.962476547842 0.1851317214
0.962546816479 0.185492601949
0.96261682243 0.185853482497
0.962686567164 0.186214363046
0.962756052142 0.186575243594
0.96282527881 0.186936124143
0.961038961039 0.186936124143
0.961111111111 0.187297004691
0.961182994455 0.18765788524
0.961254612546 0.188018765789
0.961325966851 0.188379646337
0.959558823529 0.188379646337
0.959633027523 0.188740526886
0.959706959707 0.189101407434
0.959780621572 0.189462287983
0.959854014599 0.189823168531
0.959927140255 0.19018404908
0.958181818182 0.19018404908
0.958257713249 0.190544929628
0.958333333333 0.190905810177
0.958408679928 0.191266690725
0.958483754513 0.191627571274
0.958558558559 0.191988451822
0.958633093525 0.192349332371
0.958707360862 0.19271021292
0.958781362007 0.193071093468
0.95885509839 0.193431974017
0.958928571429 0.193792854565
0.959001782531 0.194153735114
0.959074733096 0.194514615662
0.959147424512 0.194875496211
0.959219858156 0.195236376759
0.959292035398 0.195597257308
0.959363957597 0.195958137856
0.959435626102 0.196319018405
0.959507042254 0.196679898953
0.959578207381 0.197040779502
0.959649122807 0.197401660051
0.959719789842 0.197762540599
0.95979020979 0.198123421148
0.959860383944 0.198484301696
0.959930313589 0.198845182245
0.96 0.199206062793
0.960069444444 0.199566943342
0.96013864818 0.19992782389
0.960207612457 0.200288704439
0.960276338515 0.200649584987
0.960344827586 0.201010465536
0.960413080895 0.201371346084
0.960481099656 0.201732226633
0.960548885077 0.202093107182
0.958904109589 0.202093107182
0.958974358974 0.20245398773
0.959044368601 0.202814868279
0.959114139693 0.203175748827
0.959183673469 0.203536629376
0.959252971138 0.203897509924
0.959322033898 0.204258390473
0.959390862944 0.204619271021
0.959459459459 0.20498015157
0.959527824621 0.205341032118
0.959595959596 0.205701912667
0.959663865546 0.206062793215
0.959731543624 0.206423673764
0.959798994975 0.206784554313
0.959866220736 0.207145434861
0.959933222037 0.20750631541
0.96 0.207867195958
0.96006655574 0.208228076507
0.960132890365 0.208588957055
0.958540630182 0.208588957055
0.958609271523 0.208949837604
0.95867768595 0.209310718152
0.958745874587 0.209671598701
0.95881383855 0.210032479249
0.958881578947 0.210393359798
0.95894909688 0.210754240346
0.959016393443 0.211115120895
0.959083469722 0.211476001444
0.959150326797 0.211836881992
0.959216965742 0.212197762541
0.959283387622 0.212558643089
0.959349593496 0.212919523638
0.959415584416 0.213280404186
0.959481361426 0.213641284735
0.959546925566 0.214002165283
0.959612277868 0.214363045832
0.959677419355 0.21472392638
0.959742351047 0.215084806929
0.959807073955 0.215445687477
0.959871589085 0.215806568026
0.959935897436 0.216167448575
0.96 0.216528329123
0.960063897764 0.216889209672
0.960127591707 0.21725009022
0.958598726115 0.21725009022
0.9586645469 0.217610970769
0.95873015873 0.217971851317
0.958795562599 0.218332731866
0.958860759494 0.218693612414
0.958925750395 0.219054492963
0.957413249211 0.219054492963
0.957480314961 0.219415373511
0.957547169811 0.21977625406
0.957613814757 0.220137134608
0.957680250784 0.220498015157
0.957746478873 0.220858895706
0.9578125 0.221219776254
0.957878315133 0.221580656803
0.956386292835 0.221580656803
0.956454121306 0.221941537351
0.95652173913 0.2223024179
0.956589147287 0.222663298448
0.956656346749 0.223024178997
0.956723338485 0.223385059545
0.956790123457 0.223745940094
0.956856702619 0.224106820642
0.956923076923 0.224467701191
0.956989247312 0.224828581739
0.957055214724 0.225189462288
0.957120980092 0.225550342837
0.957186544343 0.225911223385
0.957251908397 0.226272103934
0.957317073171 0.226632984482
0.957382039574 0.226993865031
0.957446808511 0.227354745579
0.95751138088 0.227715626128
0.957575757576 0.228076506676
0.957639939486 0.228437387225
0.957703927492 0.228798267773
0.957767722474 0.229159148322
0.956325301205 0.229159148322
0.956390977444 0.22952002887
0.956456456456 0.229880909419
0.95652173913 0.230241789968
0.956586826347 0.230602670516
0.956651718984 0.230963551065
0.95671641791 0.231324431613
0.956780923994 0.231685312162
0.956845238095 0.23204619271
0.95690936107 0.232407073259
0.955489614243 0.232407073259
0.955555555556 0.232767953807
0.955621301775 0.233128834356
0.955686853767 0.233489714904
0.955752212389 0.233850595453
0.955817378498 0.234211476001
0.955882352941 0.23457235655
0.955947136564 0.234933237099
0.956011730205 0.235294117647
0.9560761347 0.235654998196
0.956140350877 0.236015878744
0.956204379562 0.236376759293
0.954810495627 0.236376759293
0.954876273654 0.236737639841
0.954941860465 0.23709852039
0.955007256894 0.237459400938
0.955072463768 0.237820281487
0.95513748191 0.238181162035
0.955202312139 0.238542042584
0.955266955267 0.238902923132
0.955331412104 0.239263803681
0.955395683453 0.23962468423
0.955459770115 0.239985564778
0.955523672884 0.240346445327
0.95558739255 0.240707325875
0.954220314735 0.240707325875
0.954285714286 0.241068206424
0.954350927247 0.241429086972
0.954415954416 0.241789967521
0.954480796586 0.242150848069
0.954545454545 0.242511728618
0.954609929078 0.242872609166
0.954674220963 0.243233489715
0.954738330976 0.243594370263
0.953389830508 0.243594370263
0.953455571227 0.243955250812
0.953521126761 0.244316131361
0.95358649789 0.244677011909
0.953651685393 0.245037892458
0.952314165498 0.245037892458
0.952380952381 0.245398773006
0.952447552448 0.245759653555
0.95251396648 0.246120534103
0.952580195258 0.246481414652
0.952646239554 0.2468422952
0.952712100139 0.247203175749
0.952777777778 0.247564056297
0.952843273232 0.247924936846
0.952908587258 0.248285817394
0.952973720609 0.248646697943
0.953038674033 0.249007578492
0.953103448276 0.24936845904
0.953168044077 0.249729339589
0.953232462173 0.250090220137
0.953296703297 0.250451100686
0.953360768176 0.250811981234
0.953424657534 0.251172861783
0.953488372093 0.251533742331
0.953551912568 0.25189462288
0.953615279673 0.252255503428
0.953678474114 0.252616383977
0.953741496599 0.252977264525
0.952445652174 0.252977264525
0.952510176391 0.253338145074
0.952574525745 0.253699025623
0.952638700947 0.254059906171
0.952702702703 0.25442078672
0.952766531714 0.254781667268
0.952830188679 0.255142547817
0.952893674293 0.255503428365
0.952956989247 0.255864308914
0.951677852349 0.255864308914
0.951742627346 0.256225189462
0.951807228916 0.256586070011
0.951871657754 0.256946950559
0.951935914553 0.257307831108
0.952 0.257668711656
0.95206391478 0.258029592205
0.95079787234 0.258029592205
0.950863213811 0.258390472754
0.950928381963 0.258751353302
0.950993377483 0.259112233851
0.951058201058 0.259473114399
0.951122853369 0.259833994948
0.951187335092 0.260194875496
0.951251646904 0.260555756045
0.951315789474 0.260916636593
0.951379763469 0.261277517142
0.951443569554 0.26163839769
0.951507208388 0.261999278239
0.951570680628 0.262360158787
0.951633986928 0.262721039336
0.951697127937 0.263081919885
0.951760104302 0.263442800433
0.951822916667 0.263803680982
0.95188556567 0.26416456153
0.951948051948 0.264525442079
0.952010376135 0.264886322627
0.950777202073 0.264886322627
0.95084087969 0.265247203176
0.950904392765 0.265608083724
0.950967741935 0.265968964273
0.951030927835 0.266329844821
0.951093951094 0.26669072537
0.951156812339 0.267051605918
0.949935815148 0.267051605918
0.95 0.267412486467
0.950064020487 0.267773367016
0.950127877238 0.268134247564
0.950191570881 0.268495128113
0.950255102041 0.268856008661
0.950318471338 0.26921688921
0.950381679389 0.269577769758
0.950444726811 0.269938650307
0.950507614213 0.270299530855
0.950570342205 0.270660411404
0.950632911392 0.271021291952
0.950695322377 0.271382172501
0.950757575758 0.271743053049
0.950819672131 0.272103933598
0.950881612091 0.272464814147
0.950943396226 0.272825694695
0.951005025126 0.273186575244
0.951066499373 0.273547455792
0.951127819549 0.273908336341
0.951188986233 0.274269216889
0.95125 0.274630097438
0.951310861423 0.274990977986
0.951371571072 0.275351858535
0.951432129514 0.275712739083
0.951492537313 0.276073619632
0.951552795031 0.27643450018
0.951612903226 0.276795380729
0.951672862454 0.277156261278
0.951732673267 0.277517141826
0.951792336218 0.277878022375
0.951851851852 0.278238902923
0.951911220715 0.278599783472
0.95197044335 0.27896066402
0.952029520295 0.279321544569
0.952088452088 0.279682425117
0.950920245399 0.279682425117
0.949754901961 0.279682425117
0.949816401469 0.280043305666
0.949877750611 0.280404186214
0.949938949939 0.280765066763
0.948780487805 0.280765066763
0.948842874543 0.281125947311
0.948905109489 0.28148682786
0.948967193196 0.281847708409
0.949029126214 0.282208588957
0.949090909091 0.282569469506
0.949152542373 0.282930350054
0.949214026602 0.283291230603
0.949275362319 0.283652111151
0.94933655006 0.2840129917
0.948192771084 0.2840129917
0.94825511432 0.284373872248
0.948317307692 0.284734752797
0.948379351741 0.285095633345
0.948441247002 0.285456513894
0.948502994012 0.285817394442
0.948564593301 0.286178274991
0.9486260454 0.28653915554
0.948687350835 0.286900036088
0.948748510131 0.287260916637
0.94880952381 0.287621797185
0.94887039239 0.287982677734
0.94893111639 0.288343558282
0.948991696323 0.288704438831
0.949052132701 0.289065319379
0.949112426036 0.289426199928
0.949172576832 0.289787080476
0.949232585596 0.290147961025
0.94929245283 0.290508841573
0.949352179034 0.290869722122
0.949411764706 0.291230602671
0.949471210341 0.291591483219
0.948356807512 0.291591483219
0.948417350528 0.291952363768
0.948477751756 0.292313244316
0.948538011696 0.292674124865
0.948598130841 0.293035005413
0.948658109685 0.293395885962
0.948717948718 0.29375676651
0.948777648428 0.294117647059
0.948837209302 0.294478527607
0.948896631823 0.294839408156
0.947795823666 0.294839408156
0.94785631518 0.295200288704
0.947916666667 0.295561169253
0.947976878613 0.295922049802
0.948036951501 0.29628293035
0.948096885813 0.296643810899
0.948156682028 0.297004691447
0.948216340621 0.297365571996
0.948275862069 0.297726452544
0.948335246843 0.298087333093
0.948394495413 0.298448213641
0.948453608247 0.29880909419
0.948512585812 0.299169974738
0.948571428571 0.299530855287
0.948630136986 0.299891735835
0.948688711517 0.300252616384
0.94874715262 0.300613496933
0.947667804323 0.300613496933
0.947727272727 0.300974377481
0.947786606129 0.30133525803
0.947845804989 0.301696138578
0.947904869762 0.302057019127
0.947963800905 0.302417899675
0.94802259887 0.302778780224
0.948081264108 0.303139660772
0.948139797069 0.303500541321
0.948198198198 0.303861421869
0.948256467942 0.304222302418
0.948314606742 0.304583182966
0.948372615039 0.304944063515
0.948430493274 0.305304944064
0.948488241881 0.305665824612
0.948545861298 0.306026705161
0.948603351955 0.306387585709
0.948660714286 0.306748466258
0.948717948718 0.307109346806
0.948775055679 0.307470227355
0.948832035595 0.307831107903
0.948888888889 0.308191988452
0.948945615982 0.308552869
0.949002217295 0.308913749549
0.949058693245 0.309274630097
0.949115044248 0.309635510646
0.949171270718 0.309996391195
0.948123620309 0.309996391195
0.948180815877 0.310357271743
0.948237885463 0.310718152292
0.948294829483 0.31107903284
0.948351648352 0.311439913389
0.948408342481 0.311800793937
0.948464912281 0.312161674486
0.94852135816 0.312522555034
0.948577680525 0.312883435583
0.948633879781 0.313244316131
0.948689956332 0.31360519668
0.948745910578 0.313966077228
0.948801742919 0.314326957777
0.947769314472 0.314326957777
0.946739130435 0.314326957777
0.946796959826 0.314687838326
0.946854663774 0.315048718874
0.946912242687 0.315409599423
0.94696969697 0.315770479971
0.947027027027 0.31613136052
0.947084233261 0.316492241068
0.947141316073 0.316853121617
0.947198275862 0.317214002165
0.947255113025 0.317574882714
0.947311827957 0.317935763262
0.947368421053 0.318296643811
0.947424892704 0.318657524359
0.94640943194 0.318657524359
0.946466809422 0.319018404908
0.946524064171 0.319379285457
0.946581196581 0.319740166005
0.946638207044 0.320101046554
0.946695095949 0.320461927102
0.946751863685 0.320822807651
0.946808510638 0.321183688199
0.946865037194 0.321544568748
0.946921443737 0.321905449296
0.946977730647 0.322266329845
0.947033898305 0.322627210393
0.94708994709 0.322988090942
0.947145877378 0.32334897149
0.947201689546 0.323709852039
0.947257383966 0.324070732588
0.947312961012 0.324431613136
0.947368421053 0.324792493685
0.947423764458 0.325153374233
0.947478991597 0.325514254782
0.947534102833 0.32587513533
0.947589098532 0.326236015879
0.947643979058 0.326596896427
0.94769874477 0.326957776976
0.947753396029 0.327318657524
0.947807933194 0.327679538073
0.947862356621 0.328040418621
0.947916666667 0.32840129917
0.947970863684 0.328762179719
0.948024948025 0.329123060267
0.948078920042 0.329483940816
0.948132780083 0.329844821364
0.948186528497 0.330205701913
0.948240165631 0.330566582461
0.94829369183 0.33092746301
0.947314049587 0.33092746301
0.947368421053 0.331288343558
0.947422680412 0.331649224107
0.947476828012 0.332010104655
0.947530864198 0.332370985204
0.947584789311 0.332731865752
0.947638603696 0.333092746301
0.947692307692 0.33345362685
0.947745901639 0.333814507398
0.946775844422 0.333814507398
0.946830265849 0.334175387947
0.946884576098 0.334536268495
0.94693877551 0.334897149044
0.946992864424 0.335258029592
0.947046843177 0.335618910141
0.947100712106 0.335979790689
0.947154471545 0.336340671238
0.947208121827 0.336701551786
0.947261663286 0.337062432335
0.946301925025 0.337062432335
0.946356275304 0.337423312883
0.946410515672 0.337784193432
0.946464646465 0.338145073981
0.946518668012 0.338505954529
0.946572580645 0.338866835078
0.946626384693 0.339227715626
0.946680080483 0.339588596175
0.946733668342 0.339949476723
0.946787148594 0.340310357272
0.946840521565 0.34067123782
0.946893787575 0.341032118369
0.946946946947 0.341392998917
0.947 0.341753879466
0.947052947053 0.342114760014
0.947105788423 0.342475640563
0.947158524427 0.342836521112
0.947211155378 0.34319740166
0.947263681592 0.343558282209
0.94731610338 0.343919162757
0.947368421053 0.344280043306
0.947420634921 0.344640923854
0.947472745292 0.345001804403
0.947524752475 0.345362684951
0.947576656775 0.3457235655
0.947628458498 0.346084446048
0.947680157947 0.346445326597
0.947731755424 0.346806207145
0.947783251232 0.347167087694
0.947834645669 0.347527968243
0.947885939036 0.347888848791
0.947937131631 0.34824972934
0.947988223749 0.348610609888
0.948039215686 0.348971490437
0.948090107738 0.349332370985
0.948140900196 0.349693251534
0.948191593353 0.350054132082
0.9482421875 0.350415012631
0.948292682927 0.350775893179
0.948343079922 0.351136773728
0.948393378773 0.351497654276
0.948443579767 0.351858534825
0.948493683188 0.352219415374
0.94854368932 0.352580295922
0.948593598448 0.352941176471
0.948643410853 0.353302057019
0.948693126815 0.353662937568
0.948742746615 0.354023818116
0.948792270531 0.354384698665
0.948841698842 0.354745579213
0.948891031823 0.355106459762
0.94894026975 0.35546734031
0.948989412897 0.355828220859
0.949038461538 0.356189101407
0.949087415946 0.356549981956
0.949136276392 0.356910862505
0.949185043145 0.357271743053
0.949233716475 0.357632623602
0.949282296651 0.35799350415
0.949330783939 0.358354384699
0.949379178606 0.358715265247
0.949427480916 0.359076145796
0.949475691134 0.359437026344
0.949523809524 0.359797906893
0.949571836346 0.360158787441
0.949619771863 0.36051966799
0.949667616334 0.360880548538
0.949715370019 0.361241429087
0.949763033175 0.361602309636
0.949810606061 0.361963190184
0.949858088931 0.362324070733
0.949905482042 0.362684951281
0.949952785647 0.36304583183
0.95 0.363406712378
0.950047125353 0.363767592927
0.950094161959 0.364128473475
0.950141110066 0.364489354024
0.950187969925 0.364850234572
0.950234741784 0.365211115121
0.950281425891 0.365571995669
0.950328022493 0.365932876218
0.950374531835 0.366293756767
0.950420954163 0.366654637315
0.95046728972 0.367015517864
0.950513538749 0.367376398412
0.950559701493 0.367737278961
0.950605778192 0.368098159509
0.950651769088 0.368459040058
0.950697674419 0.368819920606
0.949814126394 0.368819920606
0.949860724234 0.369180801155
0.949907235622 0.369541681703
0.949953660797 0.369902562252
0.95 0.3702634428
0.950046253469 0.370624323349
0.950092421442 0.370985203898
0.950138504155 0.371346084446
0.950184501845 0.371706964995
0.950230414747 0.372067845543
0.950276243094 0.372428726092
0.950321987121 0.37278960664
0.950367647059 0.373150487189
0.95041322314 0.373511367737
0.950458715596 0.373872248286
0.950504124656 0.374233128834
0.950549450549 0.374594009383
0.950594693504 0.374954889931
0.950639853748 0.37531577048
0.950684931507 0.375676651029
0.950729927007 0.376037531577
0.950774840474 0.376398412126
0.949908925319 0.376398412126
0.949044585987 0.376398412126
0.949090909091 0.376759292674
0.949137148047 0.377120173223
0.949183303085 0.377481053771
0.949229374433 0.37784193432
0.949275362319 0.378202814868
0.949321266968 0.378563695417
0.949367088608 0.378924575965
0.949412827462 0.379285456514
0.949458483755 0.379646337062
0.94950405771 0.380007217611
0.94954954955 0.38036809816
0.949594959496 0.380728978708
0.94964028777 0.381089859257
0.949685534591 0.381450739805
0.948833034111 0.381450739805
0.948878923767 0.381811620354
0.948924731183 0.382172500902
0.94897045658 0.382533381451
0.949016100179 0.382894261999
0.949061662198 0.383255142548
0.949107142857 0.383616023096
0.949152542373 0.383976903645
0.949197860963 0.384337784193
0.949243098842 0.384698664742
0.949288256228 0.385059545291
0.949333333333 0.385420425839
0.949378330373 0.385781306388
0.94942324756 0.386142186936
0.948581560284 0.386142186936
0.947741364039 0.386142186936
0.947787610619 0.386503067485
0.94783377542 0.386863948033
0.947879858657 0.387224828582
0.947925860547 0.38758570913
0.947971781305 0.387946589679
0.948017621145 0.388307470227
0.948063380282 0.388668350776
0.948109058927 0.389029231324
0.948154657293 0.389390111873
0.948200175593 0.389750992422
0.948245614035 0.39011187297
0.948290972831 0.390472753519
0.948336252189 0.390833634067
0.948381452318 0.391194514616
0.948426573427 0.391555395164
0.948471615721 0.391916275713
0.948516579407 0.392277156261
0.94856146469 0.39263803681
0.948606271777 0.392998917358
0.94865100087 0.393359797907
0.947826086957 0.393359797907
0.94787141616 0.393720678455
0.947916666667 0.394081559004
0.947961838682 0.394442439553
0.948006932409 0.394803320101
0.948051948052 0.39516420065
0.948096885813 0.395525081198
0.948141745895 0.395885961747
0.948186528497 0.396246842295
0.948231233822 0.396607722844
0.948275862069 0.396968603392
0.948320413437 0.397329483941
0.947504302926 0.397329483941
0.947549441101 0.397690364489
0.947594501718 0.398051245038
0.947639484979 0.398412125586
0.947684391081 0.398773006135
0.947729220223 0.399133886684
0.947773972603 0.399494767232
0.947818648417 0.399855647781
0.947863247863 0.400216528329
0.947907771136 0.400577408878
0.94795221843 0.400938289426
0.94799658994 0.401299169975
0.94804088586 0.401660050523
0.948085106383 0.402020931072
0.948129251701 0.40238181162
0.948173322005 0.402742692169
0.948217317487 0.403103572717
0.947413061917 0.403103572717
0.946610169492 0.403103572717
0.946655376799 0.403464453266
0.946700507614 0.403825333815
0.94674556213 0.404186214363
0.946790540541 0.404547094912
0.946835443038 0.40490797546
0.946880269815 0.405268856009
0.946925021061 0.405629736557
0.94696969697 0.405990617106
0.947014297729 0.406351497654
0.947058823529 0.406712378203
0.947103274559 0.407073258751
0.947147651007 0.4074341393
0.94719195306 0.407795019848
0.947236180905 0.408155900397
0.947280334728 0.408516780946
0.947324414716 0.408877661494
0.947368421053 0.409238542043
0.947412353923 0.409599422591
0.947456213511 0.40996030314
0.9475 0.410321183688
0.947543713572 0.410682064237
0.947587354409 0.411042944785
0.947630922693 0.411403825334
0.947674418605 0.411764705882
0.947717842324 0.412125586431
0.94776119403 0.412486466979
0.947804473902 0.412847347528
0.947847682119 0.413208228077
0.947890818859 0.413569108625
0.947933884298 0.413929989174
0.947976878613 0.414290869722
0.94801980198 0.414651750271
0.948062654575 0.415012630819
0.948105436573 0.415373511368
0.948148148148 0.415734391916
0.948190789474 0.416095272465
0.948233360723 0.416456153013
0.948275862069 0.416817033562
0.948318293683 0.41717791411
0.948360655738 0.417538794659
0.948402948403 0.417899675208
0.948445171849 0.418260555756
0.948487326247 0.418621436305
0.948529411765 0.418982316853
0.948571428571 0.419343197402
0.948613376835 0.41970407795
0.948655256724 0.420064958499
0.948697068404 0.420425839047
0.948738812042 0.420786719596
0.948780487805 0.421147600144
0.948822095857 0.421508480693
0.948051948052 0.421508480693
0.948094079481 0.421869361241
0.948136142626 0.42223024179
0.948178137652 0.422591122339
0.948220064725 0.422952002887
0.94826192401 0.423312883436
0.94830371567 0.423673763984
0.948345439871 0.424034644533
0.948387096774 0.424395525081
0.948428686543 0.42475640563
0.94847020934 0.425117286178
0.948511665326 0.425478166727
0.948553054662 0.425839047275
0.94859437751 0.426199927824
0.948635634029 0.426560808372
0.948676824379 0.426921688921
0.948717948718 0.42728256947
0.948759007206 0.427643450018
0.9488 0.428004330567
0.948840927258 0.428365211115
0.948881789137 0.428726091664
0.948922585794 0.429086972212
0.948963317384 0.429447852761
0.949003984064 0.429808733309
0.949044585987 0.430169613858
0.949085123309 0.430530494406
0.948330683625 0.430530494406
0.94837172359 0.430891374955
0.948412698413 0.431252255503
0.948453608247 0.431613136052
0.948494453249 0.431974016601
0.948535233571 0.432334897149
0.948575949367 0.432695777698
0.948616600791 0.433056658246
0.948657187994 0.433417538795
0.948697711129 0.433778419343
0.948738170347 0.434139299892
0.9487785658 0.43450018044
0.948818897638 0.434861060989
0.948859166011 0.435221941537
0.948899371069 0.435582822086
0.948939512962 0.435943702634
0.948979591837 0.436304583183
0.949019607843 0.436665463732
0.949059561129 0.43702634428
0.94909945184 0.437387224829
0.949139280125 0.437748105377
0.94917904613 0.438108985926
0.94921875 0.438469866474
0.949258391881 0.438830747023
0.949297971919 0.439191627571
0.949337490257 0.43955250812
0.94937694704 0.439913388668
0.949416342412 0.440274269217
0.949455676516 0.440635149765
0.949494949495 0.440996030314
0.949534161491 0.441356910863
0.949573312645 0.441717791411
0.949612403101 0.44207867196
0.949651432998 0.442439552508
0.949690402477 0.442800433057
0.949729311678 0.443161313605
0.949768160742 0.443522194154
0.949806949807 0.443883074702
0.949845679012 0.444243955251
0.949884348497 0.444604835799
0.949922958398 0.444965716348
0.949191685912 0.444965716348
0.949230769231 0.445326596896
0.949269792467 0.445687477445
0.94930875576 0.446048357994
0.949347659248 0.446409238542
0.948619631902 0.446409238542
0.947892720307 0.446409238542
0.947932618683 0.446770119091
0.947972456006 0.447130999639
0.948012232416 0.447491880188
0.948051948052 0.447852760736
0.948091603053 0.448213641285
0.948131197559 0.448574521833
0.948170731707 0.448935402382
0.948210205636 0.44929628293
0.948249619482 0.449657163479
0.948288973384 0.450018044027
0.948328267477 0.450378924576
0.948367501898 0.450739805125
0.948406676783 0.451100685673
0.948445792267 0.451461566222
0.948484848485 0.45182244677
0.948523845572 0.452183327319
0.948562783661 0.452544207867
0.948601662887 0.452905088416
0.948640483384 0.453265968964
0.947924528302 0.453265968964
0.947963800905 0.453626849513
0.948003014318 0.453987730061
0.948042168675 0.45434861061
0.948081264108 0.454709491158
0.948120300752 0.455070371707
0.948159278738 0.455431252256
0.948198198198 0.455792132804
0.948237059265 0.456153013353
0.948275862069 0.456513893901
0.948314606742 0.45687477445
0.948353293413 0.457235654998
0.948391922214 0.457596535547
0.948430493274 0.457957416095
0.948469006721 0.458318296644
0.948507462687 0.458679177192
0.948545861298 0.459040057741
0.948584202683 0.459400938289
0.948622486969 0.459761818838
0.947916666667 0.459761818838
0.947955390335 0.460122699387
0.947994056464 0.460483579935
0.948032665182 0.460844460484
0.948071216617 0.461205341032
0.948109710897 0.461566221581
0.948148148148 0.461927102129
0.948186528497 0.462287982678
0.948224852071 0.462648863226
0.948263118995 0.463009743775
0.948301329394 0.463370624323
0.948339483395 0.463731504872
0.948377581121 0.46409238542
0.948415622697 0.464453265969
0.948453608247 0.464814146518
0.948491537896 0.465175027066
0.948529411765 0.465535907615
0.948567229978 0.465896788163
0.948604992658 0.466257668712
0.948642699927 0.46661854926
0.948680351906 0.466979429809
0.948717948718 0.467340310357
0.948755490483 0.467701190906
0.948792977323 0.468062071454
0.948830409357 0.468422952003
0.948867786706 0.468783832551
0.948905109489 0.4691447131
0.948942377826 0.469505593649
0.948979591837 0.469866474197
0.949016751639 0.470227354746
0.949053857351 0.470588235294
0.949090909091 0.470949115843
0.948401162791 0.470949115843
0.948438634713 0.471309996391
0.94847605225 0.47167087694
0.948513415518 0.472031757488
0.948550724638 0.472392638037
0.948587979725 0.472753518585
0.948625180897 0.473114399134
0.948662328272 0.473475279682
0.948699421965 0.473836160231
0.948736462094 0.47419704078
0.948773448773 0.474557921328
0.94881038212 0.474918801877
0.948126801153 0.474918801877
0.948164146868 0.475279682425
0.948201438849 0.475640562974
0.948238677211 0.476001443522
0.948275862069 0.476362324071
0.948312993539 0.476723204619
0.948350071736 0.477084085168
0.948387096774 0.477444965716
0.948424068768 0.477805846265
0.948460987831 0.478166726813
0.948497854077 0.478527607362
0.94853466762 0.478888487911
0.948571428571 0.479249368459
0.948608137045 0.479610249008
0.948644793153 0.479971129556
0.948681397006 0.480332010105
0.948717948718 0.480692890653
0.948754448399 0.481053771202
0.948079658606 0.481053771202
0.948116560057 0.48141465175
0.948153409091 0.481775532299
0.94819020582 0.482136412847
0.948226950355 0.482497293396
0.948263642807 0.482858173944
0.948300283286 0.483219054493
0.948336871904 0.483579935042
0.948373408769 0.48394081559
0.948409893993 0.484301696139
0.948446327684 0.484662576687
0.948482709951 0.485023457236
0.948519040903 0.485384337784
0.948555320648 0.485745218333
0.948591549296 0.486106098881
0.948627726953 0.48646697943
0.948663853727 0.486827859978
0.948699929726 0.487188740527
0.948735955056 0.487549621075
0.948771929825 0.487910501624
0.948807854137 0.488271382173
0.948142957253 0.488271382173
0.948179271709 0.488632262721
0.948215535339 0.48899314327
0.948251748252 0.489354023818
0.948287910552 0.489714904367
0.948324022346 0.490075784915
0.94836008374 0.490436665464
0.94769874477 0.490436665464
0.947735191638 0.490797546012
0.947771587744 0.491158426561
0.947807933194 0.491519307109
0.947844228095 0.491880187658
0.94788047255 0.492241068206
0.947916666667 0.492601948755
0.947952810548 0.492962829304
0.9479889043 0.493323709852
0.948024948025 0.493684590401
0.948060941828 0.494045470949
0.948096885813 0.494406351498
0.948132780083 0.494767232046
0.948168624741 0.495128112595
0.94820441989 0.495488993143
0.947550034507 0.495488993143
0.947586206897 0.495849873692
0.947622329428 0.49621075424
0.947658402204 0.496571634789
0.947694425327 0.496932515337
0.9477303989 0.497293395886
0.947766323024 0.497654276435
0.947802197802 0.498015156983
0.947838023336 0.498376037532
0.947873799726 0.49873691808
0.947909527073 0.499097798629
0.947945205479 0.499458679177
0.947980835044 0.499819559726
0.948016415869 0.500180440274
0.948051948052 0.500541320823
0.948087431694 0.500902201371
0.948122866894 0.50126308192
0.948158253752 0.501623962468
0.948193592365 0.501984843017
0.948228882834 0.502345723565
0.948264125255 0.502706604114
0.948299319728 0.503067484663
0.948334466349 0.503428365211
0.948369565217 0.50378924576
0.948404616429 0.504150126308
0.948439620081 0.504511006857
0.948474576271 0.504871887405
0.948509485095 0.505232767954
0.948544346649 0.505593648502
0.948579161028 0.505954529051
0.94861392833 0.506315409599
0.948648648649 0.506676290148
0.94868332208 0.507037170696
0.948717948718 0.507398051245
0.948752528658 0.507758931794
0.948787061995 0.508119812342
0.948821548822 0.508480692891
0.948855989233 0.508841573439
0.948217888366 0.508841573439
0.948252688172 0.509202453988
0.948287441236 0.509563334536
0.948322147651 0.509924215085
0.948356807512 0.510285095633
0.948391420912 0.510645976182
0.948425987944 0.51100685673
0.948460508701 0.511367737279
0.948494983278 0.511728617827
0.948529411765 0.512089498376
0.948563794255 0.512450378925
0.948598130841 0.512811259473
0.948632421614 0.513172140022
0.948666666667 0.51353302057
0.948700866089 0.513893901119
0.948735019973 0.514254781667
0.94876912841 0.514615662216
0.948138297872 0.514615662216
0.947508305648 0.514615662216
0.946879150066 0.514615662216
0.946250829463 0.514615662216
0.946286472149 0.514976542764
0.946322067594 0.515337423313
0.946357615894 0.515698303861
0.946393117141 0.51605918441
0.946428571429 0.516420064958
0.94646397885 0.516780945507
0.946499339498 0.517141826056
0.946534653465 0.517502706604
0.946569920844 0.517863587153
0.946605141727 0.518224467701
0.946640316206 0.51858534825
0.946675444371 0.518946228798
0.946710526316 0.519307109347
0.94674556213 0.519667989895
0.946780551905 0.520028870444
0.946815495732 0.520389750992
0.946850393701 0.520750631541
0.946885245902 0.521111512089
0.946920052425 0.521472392638
0.94695481336 0.521833273187
0.946989528796 0.522194153735
0.947024198823 0.522555034284
0.947058823529 0.522915914832
0.947093403005 0.523276795381
0.947127937337 0.523637675929
0.947162426614 0.523998556478
0.947196870926 0.524359437026
0.947231270358 0.524720317575
0.947265625 0.525081198123
0.947299934938 0.525442078672
0.94733420026 0.52580295922
0.947368421053 0.526163839769
0.947402597403 0.526524720318
0.947436729396 0.526885600866
0.947470817121 0.527246481415
0.947504860661 0.527607361963
0.947538860104 0.527968242512
0.947572815534 0.52832912306
0.947606727038 0.528690003609
0.947640594699 0.529050884157
0.947674418605 0.529411764706
0.947708198838 0.529772645254
0.947741935484 0.530133525803
0.947775628627 0.530494406351
0.947809278351 0.5308552869
0.947198969736 0.5308552869
0.946589446589 0.5308552869
0.946623794212 0.531216167449
0.946658097686 0.531577047997
0.946692357097 0.531937928546
0.946084724005 0.531937928546
0.946119307248 0.532298809094
0.946153846154 0.532659689643
0.946188340807 0.533020570191
0.946222791293 0.53338145074
0.946257197697 0.533742331288
0.946291560102 0.534103211837
0.946325878594 0.534464092385
0.946360153257 0.534824972934
0.946394384174 0.535185853482
0.946428571429 0.535546734031
0.946462715105 0.53590761458
0.946496815287 0.536268495128
0.946530872056 0.536629375677
0.946564885496 0.536990256225
0.94659885569 0.537351136774
0.946632782719 0.537712017322
0.946666666667 0.538072897871
0.946700507614 0.538433778419
0.946734305644 0.538794658968
0.946768060837 0.539155539516
0.946801773274 0.539516420065
0.946835443038 0.539877300613
0.946869070209 0.540238181162
0.946902654867 0.540599061711
0.946936197094 0.540959942259
0.94696969697 0.541320822808
0.947003154574 0.541681703356
0.947036569987 0.542042583905
0.947069943289 0.542403464453
0.947103274559 0.542764345002
0.947136563877 0.54312522555
0.946540880503 0.54312522555
0.946574481458 0.543486106099
0.946608040201 0.543846986647
0.946641556811 0.544207867196
0.946675031368 0.544568747744
0.94670846395 0.544929628293
0.946741854637 0.545290508842
0.946775203507 0.54565138939
0.946808510638 0.546012269939
0.946216385241 0.546012269939
0.94625 0.546373150487
0.946283572767 0.546734031036
0.94631710362 0.547094911584
0.946350592639 0.547455792133
0.9463840399 0.547816672681
0.946417445483 0.54817755323
0.946450809465 0.548538433778
0.945861854387 0.548538433778
0.945895522388 0.548899314327
0.945929148539 0.549260194875
0.945962732919 0.549621075424
0.945996275605 0.549981955973
0.946029776675 0.550342836521
0.946063236206 0.55070371707
0.946096654275 0.551064597618
0.94613003096 0.551425478167
0.946163366337 0.551786358715
0.946196660482 0.552147239264
0.946229913473 0.552508119812
0.946263125386 0.552869000361
0.946296296296 0.553229880909
0.94632942628 0.553590761458
0.946362515413 0.553951642006
0.946395563771 0.554312522555
0.946428571429 0.554673403104
0.946461538462 0.555034283652
0.946494464945 0.555395164201
0.945912722803 0.555395164201
0.945331695332 0.555395164201
0.944751381215 0.555395164201
0.944171779141 0.555395164201
0.943592887799 0.555395164201
0.94362745098 0.555756044749
0.943661971831 0.556116925298
0.943696450428 0.556477805846
0.94373088685 0.556838686395
0.94315403423 0.556838686395
0.942577886378 0.556838686395
0.942612942613 0.557199566943
0.942647956071 0.557560447492
0.942682926829 0.55792132804
0.942717854966 0.558282208589
0.94275274056 0.558643089137
0.942787583688 0.559003969686
0.942822384428 0.559364850235
0.942857142857 0.559725730783
0.942891859052 0.560086611332
0.94292653309 0.56044749188
0.942961165049 0.560808372429
0.942995755003 0.561169252977
0.94303030303 0.561530133526
0.943064809207 0.561891014074
0.943099273608 0.562251894623
0.94313369631 0.562612775171
0.943168077388 0.56297365572
0.943202416918 0.563334536268
0.942632850242 0.563334536268
0.942667471334 0.563695416817
0.942702050663 0.564056297366
0.942736588306 0.564417177914
0.942771084337 0.564778058463
0.942805538832 0.565138939011
0.942839951865 0.56549981956
0.942874323512 0.565860700108
0.942908653846 0.566221580657
0.942942942943 0.566582461205
0.942977190876 0.566943341754
0.94301139772 0.567304222302
0.943045563549 0.567665102851
0.943079688436 0.568025983399
0.943113772455 0.568386863948
0.943147815679 0.568747744497
0.943181818182 0.569108625045
0.943215780036 0.569469505594
0.943249701314 0.569830386142
0.94328358209 0.570191266691
0.943317422434 0.570552147239
0.943351222421 0.570913027788
0.943384982122 0.571273908336
0.942823108993 0.571273908336
0.942857142857 0.571634788885
0.942891136228 0.571995669433
0.94292508918 0.572356549982
0.942959001783 0.57271743053
0.942992874109 0.573078311079
0.943026706231 0.573439191628
0.943060498221 0.573800072176
0.943094250148 0.574160952725
0.943127962085 0.574521833273
0.943161634103 0.574882713822
0.943195266272 0.57524359437
0.943228858664 0.575604474919
0.942671394799 0.575604474919
0.94270525694 0.575965355467
0.942739079103 0.576326236016
0.942772861357 0.576687116564
0.942806603774 0.577047997113
0.942840306423 0.577408877661
0.942873969376 0.57776975821
0.942319011183 0.57776975821
0.941764705882 0.57776975821
0.941798941799 0.578130638759
0.941833137485 0.578491519307
0.941867293012 0.578852399856
0.941901408451 0.579213280404
0.941935483871 0.579574160953
0.941969519343 0.579935041501
0.942003514938 0.58029592205
0.942037470726 0.580656802598
0.942071386776 0.581017683147
0.941520467836 0.581017683147
0.941554646406 0.581378563695
0.941588785047 0.581739444244
0.94162288383 0.582100324792
0.941656942824 0.582461205341
0.941690962099 0.58282208589
0.941724941725 0.583182966438
0.941758881771 0.583543846987
0.941792782305 0.583904727535
0.941826643397 0.584265608084
0.941279069767 0.584265608084
0.940732132481 0.584265608084
0.940766550523 0.584626488632
0.940800928613 0.584987369181
0.940835266821 0.585348249729
0.940869565217 0.585709130278
0.94090382387 0.586070010826
0.940359004053 0.586070010826
0.939814814815 0.586070010826
0.939271255061 0.586070010826
0.939306358382 0.586430891375
0.939341421144 0.586791771923
0.939376443418 0.587152652472
0.939411425274 0.587513533021
0.939446366782 0.587874413569
0.939481268012 0.588235294118
0.939516129032 0.588596174666
0.939550949914 0.588957055215
0.939585730725 0.589317935763
0.939620471535 0.589678816312
0.939655172414 0.59003969686
0.939689833429 0.590400577409
0.93972445465 0.590761457957
0.939759036145 0.591122338506
0.939793577982 0.591483219054
0.939828080229 0.591844099603
0.939862542955 0.592204980152
0.939896966228 0.5925658607
0.939931350114 0.592926741249
0.939965694683 0.593287621797
0.94 0.593648502346
0.940034266134 0.594009382894
0.940068493151 0.594370263443
0.940102681118 0.594731143991
0.940136830103 0.59509202454
0.940170940171 0.595452905088
0.939635535308 0.595452905088
0.939100739898 0.595452905088
0.939135381115 0.595813785637
0.939169982945 0.596174666185
0.939204545455 0.596535546734
0.939239068711 0.596896427283
0.939273552781 0.597257307831
0.939307997731 0.59761818838
0.939342403628 0.597979068928
0.939376770538 0.598339949477
0.939411098528 0.598700830025
0.938879456706 0.598700830025
0.938914027149 0.599061710574
0.938948558508 0.599422591122
0.938983050847 0.599783471671
0.939017504235 0.600144352219
0.93848758465 0.600144352219
0.938522278624 0.600505232768
0.938556933484 0.600866113316
0.938591549296 0.601226993865
0.938626126126 0.601587874414
0.938660664041 0.601948754962
0.938695163105 0.602309635511
0.938729623384 0.602670516059
0.938764044944 0.603031396608
0.93879842785 0.603392277156
0.938832772166 0.603753157705
0.938867077958 0.604114038253
0.938901345291 0.604474918802
0.93837535014 0.604474918802
0.937849944009 0.604474918802
0.937884722999 0.60483579935
0.937919463087 0.605196679899
0.937954164338 0.605557560447
0.937988826816 0.605918440996
0.938023450586 0.606279321545
0.938058035714 0.606640202093
0.93753485778 0.606640202093
0.9375696767 0.607001082642
0.937604456825 0.60736196319
0.937639198218 0.607722843739
0.937673900946 0.608083724287
0.937708565072 0.608444604836
0.937743190661 0.608805485384
0.937222222222 0.608805485384
0.9372570794 0.609166365933
0.937291897891 0.609527246481
0.937326677759 0.60988812703
0.937361419069 0.610249007578
0.937396121884 0.610609888127
0.937430786268 0.610970768676
0.937465412286 0.611331649224
0.9375 0.611692529773
0.937534549475 0.612053410321
0.937569060773 0.61241429087
0.937603533959 0.612775171418
0.937637969095 0.613136051967
0.937672366244 0.613496932515
0.937706725469 0.613857813064
0.937741046832 0.614218693612
0.937775330396 0.614579574161
0.937809576225 0.614940454709
0.937843784378 0.615301335258
0.93787795492 0.615662215807
0.937912087912 0.616023096355
0.937946183416 0.616383976904
0.937980241493 0.616744857452
0.938014262205 0.617105738001
0.938048245614 0.617466618549
0.938082191781 0.617827499098
0.938116100767 0.618188379646
0.938149972633 0.618549260195
0.93818380744 0.618910140743
0.937670858393 0.618910140743
0.937158469945 0.618910140743
0.937192790825 0.619271021292
0.937227074236 0.61963190184
0.93726132024 0.619992782389
0.937295528899 0.620353662938
0.937329700272 0.620714543486
0.937363834423 0.621075424035
0.93739793141 0.621436304583
0.937431991295 0.621797185132
0.937466014138 0.62215806568
0.9375 0.622518946229
0.937533948941 0.622879826777
0.937567861021 0.623240707326
0.9376017363 0.623601587874
0.937635574837 0.623962468423
0.937669376694 0.624323348971
0.937703141928 0.62468422952
0.937736870601 0.625045110069
0.937770562771 0.625405990617
0.937804218496 0.625766871166
0.937837837838 0.626127751714
0.937871420854 0.626488632263
0.937904967603 0.626849512811
0.937938478144 0.62721039336
0.937971952535 0.627571273908
0.938005390836 0.627932154457
0.938038793103 0.628293035005
0.938072159397 0.628653915554
0.938105489774 0.629014796102
0.938138784293 0.629375676651
0.938172043011 0.6297365572
0.938205265986 0.630097437748
0.938238453276 0.630458318297
0.938271604938 0.630819198845
0.93830472103 0.631180079394
0.938337801609 0.631540959942
0.938370846731 0.631901840491
0.938403856454 0.632262721039
0.938436830835 0.632623601588
0.93846976993 0.632984482136
0.938502673797 0.633345362685
0.938535542491 0.633706243233
0.938568376068 0.634067123782
0.938601174586 0.634428004331
0.9386339381 0.634788884879
0.938666666667 0.635149765428
0.938699360341 0.635510645976
0.93873201918 0.635871526525
0.938764643237 0.636232407073
0.938797232571 0.636593287622
0.938829787234 0.63695416817
0.938862307283 0.637315048719
0.938363443146 0.637315048719
0.938396176314 0.637675929267
0.938428874735 0.638036809816
0.938461538462 0.638397690364
0.93849416755 0.638758570913
0.938526762056 0.639119451462
0.938029661017 0.639119451462
0.938062466914 0.63948033201
0.938095238095 0.639841212559
0.938127974617 0.640202093107
0.938160676533 0.640562973656
0.938193343899 0.640923854204
0.938225976769 0.641284734753
0.938258575198 0.641645615301
0.938291139241 0.64200649585
0.938323668951 0.642367376398
0.938356164384 0.642728256947
0.938388625592 0.643089137495
0.938421052632 0.643450018044
0.937927406628 0.643450018044
0.937960042061 0.643810898593
0.937992643195 0.644171779141
0.938025210084 0.64453265969
0.938057742782 0.644893540238
0.938090241343 0.645254420787
0.938122705821 0.645615301335
0.938155136268 0.645976181884
0.93818753274 0.646337062432
0.938219895288 0.646697942981
0.938252223967 0.647058823529
0.938284518828 0.647419704078
0.937794040774 0.647419704078
0.937826541275 0.647780584626
0.937859007833 0.648141465175
0.937891440501 0.648502345724
0.937923839332 0.648863226272
0.93795620438 0.649224106821
0.937988535696 0.649584987369
0.938020833333 0.649945867918
0.938053097345 0.650306748466
0.938085327784 0.650667629015
0.938117524701 0.651028509563
0.93814968815 0.651389390112
0.938181818182 0.65175027066
0.938213914849 0.652111151209
0.938245978204 0.652472031757
0.938278008299 0.652832912306
0.938310005184 0.653193792855
0.938341968912 0.653554673403
0.937856033143 0.653554673403
0.937370600414 0.653554673403
0.937403000517 0.653915553952
0.937435367115 0.6542764345
0.937467700258 0.654637315049
0.9375 0.654998195597
0.937532266391 0.655359076146
0.937564499484 0.655719956694
0.93759669933 0.656080837243
0.937628865979 0.656441717791
0.937660999485 0.65680259834
0.937693099897 0.657163478888
0.937725167267 0.657524359437
0.937757201646 0.657885239986
0.937789203085 0.658246120534
0.937821171634 0.658607001083
0.937853107345 0.658967881631
0.937885010267 0.65932876218
0.937916880452 0.659689642728
0.937948717949 0.660050523277
0.937980522809 0.660411403825
0.938012295082 0.660772284374
0.938044034818 0.661133164922
0.938075742068 0.661494045471
0.937595907928 0.661494045471
0.937627811861 0.661854926019
0.937659683189 0.662215806568
0.937691521961 0.662576687117
0.937723328229 0.662937567665
0.937755102041 0.663298448214
0.937786843447 0.663659328762
0.937818552497 0.664020209311
0.937850229241 0.664381089859
0.937881873727 0.664741970408
0.937913486005 0.665102850956
0.937945066124 0.665463731505
0.937976614133 0.665824612053
0.938008130081 0.666185492602
0.937531742001 0.666185492602
0.937563451777 0.66654637315
0.937595129376 0.666907253699
0.937626774848 0.667268134248
0.937658388241 0.667629014796
0.937689969605 0.667989895345
0.937721518987 0.668350775893
0.937753036437 0.668711656442
0.937784522003 0.66907253699
0.937815975733 0.669433417539
0.937847397676 0.669794298087
0.937878787879 0.670155178636
0.937910146391 0.670516059184
0.937941473259 0.670876939733
0.937972768533 0.671237820281
0.938004032258 0.67159870083
0.938035264484 0.671959581379
0.937562940584 0.671959581379
0.937594363362 0.672320461927
0.937625754527 0.672681342476
0.937657114128 0.673042223024
0.937688442211 0.673403103573
0.937719738825 0.673763984121
0.937751004016 0.67412486467
0.937782237832 0.674485745218
0.937813440321 0.674846625767
0.937343358396 0.674846625767
0.937374749499 0.675207506315
0.937406109164 0.675568386864
0.937437437437 0.675929267412
0.937468734367 0.676290147961
0.9375 0.67665102851
0.937531234383 0.677011909058
0.937562437562 0.677372789607
0.937593609586 0.677733670155
0.937125748503 0.677733670155
0.936658354115 0.677733670155
0.936689930209 0.678094550704
0.936721474838 0.678455431252
0.936752988048 0.678816311801
0.936784469886 0.679177192349
0.936815920398 0.679538072898
0.93635007459 0.679538072898
0.936381709742 0.679898953446
0.936413313462 0.680259833995
0.936444885799 0.680620714543
0.936476426799 0.680981595092
0.936507936508 0.681342475641
0.936539414973 0.681703356189
0.93657086224 0.682064236738
0.936602278356 0.682425117286
0.936138613861 0.682425117286
0.936170212766 0.682785997835
0.935707220574 0.682785997835
0.935739001483 0.683146878383
0.935770750988 0.683507758932
0.935802469136 0.68386863948
0.935834155972 0.684229520029
0.935865811544 0.684590400577
0.935897435897 0.684951281126
0.935929029078 0.685312161674
0.935960591133 0.685673042223
0.935992122107 0.686033922772
0.936023622047 0.68639480332
0.936055090999 0.686755683869
0.936086529007 0.687116564417
0.936117936118 0.687477444966
0.936149312377 0.687838325514
0.93618065783 0.688199206063
0.935721295388 0.688199206063
0.935262383521 0.688199206063
0.935294117647 0.688560086611
0.935325820676 0.68892096716
0.935357492654 0.689281847708
0.934899657367 0.689281847708
0.934931506849 0.689642728257
0.934963325183 0.690003608805
0.934995112414 0.690364489354
0.934538348803 0.690364489354
0.9345703125 0.690725369903
0.934602244998 0.691086250451
0.934634146341 0.691447131
0.934666016577 0.691808011548
0.934210526316 0.691808011548
0.934242571846 0.692168892097
0.934274586173 0.692529772645
0.934306569343 0.692890653194
0.934338521401 0.693251533742
0.934370442392 0.693612414291
0.934402332362 0.693973294839
0.934434191355 0.694334175388
0.934466019417 0.694695055936
0.934497816594 0.695055936485
0.934529582929 0.695416817034
0.934561318468 0.695777697582
0.934593023256 0.696138578131
0.934624697337 0.696499458679
0.934656340755 0.696860339228
0.934687953556 0.697221219776
0.934235976789 0.697221219776
0.934267762204 0.697582100325
0.934299516908 0.697942980873
0.934331240946 0.698303861422
0.934362934363 0.69866474197
0.934394597202 0.699025622519
0.934426229508 0.699386503067
0.934457831325 0.699747383616
0.934489402697 0.700108264165
0.934520943669 0.700469144713
0.934552454283 0.700830025262
0.934583934584 0.70119090581
0.934615384615 0.701551786359
0.934646804421 0.701912666907
0.934678194044 0.702273547456
0.934709553529 0.702634428004
0.934261036468 0.702634428004
0.934292565947 0.702995308553
0.934324065197 0.703356189101
0.933876377575 0.703356189101
0.933908045977 0.70371706965
0.933939684059 0.704077950198
0.933492822967 0.704077950198
0.933524629364 0.704438830747
0.933556405354 0.704799711296
0.933588150979 0.705160591844
0.933619866285 0.705521472393
0.933651551313 0.705882352941
0.93320610687 0.705882352941
0.933237958989 0.70624323349
0.93279313632 0.70624323349
0.932825154836 0.706604114038
0.932857142857 0.706964994587
0.932889100428 0.707325875135
0.932921027593 0.707686755684
0.932952924394 0.708047636232
0.932984790875 0.708408516781
0.932541567696 0.708408516781
0.932098765432 0.708408516781
0.932130991932 0.708769397329
0.932163187856 0.709130277878
0.932195353248 0.709491158427
0.932227488152 0.709852038975
0.93225959261 0.710212919524
0.932291666667 0.710573800072
0.932323710364 0.710934680621
0.932355723746 0.711295561169
0.931914893617 0.711295561169
0.931947069943 0.711656441718
0.931979215872 0.712017322266
0.931539187913 0.712017322266
0.931571495989 0.712378202815
0.931603773585 0.712739083363
0.931164545026 0.712739083363
0.931196983977 0.713099963912
0.931229392369 0.71346084446
0.931261770245 0.713821725009
0.931294117647 0.714182605558
0.931326434619 0.714543486106
0.931358721204 0.714904366655
0.931390977444 0.715265247203
0.931423203382 0.715626127752
0.931455399061 0.7159870083
0.931487564524 0.716347888849
0.931519699812 0.716708769397
0.931082981716 0.716708769397
0.931115276476 0.717069649946
0.931147540984 0.717430530494
0.931179775281 0.717791411043
0.93121197941 0.718152291591
0.931244153414 0.71851317214
0.931276297335 0.718874052689
0.931308411215 0.719234933237
0.930873423634 0.719234933237
0.930905695612 0.719595813786
0.930937937471 0.719956694334
0.930503731343 0.719956694334
0.930536130536 0.720317574883
0.930568499534 0.720678455431
0.930600838379 0.72103933598
0.930633147114 0.721400216528
0.930665425779 0.721761097077
0.930697674419 0.722121977625
0.930729893073 0.722482858174
0.930762081784 0.722843738722
0.930794240595 0.723204619271
0.930826369545 0.72356549982
0.930858468677 0.723926380368
0.930426716141 0.723926380368
0.930458970793 0.724287260917
0.930491195551 0.724648141465
0.930523390459 0.725009022014
0.930555555556 0.725369902562
0.930124942156 0.725369902562
0.929694727105 0.725369902562
0.929727230698 0.725730783111
0.929759704251 0.726091663659
0.929792147806 0.726452544208
0.929824561404 0.726813424756
0.929856945085 0.727174305305
0.929889298893 0.727535185853
0.929921622868 0.727896066402
0.929953917051 0.728256946951
0.929986181483 0.728617827499
0.930018416206 0.728978708048
0.930050621261 0.729339588596
0.930082796688 0.729700469145
0.930114942529 0.730061349693
0.930147058824 0.730422230242
0.930179145613 0.73078311079
0.930211202938 0.731143991339
0.93024323084 0.731504871887
0.929816513761 0.731504871887
0.92984869326 0.731865752436
0.929880843263 0.732226632984
0.929912963811 0.732587513533
0.929945054945 0.732948394082
0.929977116705 0.73330927463
0.930009149131 0.733670155179
0.929583904893 0.733670155179
0.92915904936 0.733670155179
0.928734582001 0.733670155179
0.928767123288 0.734031035727
0.928343222273 0.734031035727
0.928375912409 0.734391916276
0.928408572731 0.734752796824
0.928441203282 0.735113677373
0.9284738041 0.735474557921
0.928051001821 0.735474557921
0.927628584433 0.735474557921
0.92720655141 0.735474557921
0.927239654388 0.73583543847
0.926818181818 0.73583543847
0.926851431168 0.736196319018
0.926884650318 0.736557199567
0.92691783931 0.736918080115
0.926950998185 0.737278960664
0.926530612245 0.737278960664
0.926563916591 0.737639841213
0.926144086996 0.737639841213
0.926177536232 0.738000721761
0.926210955183 0.73836160231
0.926244343891 0.738722482858
0.926277702397 0.739083363407
0.926311030741 0.739444243955
0.926344328965 0.739805124504
0.926377597109 0.740166005052
0.925959367946 0.740166005052
0.925992779783 0.740526885601
0.926026161479 0.740887766149
0.926059513075 0.741248646698
0.92609283461 0.741609527246
0.925675675676 0.741609527246
0.925709140027 0.741970407795
0.925742574257 0.742331288344
0.925775978408 0.742692168892
0.92535971223 0.742692168892
0.925393258427 0.743053049441
0.925426774483 0.743413929989
0.92546026044 0.743774810538
0.925044883303 0.743774810538
0.925078510543 0.744135691086
0.925112107623 0.744496571635
0.925145674585 0.744857452183
0.92517921147 0.745218332732
0.925212718316 0.74557921328
0.925246195166 0.745940093829
0.925279642058 0.746300974377
0.925313059034 0.746661854926
0.925346446133 0.747022735475
0.924932975871 0.747022735475
0.924519874944 0.747022735475
0.924107142857 0.747022735475
0.923694779116 0.747022735475
0.923282783229 0.747022735475
0.923316986179 0.747383616023
0.923351158645 0.747744496572
0.923385300668 0.74810537712
0.922974176313 0.74810537712
0.923008455719 0.748466257669
0.923042704626 0.748827138217
0.923076923077 0.749188018766
0.922666666667 0.749188018766
0.922256774767 0.749188018766
0.921847246892 0.749188018766
0.921881935198 0.749548899314
0.921916592724 0.749909779863
0.921951219512 0.750270660411
0.921542553191 0.750270660411
0.92157731502 0.75063154096
0.921612046058 0.750992421508
0.921204072598 0.750992421508
0.921238938053 0.751353302057
0.921273772667 0.751714182606
0.920866489832 0.751714182606
0.920901458241 0.752075063154
0.92093639576 0.752435943703
0.920971302428 0.752796824251
0.920564872021 0.752796824251
0.920158800176 0.752796824251
0.91975308642 0.752796824251
0.919347730278 0.752796824251
0.918942731278 0.752796824251
0.918978423602 0.7531577048
0.919014084507 0.753518585348
0.918609766828 0.753518585348
0.918205804749 0.753518585348
0.918241758242 0.753879465897
0.918277680141 0.754240346445
0.918313570487 0.754601226994
0.918349429324 0.754962107542
0.917946467749 0.754962107542
0.91798245614 0.755322988091
0.918018412977 0.755683868639
0.917616126205 0.755683868639
0.917214191853 0.755683868639
0.917250437828 0.756044749188
0.917286652079 0.756405629737
0.917322834646 0.756766510285
0.917358985571 0.757127390834
0.917395104895 0.757488271382
0.917431192661 0.757849151931
0.917467248908 0.758210032479
0.91750327368 0.758570913028
0.917539267016 0.758931793576
0.917575228958 0.759292674125
0.917611159547 0.759653554673
0.917647058824 0.760014435222
0.91724738676 0.760014435222
0.917283413148 0.76037531577
0.917319408181 0.760736196319
0.917355371901 0.761097076868
0.916956521739 0.761097076868
0.916992611908 0.761457957416
0.917028670721 0.761818837965
0.91706469822 0.762179718513
0.917100694444 0.762540599062
0.916702819957 0.762540599062
0.916305290546 0.762540599062
0.915908105765 0.762540599062
0.915944540728 0.76290147961
0.915980944132 0.763262360159
0.916017316017 0.763623240707
0.915620943315 0.763623240707
0.915224913495 0.763623240707
0.915261565067 0.763984121256
0.915298184961 0.764345001804
0.915334773218 0.764705882353
0.915371329879 0.765066762901
0.914976262408 0.765066762901
0.915012942192 0.76542764345
0.915049590341 0.765788523999
0.915086206897 0.766149404547
0.914691943128 0.766149404547
0.914298018949 0.766149404547
0.914334911752 0.766510285096
0.914371772806 0.766871165644
0.913978494624 0.766871165644
0.914015477214 0.767232046193
0.914052428019 0.767592926741
0.913659793814 0.767592926741
0.91326749678 0.767592926741
0.91330472103 0.76795380729
0.913341913342 0.768314687838
0.91295025729 0.768314687838
0.912987569653 0.768675568387
0.913024850043 0.769036448935
0.912633832976 0.769036448935
0.912243150685 0.769036448935
0.911852802739 0.769036448935
0.911890504705 0.769397329484
0.911928174434 0.769758210032
0.911965811966 0.770119090581
0.912003417343 0.77047997113
0.912040990606 0.770840851678
0.911651728553 0.770840851678
0.911689419795 0.771201732227
0.911300639659 0.771201732227
0.911338448423 0.771562612775
0.910950149127 0.771562612775
0.910988074957 0.771923493324
0.910600255428 0.771923493324
0.910638297872 0.772284373872
0.910676307954 0.772645254421
0.910714285714 0.773006134969
0.910327241819 0.773006134969
0.909940526763 0.773006134969
0.909978768577 0.773367015518
0.909592529711 0.773367015518
0.90963088672 0.773727896066
0.909245122986 0.773727896066
0.909283594744 0.774088776615
0.908898305085 0.774088776615
0.908513341804 0.774088776615
0.908128704488 0.774088776615
0.90816758358 0.774449657163
0.90820642978 0.774810537712
0.908245243129 0.775171418261
0.908284023669 0.775532298809
0.908322771441 0.775893179358
0.907939189189 0.775893179358
0.90797804981 0.776254059906
0.908016877637 0.776614940455
0.908055672712 0.776975821003
0.908094435076 0.777336701552
0.90813316477 0.7776975821
0.908171861837 0.778058462649
0.908210526316 0.778419343197
0.907828282828 0.778419343197
0.907867059318 0.778780223746
0.907905803196 0.779141104294
0.907944514502 0.779501984843
0.907983193277 0.779862865392
0.908021839563 0.78022374594
0.908060453401 0.780584626489
0.90767939572 0.780584626489
0.907718120805 0.780945507037
0.907756813417 0.781306387586
0.907795473596 0.781667268134
0.90741516548 0.781667268134
0.907035175879 0.781667268134
0.906655504395 0.781667268134
0.906276150628 0.781667268134
0.906315349226 0.782028148683
0.905936454849 0.782028148683
0.905557877142 0.782028148683
0.905179615706 0.782028148683
0.905219206681 0.782389029231
0.904841402337 0.782389029231
0.904881101377 0.78274990978
0.904920767306 0.783110790328
0.904543559817 0.783110790328
0.904583333333 0.783471670877
0.904623073719 0.783832551425
0.904662781016 0.784193431974
0.904286308781 0.784193431974
0.904326123128 0.784554312523
0.90395010395 0.784554312523
0.903990024938 0.784915193071
0.904029912754 0.78527607362
0.90365448505 0.78527607362
0.903279369033 0.78527607362
0.902904564315 0.78527607362
0.902944836168 0.785636954168
0.902985074627 0.785997834717
0.903025279735 0.786358715265
0.903065451533 0.786719595814
0.902691511387 0.786719595814
0.902731788079 0.787080476362
0.902772031444 0.787441356911
0.902398676592 0.787441356911
0.90243902439 0.787802237459
0.902066115702 0.787802237459
0.902106567534 0.788163118008
0.902146985962 0.788523998556
0.901774659513 0.788523998556
0.901402640264 0.788523998556
0.901030927835 0.788523998556
0.901071723001 0.788884879105
0.900700453234 0.788884879105
0.900741350906 0.789245759654
0.900370522849 0.789245759654
0.900411522634 0.789606640202
0.900452488688 0.789967520751
0.900493421053 0.790328401299
0.90053431977 0.790689281848
0.900164338537 0.790689281848
0.900205338809 0.791050162396
0.900246305419 0.791411042945
0.899876897825 0.791411042945
0.899507793273 0.791411042945
0.89913899139 0.791411042945
0.898770491803 0.791411042945
0.898402294142 0.791411042945
0.898034398034 0.791411042945
0.897666803111 0.791411042945
0.897708674304 0.791771923493
0.897341513292 0.791771923493
0.897383483238 0.792132804042
0.89701675521 0.792132804042
0.897058823529 0.79249368459
0.896692527562 0.79249368459
0.896734693878 0.792854565139
0.896776825785 0.793215445687
0.896818923328 0.793576326236
0.896860986547 0.793937206785
0.896495517522 0.793937206785
0.896130346232 0.793937206785
0.896172638436 0.794298087333
0.895807895808 0.794298087333
0.895850284784 0.794658967882
0.895892639284 0.79501984843
0.89593495935 0.795380728979
0.895570906136 0.795380728979
0.895613322502 0.795741609527
0.895249695493 0.795741609527
0.895292207792 0.796102490076
0.894929006085 0.796102490076
0.894566098946 0.796102490076
0.894203486015 0.796102490076
0.893841166937 0.796102490076
0.893479141353 0.796102490076
0.893117408907 0.796102490076
0.892755969243 0.796102490076
0.892394822006 0.796102490076
0.892438334007 0.796463370624
0.892077607114 0.796463370624
0.891717171717 0.796463370624
0.891760904685 0.796824251173
0.891400888171 0.796824251173
0.891041162228 0.796824251173
0.891085114966 0.797185131721
0.891129032258 0.79754601227
0.890769850867 0.79754601227
0.890410958904 0.79754601227
0.890052356021 0.79754601227
0.889694041868 0.79754601227
0.889336016097 0.79754601227
0.889380530973 0.797906892818
0.88902291918 0.797906892818
0.889067524116 0.798267773367
0.88911209321 0.798628653916
0.88875502008 0.798628653916
0.888398233641 0.798628653916
0.888443017657 0.798989534464
0.888086642599 0.798989534464
0.887730553328 0.798989534464
0.887374749499 0.798989534464
0.887419871795 0.799350415013
0.887064477373 0.799350415013
0.886709367494 0.799350415013
0.886354541817 0.799350415013
