0 0.0
1.0 0.000360880548538
1.0 0.000721761097077
1.0 0.00108264164562
0.75 0.00108264164562
0.8 0.00144352219415
0.833333333333 0.00180440274269
0.857142857143 0.00216528329123
0.875 0.00252616383977
0.888888888889 0.00288704438831
0.9 0.00324792493685
0.909090909091 0.00360880548538
0.916666666667 0.00396968603392
0.923076923077 0.00433056658246
0.928571428571 0.004691447131
0.933333333333 0.00505232767954
0.9375 0.00541320822808
0.941176470588 0.00577408877661
0.944444444444 0.00613496932515
0.947368421053 0.00649584987369
0.95 0.00685673042223
0.952380952381 0.00721761097077
0.954545454545 0.00757849151931
0.95652173913 0.00793937206785
0.958333333333 0.00830025261638
0.96 0.00866113316492
0.961538461538 0.00902201371346
0.962962962963 0.009382894262
0.964285714286 0.00974377481054
0.965517241379 0.0101046553591
0.966666666667 0.0104655359076
0.967741935484 0.0108264164562
0.96875 0.0111872970047
0.969696969697 0.0115481775532
0.970588235294 0.0119090581018
0.942857142857 0.0119090581018
0.944444444444 0.0122699386503
0.945945945946 0.0126308191988
0.947368421053 0.0129916997474
0.948717948718 0.0133525802959
0.95 0.0137134608445
0.951219512195 0.014074341393
0.952380952381 0.0144352219415
0.953488372093 0.0147961024901
0.954545454545 0.0151569830386
0.955555555556 0.0155178635872
0.95652173913 0.0158787441357
0.957446808511 0.0162396246842
0.958333333333 0.0166005052328
0.959183673469 0.0169613857813
0.96 0.0173222663298
0.960784313725 0.0176831468784
0.961538461538 0.0180440274269
0.962264150943 0.0184049079755
0.962962962963 0.018765788524
0.963636363636 0.0191266690725
0.964285714286 0.0194875496211
0.964912280702 0.0198484301696
0.965517241379 0.0202093107182
0.966101694915 0.0205701912667
0.966666666667 0.0209310718152
0.967213114754 0.0212919523638
0.967741935484 0.0216528329123
0.968253968254 0.0220137134608
0.96875 0.0223745940094
0.969230769231 0.0227354745579
0.969696969697 0.0230963551065
0.970149253731 0.023457235655
0.970588235294 0.0238181162035
0.95652173913 0.0238181162035
0.957142857143 0.0241789967521
0.957746478873 0.0245398773006
0.958333333333 0.0249007578492
0.958904109589 0.0252616383977
0.959459459459 0.0256225189462
0.96 0.0259833994948
0.947368421053 0.0259833994948
0.948051948052 0.0263442800433
0.948717948718 0.0267051605918
0.949367088608 0.0270660411404
0.95 0.0274269216889
0.950617283951 0.0277878022375
0.951219512195 0.028148682786
0.939759036145 0.028148682786
0.940476190476 0.0285095633345
0.941176470588 0.0288704438831
0.941860465116 0.0292313244316
0.942528735632 0.0295922049802
0.931818181818 0.0295922049802
0.932584269663 0.0299530855287
0.933333333333 0.0303139660772
0.934065934066 0.0306748466258
0.934782608696 0.0310357271743
0.935483870968 0.0313966077228
0.936170212766 0.0317574882714
0.936842105263 0.0321183688199
0.9375 0.0324792493685
0.938144329897 0.032840129917
0.938775510204 0.0332010104655
0.939393939394 0.0335618910141
0.94 0.0339227715626
0.940594059406 0.0342836521112
0.941176470588 0.0346445326597
0.941747572816 0.0350054132082
0.942307692308 0.0353662937568
0.942857142857 0.0357271743053
0.943396226415 0.0360880548538
0.943925233645 0.0364489354024
0.944444444444 0.0368098159509
0.94495412844 0.0371706964995
0.945454545455 0.037531577048
0.945945945946 0.0378924575965
0.946428571429 0.0382533381451
0.946902654867 0.0386142186936
0.947368421053 0.0389750992422
0.947826086957 0.0393359797907
0.948275862069 0.0396968603392
0.948717948718 0.0400577408878
0.949152542373 0.0404186214363
0.949579831933 0.0407795019848
0.95 0.0411403825334
0.942148760331 0.0411403825334
0.94262295082 0.0415012630819
0.943089430894 0.0418621436305
0.943548387097 0.042223024179
0.944 0.0425839047275
0.944444444444 0.0429447852761
0.944881889764 0.0433056658246
0.9453125 0.0436665463732
0.945736434109 0.0440274269217
0.946153846154 0.0443883074702
0.946564885496 0.0447491880188
0.94696969697 0.0451100685673
0.947368421053 0.0454709491158
0.94776119403 0.0458318296644
0.948148148148 0.0461927102129
0.948529411765 0.0465535907615
0.948905109489 0.04691447131
0.949275362319 0.0472753518585
0.94964028777 0.0476362324071
0.95 0.0479971129556
0.950354609929 0.0483579935042
0.950704225352 0.0487188740527
0.951048951049 0.0490797546012
0.951388888889 0.0494406351498
0.951724137931 0.0498015156983
0.952054794521 0.0501623962468
0.952380952381 0.0505232767954
0.952702702703 0.0508841573439
0.953020134228 0.0512450378925
0.953333333333 0.051605918441
0.953642384106 0.0519667989895
0.953947368421 0.0523276795381
0.954248366013 0.0526885600866
0.954545454545 0.0530494406351
0.954838709677 0.0534103211837
0.955128205128 0.0537712017322
0.955414012739 0.0541320822808
0.955696202532 0.0544929628293
0.955974842767 0.0548538433778
0.95625 0.0552147239264
0.95652173913 0.0555756044749
0.956790123457 0.0559364850235
0.957055214724 0.056297365572
0.957317073171 0.0566582461205
0.957575757576 0.0570191266691
0.957831325301 0.0573800072176
0.958083832335 0.0577408877661
0.958333333333 0.0581017683147
0.958579881657 0.0584626488632
0.958823529412 0.0588235294118
0.959064327485 0.0591844099603
0.959302325581 0.0595452905088
0.953757225434 0.0595452905088
0.954022988506 0.0599061710574
0.954285714286 0.0602670516059
0.954545454545 0.0606279321545
0.954802259887 0.060988812703
0.955056179775 0.0613496932515
0.949720670391 0.0613496932515
0.95 0.0617105738001
0.950276243094 0.0620714543486
0.950549450549 0.0624323348971
0.950819672131 0.0627932154457
0.951086956522 0.0631540959942
0.951351351351 0.0635149765428
0.951612903226 0.0638758570913
0.951871657754 0.0642367376398
0.946808510638 0.0642367376398
0.94708994709 0.0645976181884
0.947368421053 0.0649584987369
0.947643979058 0.0653193792855
0.947916666667 0.065680259834
0.943005181347 0.065680259834
0.943298969072 0.0660411403825
0.94358974359 0.0664020209311
0.94387755102 0.0667629014796
0.944162436548 0.0671237820281
0.944444444444 0.0674846625767
0.94472361809 0.0678455431252
0.945 0.0682064236738
0.945273631841 0.0685673042223
0.945544554455 0.0689281847708
0.945812807882 0.0692890653194
0.946078431373 0.0696499458679
0.946341463415 0.0700108264165
0.946601941748 0.070371706965
0.946859903382 0.0707325875135
0.947115384615 0.0710934680621
0.947368421053 0.0714543486106
0.947619047619 0.0718152291591
0.947867298578 0.0721761097077
0.948113207547 0.0725369902562
0.948356807512 0.0728978708048
0.948598130841 0.0732587513533
0.948837209302 0.0736196319018
0.949074074074 0.0739805124504
0.94930875576 0.0743413929989
0.949541284404 0.0747022735475
0.949771689498 0.075063154096
0.95 0.0754240346445
0.950226244344 0.0757849151931
0.95045045045 0.0761457957416
0.95067264574 0.0765066762901
0.946428571429 0.0765066762901
0.946666666667 0.0768675568387
0.946902654867 0.0772284373872
0.947136563877 0.0775893179358
0.947368421053 0.0779501984843
0.947598253275 0.0783110790328
0.947826086957 0.0786719595814
0.948051948052 0.0790328401299
0.948275862069 0.0793937206785
0.948497854077 0.079754601227
0.948717948718 0.0801154817755
0.948936170213 0.0804763623241
0.949152542373 0.0808372428726
0.949367088608 0.0811981234211
0.949579831933 0.0815590039697
0.949790794979 0.0819198845182
0.95 0.0822807650668
0.95020746888 0.0826416456153
0.95041322314 0.0830025261638
0.950617283951 0.0833634067124
0.950819672131 0.0837242872609
0.951020408163 0.0840851678095
0.951219512195 0.084446048358
0.951417004049 0.0848069289065
0.951612903226 0.0851678094551
0.951807228916 0.0855286900036
0.952 0.0858895705521
0.95219123506 0.0862504511007
0.952380952381 0.0866113316492
0.95256916996 0.0869722121978
0.952755905512 0.0873330927463
0.952941176471 0.0876939732948
0.953125 0.0880548538434
0.953307392996 0.0884157343919
0.953488372093 0.0887766149405
0.953667953668 0.089137495489
0.953846153846 0.0894983760375
0.954022988506 0.0898592565861
0.954198473282 0.0902201371346
0.954372623574 0.0905810176831
0.954545454545 0.0909418982317
0.954716981132 0.0913027787802
0.954887218045 0.0916636593288
0.955056179775 0.0920245398773
0.955223880597 0.0923854204258
0.955390334572 0.0927463009744
0.955555555556 0.0931071815229
0.955719557196 0.0934680620715
0.955882352941 0.09382894262
0.956043956044 0.0941898231685
0.956204379562 0.0945507037171
0.956363636364 0.0949115842656
0.95652173913 0.0952724648141
0.956678700361 0.0956333453627
0.956834532374 0.0959942259112
0.956989247312 0.0963551064598
0.957142857143 0.0967159870083
0.957295373665 0.0970768675568
0.957446808511 0.0974377481054
0.957597173145 0.0977986286539
0.957746478873 0.0981595092025
0.957894736842 0.098520389751
0.958041958042 0.0988812702995
0.95818815331 0.0992421508481
0.958333333333 0.0996030313966
0.958477508651 0.0999639119451
0.955172413793 0.0999639119451
0.955326460481 0.100324792494
0.955479452055 0.100685673042
0.955631399317 0.101046553591
0.955782312925 0.101407434139
0.95593220339 0.101768314688
0.956081081081 0.102129195236
0.956228956229 0.102490075785
0.956375838926 0.102850956333
0.95652173913 0.103211836882
0.956666666667 0.103572717431
0.956810631229 0.103933597979
0.956953642384 0.104294478528
0.957095709571 0.104655359076
0.957236842105 0.105016239625
0.95737704918 0.105377120173
0.957516339869 0.105738000722
0.957654723127 0.10609888127
0.957792207792 0.106459761819
0.957928802589 0.106820642367
0.958064516129 0.107181522916
0.95498392283 0.107181522916
0.955128205128 0.107542403464
0.955271565495 0.107903284013
0.955414012739 0.108264164562
0.955555555556 0.10862504511
0.955696202532 0.108985925659
0.955835962145 0.109346806207
0.955974842767 0.109707686756
0.956112852665 0.110068567304
0.95625 0.110429447853
0.956386292835 0.110790328401
0.95652173913 0.11115120895
0.956656346749 0.111512089498
0.953703703704 0.111512089498
0.950769230769 0.111512089498
0.950920245399 0.111872970047
0.951070336391 0.112233850595
0.951219512195 0.112594731144
0.951367781155 0.112955611693
0.951515151515 0.113316492241
0.95166163142 0.11367737279
0.951807228916 0.114038253338
0.951951951952 0.114399133887
0.952095808383 0.114760014435
0.95223880597 0.115120894984
0.952380952381 0.115481775532
0.952522255193 0.115842656081
0.952662721893 0.116203536629
0.952802359882 0.116564417178
0.952941176471 0.116925297726
0.953079178886 0.117286178275
0.953216374269 0.117647058824
0.953352769679 0.118007939372
0.953488372093 0.118368819921
0.953623188406 0.118729700469
0.953757225434 0.119090581018
0.953890489914 0.119451461566
0.954022988506 0.119812342115
0.954154727794 0.120173222663
0.954285714286 0.120534103212
0.954415954416 0.12089498376
0.954545454545 0.121255864309
0.954674220963 0.121616744857
0.954802259887 0.121977625406
0.954929577465 0.122338505955
0.955056179775 0.122699386503
0.955182072829 0.123060267052
0.95530726257 0.1234211476
0.955431754875 0.123782028149
0.955555555556 0.124142908697
0.95567867036 0.124503789246
0.955801104972 0.124864669794
0.955922865014 0.125225550343
0.956043956044 0.125586430891
0.956164383562 0.12594731144
0.956284153005 0.126308191988
0.956403269755 0.126669072537
0.95652173913 0.127029953086
0.956639566396 0.127390833634
0.956756756757 0.127751714183
0.956873315364 0.128112594731
0.956989247312 0.12847347528
0.957104557641 0.128834355828
0.957219251337 0.129195236377
0.957333333333 0.129556116925
0.957446808511 0.129916997474
0.957559681698 0.130277878022
0.957671957672 0.130638758571
0.957783641161 0.130999639119
0.957894736842 0.131360519668
0.958005249344 0.131721400217
0.958115183246 0.132082280765
0.958224543081 0.132443161314
0.958333333333 0.132804041862
0.958441558442 0.133164922411
0.958549222798 0.133525802959
0.958656330749 0.133886683508
0.958762886598 0.134247564056
0.958868894602 0.134608444605
0.95641025641 0.134608444605
0.95652173913 0.134969325153
0.956632653061 0.135330205702
0.956743002545 0.13569108625
0.954314720812 0.13569108625
0.951898734177 0.13569108625
0.95202020202 0.136051966799
0.952141057935 0.136412847348
0.952261306533 0.136773727896
0.952380952381 0.137134608445
0.9525 0.137495488993
0.952618453865 0.137856369542
0.952736318408 0.13821725009
0.952853598015 0.138578130639
0.95297029703 0.138939011187
0.953086419753 0.139299891736
0.953201970443 0.139660772284
0.953316953317 0.140021652833
0.953431372549 0.140382533381
0.953545232274 0.14074341393
0.953658536585 0.141104294479
0.953771289538 0.141465175027
0.953883495146 0.141826055576
0.953995157385 0.142186936124
0.954106280193 0.142547816673
0.95421686747 0.142908697221
0.954326923077 0.14326957777
0.954436450839 0.143630458318
0.954545454545 0.143991338867
0.954653937947 0.144352219415
0.954761904762 0.144713099964
0.952494061758 0.144713099964
0.950236966825 0.144713099964
0.950354609929 0.145073980512
0.950471698113 0.145434861061
0.950588235294 0.14579574161
0.950704225352 0.146156622158
0.950819672131 0.146517502707
0.950934579439 0.146878383255
0.951048951049 0.147239263804
0.951162790698 0.147600144352
0.951276102088 0.147961024901
0.951388888889 0.148321905449
0.951501154734 0.148682785998
0.951612903226 0.149043666546
0.951724137931 0.149404547095
0.951834862385 0.149765427643
0.951945080092 0.150126308192
0.952054794521 0.150487188741
0.952164009112 0.150848069289
0.952272727273 0.151208949838
0.952380952381 0.151569830386
0.952488687783 0.151930710935
0.952595936795 0.152291591483
0.952702702703 0.152652472032
0.952808988764 0.15301335258
0.952914798206 0.153374233129
0.953020134228 0.153735113677
0.953125 0.154095994226
0.953229398664 0.154456874774
0.953333333333 0.154817755323
0.953436807095 0.155178635872
0.953539823009 0.15553951642
0.953642384106 0.155900396969
0.953744493392 0.156261277517
0.953846153846 0.156622158066
0.953947368421 0.156983038614
0.954048140044 0.157343919163
0.954148471616 0.157704799711
0.954248366013 0.15806568026
0.954347826087 0.158426560808
0.954446854664 0.158787441357
0.954545454545 0.159148321905
0.95464362851 0.159509202454
0.95474137931 0.159870083003
0.954838709677 0.160230963551
0.954935622318 0.1605918441
0.955032119914 0.160952724648
0.955128205128 0.161313605197
0.955223880597 0.161674485745
0.955319148936 0.162035366294
0.955414012739 0.162396246842
0.955508474576 0.162757127391
0.955602536998 0.163118007939
0.955696202532 0.163478888488
0.955789473684 0.163839769036
0.955882352941 0.164200649585
0.953878406709 0.164200649585
0.953974895397 0.164561530134
0.954070981211 0.164922410682
0.954166666667 0.165283291231
0.954261954262 0.165644171779
0.954356846473 0.166005052328
0.954451345756 0.166365932876
0.954545454545 0.166726813425
0.954639175258 0.167087693973
0.954732510288 0.167448574522
0.954825462012 0.16780945507
0.954918032787 0.168170335619
0.955010224949 0.168531216167
0.955102040816 0.168892096716
0.955193482688 0.169252977265
0.955284552846 0.169613857813
0.95537525355 0.169974738362
0.953441295547 0.169974738362
0.953535353535 0.17033561891
0.953629032258 0.170696499459
0.953722334004 0.171057380007
0.953815261044 0.171418260556
0.953907815631 0.171779141104
0.954 0.172140021653
0.954091816367 0.172500902201
0.954183266932 0.17286178275
0.954274353877 0.173222663298
0.954365079365 0.173583543847
0.954455445545 0.173944424396
0.954545454545 0.174305304944
0.952662721893 0.174305304944
0.952755905512 0.174666185493
0.952848722986 0.175027066041
0.952941176471 0.17538794659
0.953033268102 0.175748827138
0.953125 0.176109707687
0.953216374269 0.176470588235
0.953307392996 0.176831468784
0.953398058252 0.177192349332
0.953488372093 0.177553229881
0.953578336557 0.177914110429
0.953667953668 0.178274990978
0.953757225434 0.178635871527
0.953846153846 0.178996752075
0.953934740883 0.179357632624
0.954022988506 0.179718513172
0.954110898662 0.180079393721
0.954198473282 0.180440274269
0.954285714286 0.180801154818
0.954372623574 0.181162035366
0.954459203036 0.181522915915
0.952651515152 0.181522915915
0.950850661626 0.181522915915
0.950943396226 0.181883796463
0.951035781544 0.182244677012
0.951127819549 0.18260555756
0.951219512195 0.182966438109
0.951310861423 0.183327318658
0.951401869159 0.183688199206
0.951492537313 0.184049079755
0.951582867784 0.184409960303
0.951672862454 0.184770840852
0.951762523191 0.1851317214
0.951851851852 0.185492601949
0.951940850277 0.185853482497
0.952029520295 0.186214363046
0.95211786372 0.186575243594
0.952205882353 0.186936124143
0.952293577982 0.187297004691
0.950549450549 0.187297004691
0.950639853748 0.18765788524
0.950729927007 0.188018765789
0.950819672131 0.188379646337
0.950909090909 0.188740526886
0.950998185118 0.189101407434
0.951086956522 0.189462287983
0.951175406872 0.189823168531
0.951263537906 0.19018404908
0.951351351351 0.190544929628
0.951438848921 0.190905810177
0.951526032316 0.191266690725
0.951612903226 0.191627571274
0.951699463327 0.191988451822
0.951785714286 0.192349332371
0.951871657754 0.19271021292
0.951957295374 0.193071093468
0.952042628774 0.193431974017
0.952127659574 0.193792854565
0.952212389381 0.194153735114
0.952296819788 0.194514615662
0.952380952381 0.194875496211
0.952464788732 0.195236376759
0.952548330404 0.195597257308
0.952631578947 0.195958137856
0.952714535902 0.196319018405
0.952797202797 0.196679898953
0.952879581152 0.197040779502
0.952961672474 0.197401660051
0.953043478261 0.197762540599
0.951388888889 0.197762540599
0.951473136915 0.198123421148
0.951557093426 0.198484301696
0.951640759931 0.198845182245
0.951724137931 0.199206062793
0.951807228916 0.199566943342
0.951890034364 0.19992782389
0.951972555746 0.200288704439
0.952054794521 0.200649584987
0.952136752137 0.201010465536
0.952218430034 0.201371346084
0.952299829642 0.201732226633
0.952380952381 0.202093107182
0.950764006791 0.202093107182
0.950847457627 0.20245398773
0.950930626058 0.202814868279
0.951013513514 0.203175748827
0.951096121417 0.203536629376
0.951178451178 0.203897509924
0.951260504202 0.204258390473
0.951342281879 0.204619271021
0.951423785595 0.20498015157
0.951505016722 0.205341032118
0.951585976628 0.205701912667
0.951666666667 0.206062793215
0.951747088186 0.206423673764
0.951827242525 0.206784554313
0.951907131012 0.207145434861
0.951986754967 0.20750631541
0.952066115702 0.207867195958
0.952145214521 0.208228076507
0.952224052718 0.208588957055
0.952302631579 0.208949837604
0.952380952381 0.209310718152
0.952459016393 0.209671598701
0.952536824877 0.210032479249
0.952614379085 0.210393359798
0.952691680261 0.210754240346
0.952768729642 0.211115120895
0.952845528455 0.211476001444
0.952922077922 0.211836881992
0.952998379254 0.212197762541
0.953074433657 0.212558643089
0.953150242326 0.212919523638
0.953225806452 0.213280404186
0.951690821256 0.213280404186
0.951768488746 0.213641284735
0.951845906902 0.214002165283
0.951923076923 0.214363045832
0.952 0.21472392638
0.952076677316 0.215084806929
0.952153110048 0.215445687477
0.952229299363 0.215806568026
0.952305246423 0.216167448575
0.952380952381 0.216528329123
0.952456418384 0.216889209672
0.95253164557 0.21725009022
0.952606635071 0.217610970769
0.952681388013 0.217971851317
0.952755905512 0.218332731866
0.952830188679 0.218693612414
0.952904238619 0.219054492963
0.952978056426 0.219415373511
0.953051643192 0.21977625406
0.953125 0.220137134608
0.953198127925 0.220498015157
0.951713395639 0.220498015157
0.951788491446 0.220858895706
0.951863354037 0.221219776254
0.951937984496 0.221580656803
0.952012383901 0.221941537351
0.952086553323 0.2223024179
0.952160493827 0.222663298448
0.952234206471 0.223024178997
0.952307692308 0.223385059545
0.952380952381 0.223745940094
0.95245398773 0.224106820642
0.952526799387 0.224467701191
0.952599388379 0.224828581739
0.952671755725 0.225189462288
0.952743902439 0.225550342837
0.952815829528 0.225911223385
0.951367781155 0.225911223385
0.951441578149 0.226272103934
0.951515151515 0.226632984482
0.951588502269 0.226993865031
0.95166163142 0.227354745579
0.950226244344 0.227354745579
0.950301204819 0.227715626128
0.95037593985 0.228076506676
0.95045045045 0.228437387225
0.950524737631 0.228798267773
0.950598802395 0.229159148322
0.95067264574 0.22952002887
0.950746268657 0.229880909419
0.950819672131 0.230241789968
0.950892857143 0.230602670516
0.950965824666 0.230963551065
0.951038575668 0.231324431613
0.94962962963 0.231324431613
0.948224852071 0.231324431613
0.948301329394 0.231685312162
0.948377581121 0.23204619271
0.948453608247 0.232407073259
0.948529411765 0.232767953807
0.948604992658 0.233128834356
0.948680351906 0.233489714904
0.948755490483 0.233850595453
0.948830409357 0.234211476001
0.947445255474 0.234211476001
0.947521865889 0.23457235655
0.947598253275 0.234933237099
0.947674418605 0.235294117647
0.946298984035 0.235294117647
0.946376811594 0.235654998196
0.946454413893 0.236015878744
0.946531791908 0.236376759293
0.946608946609 0.236737639841
0.946685878963 0.23709852039
0.946762589928 0.237459400938
0.94683908046 0.237820281487
0.946915351506 0.238181162035
0.946991404011 0.238542042584
0.947067238913 0.238902923132
0.947142857143 0.239263803681
0.947218259629 0.23962468423
0.947293447293 0.239985564778
0.945945945946 0.239985564778
0.944602272727 0.239985564778
0.944680851064 0.240346445327
0.944759206799 0.240707325875
0.944837340877 0.241068206424
0.944915254237 0.241429086972
0.944992947814 0.241789967521
0.945070422535 0.242150848069
0.945147679325 0.242511728618
0.943820224719 0.242511728618
0.943899018233 0.242872609166
0.943977591036 0.243233489715
0.944055944056 0.243594370263
0.944134078212 0.243955250812
0.944211994421 0.244316131361
0.944289693593 0.244677011909
0.944367176634 0.245037892458
0.944444444444 0.245398773006
0.94452149792 0.245759653555
0.94459833795 0.246120534103
0.944674965422 0.246481414652
0.944751381215 0.2468422952
0.944827586207 0.247203175749
0.944903581267 0.247564056297
0.944979367263 0.247924936846
0.945054945055 0.248285817394
0.945130315501 0.248646697943
0.945205479452 0.249007578492
0.945280437756 0.24936845904
0.945355191257 0.249729339589
0.945429740791 0.250090220137
0.945504087193 0.250451100686
0.945578231293 0.250811981234
0.945652173913 0.251172861783
0.945725915875 0.251533742331
0.945799457995 0.25189462288
0.94451962111 0.25189462288
0.944594594595 0.252255503428
0.944669365722 0.252616383977
0.94474393531 0.252977264525
0.944818304172 0.253338145074
0.944892473118 0.253699025623
0.944966442953 0.254059906171
0.945040214477 0.25442078672
0.945113788487 0.254781667268
0.945187165775 0.255142547817
0.94526034713 0.255503428365
0.945333333333 0.255864308914
0.945406125166 0.256225189462
0.945478723404 0.256586070011
0.945551128818 0.256946950559
0.945623342175 0.257307831108
0.945695364238 0.257668711656
0.945767195767 0.258029592205
0.945838837517 0.258390472754
0.945910290237 0.258751353302
0.945981554677 0.259112233851
0.946052631579 0.259473114399
0.946123521682 0.259833994948
0.946194225722 0.260194875496
0.94626474443 0.260555756045
0.946335078534 0.260916636593
0.946405228758 0.261277517142
0.946475195822 0.26163839769
0.946544980443 0.261999278239
0.946614583333 0.262360158787
0.946684005202 0.262721039336
0.946753246753 0.263081919885
0.94682230869 0.263442800433
0.94689119171 0.263803680982
0.946959896507 0.26416456153
0.947028423773 0.264525442079
0.945806451613 0.264525442079
0.94587628866 0.264886322627
0.945945945946 0.265247203176
0.946015424165 0.265608083724
0.946084724005 0.265968964273
0.946153846154 0.266329844821
0.946222791293 0.26669072537
0.946291560102 0.267051605918
0.946360153257 0.267412486467
0.946428571429 0.267773367016
0.946496815287 0.268134247564
0.946564885496 0.268495128113
0.946632782719 0.268856008661
0.946700507614 0.26921688921
0.946768060837 0.269577769758
0.946835443038 0.269938650307
0.946902654867 0.270299530855
0.94696969697 0.270660411404
0.947036569987 0.271021291952
0.947103274559 0.271382172501
0.947169811321 0.271743053049
0.947236180905 0.272103933598
0.94730238394 0.272464814147
0.947368421053 0.272825694695
0.947434292866 0.273186575244
0.9475 0.273547455792
0.947565543071 0.273908336341
0.947630922693 0.274269216889
0.947696139477 0.274630097438
0.94776119403 0.274990977986
0.947826086957 0.275351858535
0.947890818859 0.275712739083
0.947955390335 0.276073619632
0.94801980198 0.27643450018
0.948084054388 0.276795380729
0.948148148148 0.277156261278
0.948212083847 0.277517141826
0.948275862069 0.277878022375
0.947109471095 0.277878022375
0.945945945946 0.277878022375
0.944785276074 0.277878022375
0.944852941176 0.278238902923
0.944920440636 0.278599783472
0.944987775061 0.27896066402
0.945054945055 0.279321544569
0.94512195122 0.279682425117
0.945188794153 0.280043305666
0.945255474453 0.280404186214
0.94532199271 0.280765066763
0.945388349515 0.281125947311
0.945454545455 0.28148682786
0.945520581114 0.281847708409
0.945586457074 0.282208588957
0.945652173913 0.282569469506
0.945717732207 0.282930350054
0.94578313253 0.283291230603
0.945848375451 0.283652111151
0.945913461538 0.2840129917
0.945978391357 0.284373872248
0.946043165468 0.284734752797
0.946107784431 0.285095633345
0.946172248804 0.285456513894
0.94623655914 0.285817394442
0.94630071599 0.286178274991
0.946364719905 0.28653915554
0.946428571429 0.286900036088
0.946492271106 0.287260916637
0.946555819477 0.287621797185
0.946619217082 0.287982677734
0.946682464455 0.288343558282
0.94674556213 0.288704438831
0.946808510638 0.289065319379
0.946871310508 0.289426199928
0.946933962264 0.289787080476
0.946996466431 0.290147961025
0.947058823529 0.290508841573
0.947121034078 0.290869722122
0.947183098592 0.291230602671
0.947245017585 0.291591483219
0.947306791569 0.291952363768
0.947368421053 0.292313244316
0.947429906542 0.292674124865
0.947491248541 0.293035005413
0.947552447552 0.293395885962
0.947613504075 0.29375676651
0.947674418605 0.294117647059
0.947735191638 0.294478527607
0.947795823666 0.294839408156
0.94785631518 0.295200288704
0.947916666667 0.295561169253
0.947976878613 0.295922049802
0.948036951501 0.29628293035
0.948096885813 0.296643810899
0.948156682028 0.297004691447
0.948216340621 0.297365571996
0.948275862069 0.297726452544
0.948335246843 0.298087333093
0.948394495413 0.298448213641
0.948453608247 0.29880909419
0.948512585812 0.299169974738
0.948571428571 0.299530855287
0.948630136986 0.299891735835
0.948688711517 0.300252616384
0.94874715262 0.300613496933
0.948805460751 0.300974377481
0.948863636364 0.30133525803
0.948921679909 0.301696138578
0.948979591837 0.302057019127
0.949037372593 0.302417899675
0.949095022624 0.302778780224
0.949152542373 0.303139660772
0.94920993228 0.303500541321
0.949267192785 0.303861421869
0.949324324324 0.304222302418
0.948256467942 0.304222302418
0.948314606742 0.304583182966
0.948372615039 0.304944063515
0.948430493274 0.305304944064
0.948488241881 0.305665824612
0.948545861298 0.306026705161
0.948603351955 0.306387585709
0.948660714286 0.306748466258
0.948717948718 0.307109346806
0.947661469933 0.307109346806
0.947719688543 0.307470227355
0.947777777778 0.307831107903
0.947835738069 0.308191988452
0.947893569845 0.308552869
0.947951273533 0.308913749549
0.948008849558 0.309274630097
0.948066298343 0.309635510646
0.948123620309 0.309996391195
0.948180815877 0.310357271743
0.948237885463 0.310718152292
0.948294829483 0.31107903284
0.948351648352 0.311439913389
0.948408342481 0.311800793937
0.948464912281 0.312161674486
0.94852135816 0.312522555034
0.948577680525 0.312883435583
0.948633879781 0.313244316131
0.948689956332 0.31360519668
0.948745910578 0.313966077228
0.948801742919 0.314326957777
0.948857453754 0.314687838326
0.948913043478 0.315048718874
0.948968512486 0.315409599423
0.947939262473 0.315409599423
0.947995666306 0.315770479971
0.948051948052 0.31613136052
0.948108108108 0.316492241068
0.948164146868 0.316853121617
0.948220064725 0.317214002165
0.948275862069 0.317574882714
0.94833153929 0.317935763262
0.948387096774 0.318296643811
0.947368421053 0.318296643811
0.94635193133 0.318296643811
0.94640943194 0.318657524359
0.946466809422 0.319018404908
0.946524064171 0.319379285457
0.946581196581 0.319740166005
0.946638207044 0.320101046554
0.946695095949 0.320461927102
0.946751863685 0.320822807651
0.946808510638 0.321183688199
0.945802337938 0.321183688199
0.945859872611 0.321544568748
0.94591728526 0.321905449296
0.945974576271 0.322266329845
0.946031746032 0.322627210393
0.946088794926 0.322988090942
0.946145723337 0.32334897149
0.946202531646 0.323709852039
0.946259220232 0.324070732588
0.946315789474 0.324431613136
0.946372239748 0.324792493685
0.946428571429 0.325153374233
0.94648478489 0.325514254782
0.946540880503 0.32587513533
0.946596858639 0.326236015879
0.946652719665 0.326596896427
0.94670846395 0.326957776976
0.946764091858 0.327318657524
0.946819603754 0.327679538073
0.946875 0.328040418621
0.946930280957 0.32840129917
0.946985446985 0.328762179719
0.947040498442 0.329123060267
0.947095435685 0.329483940816
0.947150259067 0.329844821364
0.947204968944 0.330205701913
0.947259565667 0.330566582461
0.947314049587 0.33092746301
0.947368421053 0.331288343558
0.946391752577 0.331288343558
0.946446961895 0.331649224107
0.946502057613 0.332010104655
0.946557040082 0.332370985204
0.946611909651 0.332731865752
0.946666666667 0.333092746301
0.946721311475 0.33345362685
0.946775844422 0.333814507398
0.946830265849 0.334175387947
0.946884576098 0.334536268495
0.94693877551 0.334897149044
0.946992864424 0.335258029592
0.947046843177 0.335618910141
0.947100712106 0.335979790689
0.947154471545 0.336340671238
0.947208121827 0.336701551786
0.947261663286 0.337062432335
0.946301925025 0.337062432335
0.946356275304 0.337423312883
0.946410515672 0.337784193432
0.946464646465 0.338145073981
0.946518668012 0.338505954529
0.946572580645 0.338866835078
0.946626384693 0.339227715626
0.946680080483 0.339588596175
0.946733668342 0.339949476723
0.946787148594 0.340310357272
0.946840521565 0.34067123782
0.945891783567 0.34067123782
0.944944944945 0.34067123782
0.944 0.34067123782
0.944055944056 0.341032118369
0.944111776447 0.341392998917
0.944167497507 0.341753879466
0.94422310757 0.342114760014
0.944278606965 0.342475640563
0.944333996024 0.342836521112
0.944389275074 0.34319740166
0.944444444444 0.343558282209
0.94449950446 0.343919162757
0.944554455446 0.344280043306
0.944609297725 0.344640923854
0.944664031621 0.345001804403
0.944718657453 0.345362684951
0.944773175542 0.3457235655
0.944827586207 0.346084446048
0.944881889764 0.346445326597
0.944936086529 0.346806207145
0.944990176817 0.347167087694
0.945044160942 0.347527968243
0.945098039216 0.347888848791
0.945151811949 0.34824972934
0.944227005871 0.34824972934
0.944281524927 0.348610609888
0.9443359375 0.348971490437
0.944390243902 0.349332370985
0.944444444444 0.349693251534
0.944498539435 0.350054132082
0.944552529183 0.350415012631
0.944606413994 0.350775893179
0.944660194175 0.351136773728
0.944713870029 0.351497654276
0.94476744186 0.351858534825
0.944820909971 0.352219415374
0.944874274662 0.352580295922
0.944927536232 0.352941176471
0.944980694981 0.353302057019
0.945033751205 0.353662937568
0.945086705202 0.354023818116
0.945139557267 0.354384698665
0.945192307692 0.354745579213
0.945244956772 0.355106459762
0.945297504798 0.35546734031
0.945349952061 0.355828220859
0.945402298851 0.356189101407
0.945454545455 0.356549981956
0.945506692161 0.356910862505
0.945558739255 0.357271743053
0.945610687023 0.357632623602
0.945662535748 0.35799350415
0.945714285714 0.358354384699
0.945765937203 0.358715265247
0.945817490494 0.359076145796
0.945868945869 0.359437026344
0.945920303605 0.359797906893
0.945971563981 0.360158787441
0.946022727273 0.36051966799
0.946073793756 0.360880548538
0.946124763705 0.361241429087
0.946175637394 0.361602309636
0.946226415094 0.361963190184
0.946277097078 0.362324070733
0.946327683616 0.362684951281
0.945437441204 0.362684951281
0.945488721805 0.36304583183
0.945539906103 0.363406712378
0.945590994371 0.363767592927
0.945641986879 0.364128473475
0.945692883895 0.364489354024
0.945743685688 0.364850234572
0.945794392523 0.365211115121
0.945845004669 0.365571995669
0.945895522388 0.365932876218
0.945945945946 0.366293756767
0.945996275605 0.366654637315
0.94511627907 0.366654637315
0.945167286245 0.367015517864
0.9452181987 0.367376398412
0.945269016698 0.367737278961
0.9453197405 0.368098159509
0.94537037037 0.368459040058
0.945420906568 0.368819920606
0.945471349353 0.369180801155
0.945521698984 0.369541681703
0.94557195572 0.369902562252
0.945622119816 0.3702634428
0.945672191529 0.370624323349
0.945722171113 0.370985203898
0.944852941176 0.370985203898
0.944903581267 0.371346084446
0.94495412844 0.371706964995
0.945004582951 0.372067845543
0.945054945055 0.372428726092
0.945105215005 0.37278960664
0.945155393053 0.373150487189
0.944292237443 0.373150487189
0.944343065693 0.373511367737
0.944393801276 0.373872248286
0.944444444444 0.374233128834
0.94449499545 0.374594009383
0.944545454545 0.374954889931
0.94459582198 0.37531577048
0.944646098004 0.375676651029
0.944696282865 0.376037531577
0.944746376812 0.376398412126
0.94479638009 0.376759292674
0.944846292948 0.377120173223
0.944896115628 0.377481053771
0.944945848375 0.37784193432
0.944995491434 0.378202814868
0.945045045045 0.378563695417
0.945094509451 0.378924575965
0.945143884892 0.379285456514
0.945193171608 0.379646337062
0.945242369838 0.380007217611
0.945291479821 0.38036809816
0.945340501792 0.380728978708
0.945389435989 0.381089859257
0.945438282648 0.381450739805
0.945487042002 0.381811620354
0.945535714286 0.382172500902
0.945584299732 0.382533381451
0.945632798574 0.382894261999
0.945681211042 0.383255142548
0.945729537367 0.383616023096
0.945777777778 0.383976903645
0.945825932504 0.384337784193
0.945874001775 0.384698664742
0.945921985816 0.385059545291
0.945969884854 0.385420425839
0.946017699115 0.385781306388
0.946065428824 0.386142186936
0.946113074205 0.386503067485
0.946160635481 0.386863948033
0.94532627866 0.386863948033
0.945374449339 0.387224828582
0.945422535211 0.38758570913
0.9454705365 0.387946589679
0.945518453427 0.388307470227
0.945566286216 0.388668350776
0.945614035088 0.389029231324
0.945661700263 0.389390111873
0.945709281961 0.389750992422
0.945756780402 0.39011187297
0.945804195804 0.390472753519
0.945851528384 0.390833634067
0.94589877836 0.391194514616
0.945945945946 0.391555395164
0.945993031359 0.391916275713
0.946040034813 0.392277156261
0.946086956522 0.39263803681
0.946133796699 0.392998917358
0.946180555556 0.393359797907
0.946227233304 0.393720678455
0.946273830156 0.394081559004
0.94632034632 0.394442439553
0.946366782007 0.394803320101
0.946413137424 0.39516420065
0.946459412781 0.395525081198
0.946505608283 0.395885961747
0.946551724138 0.396246842295
0.946597760551 0.396607722844
0.946643717728 0.396968603392
0.946689595873 0.397329483941
0.946735395189 0.397690364489
0.94678111588 0.398051245038
0.946826758148 0.398412125586
0.946872322194 0.398773006135
0.946917808219 0.399133886684
0.946963216424 0.399494767232
0.947008547009 0.399855647781
0.947053800171 0.400216528329
0.946245733788 0.400216528329
0.945439045183 0.400216528329
0.945485519591 0.400577408878
0.945531914894 0.400938289426
0.945578231293 0.401299169975
0.945624468989 0.401660050523
0.945670628183 0.402020931072
0.945716709075 0.40238181162
0.945762711864 0.402742692169
0.945808636749 0.403103572717
0.945854483926 0.403464453266
0.945900253593 0.403825333815
0.945945945946 0.404186214363
0.945147679325 0.404186214363
0.945193929174 0.404547094912
0.945240101095 0.40490797546
0.945286195286 0.405268856009
0.945332211943 0.405629736557
0.945378151261 0.405990617106
0.945424013434 0.406351497654
0.945469798658 0.406712378203
0.945515507125 0.407073258751
0.945561139028 0.4074341393
0.945606694561 0.407795019848
0.945652173913 0.408155900397
0.945697577277 0.408516780946
0.945742904841 0.408877661494
0.945788156797 0.409238542043
0.945833333333 0.409599422591
0.945878434638 0.40996030314
0.945091514143 0.40996030314
0.945137157107 0.410321183688
0.945182724252 0.410682064237
0.945228215768 0.411042944785
0.945273631841 0.411403825334
0.945318972659 0.411764705882
0.945364238411 0.412125586431
0.94540942928 0.412486466979
0.945454545455 0.412847347528
0.945499587118 0.413208228077
0.945544554455 0.413569108625
0.94558944765 0.413929989174
0.945634266886 0.414290869722
0.945679012346 0.414651750271
0.945723684211 0.415012630819
0.945768282662 0.415373511368
0.945812807882 0.415734391916
0.945857260049 0.416095272465
0.945901639344 0.416456153013
0.945126945127 0.416456153013
0.945171849427 0.416817033562
0.945216680294 0.41717791411
0.945261437908 0.417538794659
0.945306122449 0.417899675208
0.945350734095 0.418260555756
0.945395273024 0.418621436305
0.945439739414 0.418982316853
0.945484133442 0.419343197402
0.945528455285 0.41970407795
0.945572705118 0.420064958499
0.945616883117 0.420425839047
0.945660989457 0.420786719596
0.945705024311 0.421147600144
0.945748987854 0.421508480693
0.945792880259 0.421869361241
0.945836701698 0.42223024179
0.945880452342 0.422591122339
0.945924132365 0.422952002887
0.945967741935 0.423312883436
0.946011281225 0.423673763984
0.946054750403 0.424034644533
0.946098149638 0.424395525081
0.9461414791 0.42475640563
0.946184738956 0.425117286178
0.946227929374 0.425478166727
0.945469125902 0.425478166727
0.945512820513 0.425839047275
0.945556445156 0.426199927824
0.9456 0.426560808372
0.945643485212 0.426921688921
0.945686900958 0.42728256947
0.945730247406 0.427643450018
0.945773524721 0.428004330567
0.945019920319 0.428004330567
0.945063694268 0.428365211115
0.945107398568 0.428726091664
0.945151033386 0.429086972212
0.945194598888 0.429447852761
0.945238095238 0.429808733309
0.945281522601 0.430169613858
0.945324881141 0.430530494406
0.945368171021 0.430891374955
0.944620253165 0.430891374955
0.944664031621 0.431252255503
0.944707740916 0.431613136052
0.944751381215 0.431974016601
0.944794952681 0.432334897149
0.944838455477 0.432695777698
0.944881889764 0.433056658246
0.944925255704 0.433417538795
0.944968553459 0.433778419343
0.945011783189 0.434139299892
0.945054945055 0.43450018044
0.945098039216 0.434861060989
0.945141065831 0.435221941537
0.944400939702 0.435221941537
0.943661971831 0.435221941537
0.943706020328 0.435582822086
0.94375 0.435943702634
0.943793911007 0.436304583183
0.94383775351 0.436665463732
0.94388152767 0.43702634428
0.943925233645 0.437387224829
0.943968871595 0.437748105377
0.94401244168 0.438108985926
0.944055944056 0.438469866474
0.944099378882 0.438830747023
0.943366951125 0.438830747023
0.943410852713 0.439191627571
0.94345468629 0.43955250812
0.943498452012 0.439913388668
0.943542150039 0.440274269217
0.943585780526 0.440635149765
0.943629343629 0.440996030314
0.943672839506 0.441356910863
0.943716268311 0.441717791411
0.9437596302 0.44207867196
0.943033102386 0.44207867196
0.943076923077 0.442439552508
0.943120676403 0.442800433057
0.943164362519 0.443161313605
0.943207981581 0.443522194154
0.943251533742 0.443883074702
0.943295019157 0.444243955251
0.943338437979 0.444604835799
0.94338179036 0.444965716348
0.943425076453 0.445326596896
0.943468296409 0.445687477445
0.943511450382 0.446048357994
0.94355453852 0.446409238542
0.943597560976 0.446770119091
0.943640517898 0.447130999639
0.943683409437 0.447491880188
0.943726235741 0.447852760736
0.94376899696 0.448213641285
0.943811693242 0.448574521833
0.943854324734 0.448935402382
0.943896891585 0.44929628293
0.943181818182 0.44929628293
0.943224829674 0.449657163479
0.943267776097 0.450018044027
0.943310657596 0.450378924576
0.94335347432 0.450739805125
0.943396226415 0.451100685673
0.943438914027 0.451461566222
0.943481537302 0.45182244677
0.943524096386 0.452183327319
0.943566591422 0.452544207867
0.943609022556 0.452905088416
0.943651389932 0.453265968964
0.943693693694 0.453626849513
0.943735933983 0.453987730061
0.943028485757 0.453987730061
0.943071161049 0.45434861061
0.943113772455 0.454709491158
0.94315632012 0.455070371707
0.943198804185 0.455431252256
0.943241224795 0.455792132804
0.94328358209 0.456153013353
0.943325876212 0.456513893901
0.943368107303 0.45687477445
0.943410275503 0.457235654998
0.943452380952 0.457596535547
0.943494423792 0.457957416095
0.94353640416 0.458318296644
0.943578322197 0.458679177192
0.943620178042 0.459040057741
0.943661971831 0.459400938289
0.943703703704 0.459761818838
0.943005181347 0.459761818838
0.943047337278 0.460122699387
0.943089430894 0.460483579935
0.943131462334 0.460844460484
0.943173431734 0.461205341032
0.943215339233 0.461566221581
0.943257184967 0.461927102129
0.943298969072 0.462287982678
0.943340691685 0.462648863226
0.942647058824 0.462648863226
0.942689199118 0.463009743775
0.942731277533 0.463370624323
0.942773294204 0.463731504872
0.942815249267 0.46409238542
0.942857142857 0.464453265969
0.94289897511 0.464814146518
0.942940746159 0.465175027066
0.942251461988 0.465175027066
0.942293644996 0.465535907615
0.942335766423 0.465896788163
0.942377826404 0.466257668712
0.942419825073 0.46661854926
0.942461762564 0.466979429809
0.94250363901 0.467340310357
0.942545454545 0.467701190906
0.942587209302 0.468062071454
0.942628903413 0.468422952003
0.94267053701 0.468783832551
0.942712110225 0.4691447131
0.942753623188 0.469505593649
0.942795076032 0.469866474197
0.942836468886 0.470227354746
0.94287780188 0.470588235294
0.942919075145 0.470949115843
0.942960288809 0.471309996391
0.943001443001 0.47167087694
0.943042537851 0.472031757488
0.943083573487 0.472392638037
0.943124550036 0.472753518585
0.943165467626 0.473114399134
0.943206326384 0.473475279682
0.943247126437 0.473836160231
0.943287867911 0.47419704078
0.943328550933 0.474557921328
0.943369175627 0.474918801877
0.94340974212 0.475279682425
0.943450250537 0.475640562974
0.943490701001 0.476001443522
0.943531093638 0.476362324071
0.943571428571 0.476723204619
0.943611705924 0.477084085168
0.94365192582 0.477444965716
0.942979330007 0.477444965716
0.942307692308 0.477444965716
0.942348754448 0.477805846265
0.942389758179 0.478166726813
0.942430703625 0.478527607362
0.942471590909 0.478888487911
0.942512420156 0.479249368459
0.942553191489 0.479610249008
0.942593905032 0.479971129556
0.942634560907 0.480332010105
0.941967445152 0.480332010105
0.942008486563 0.480692890653
0.942049469965 0.481053771202
0.94209039548 0.48141465175
0.942131263232 0.481775532299
0.942172073343 0.482136412847
0.942212825934 0.482497293396
0.942253521127 0.482858173944
0.942294159043 0.483219054493
0.942334739803 0.483579935042
0.941672522839 0.483579935042
0.941713483146 0.48394081559
0.941754385965 0.484301696139
0.941795231417 0.484662576687
0.941836019622 0.485023457236
0.9418767507 0.485384337784
0.941917424773 0.485745218333
0.941958041958 0.486106098881
0.941998602376 0.48646697943
0.941340782123 0.48646697943
0.941381716678 0.486827859978
0.941422594142 0.487188740527
0.941463414634 0.487549621075
0.941504178273 0.487910501624
0.941544885177 0.488271382173
0.941585535466 0.488632262721
0.941626129256 0.48899314327
0.941666666667 0.489354023818
0.941707147814 0.489714904367
0.941747572816 0.490075784915
0.941787941788 0.490436665464
0.941828254848 0.490797546012
0.941868512111 0.491158426561
0.941908713693 0.491519307109
0.941257774706 0.491519307109
0.941298342541 0.491880187658
0.941338854382 0.492241068206
0.941379310345 0.492601948755
0.941419710544 0.492962829304
0.941460055096 0.493323709852
0.941500344116 0.493684590401
0.941540577717 0.494045470949
0.941580756014 0.494406351498
0.941620879121 0.494767232046
0.940974605353 0.494767232046
0.940329218107 0.494767232046
0.940370116518 0.495128112595
0.940410958904 0.495488993143
0.94045174538 0.495849873692
0.94049247606 0.49621075424
0.940533151059 0.496571634789
0.940573770492 0.496932515337
0.940614334471 0.497293395886
0.940654843111 0.497654276435
0.940695296524 0.498015156983
0.940735694823 0.498376037532
0.940776038121 0.49873691808
0.940816326531 0.499097798629
0.940856560163 0.499458679177
0.94089673913 0.499819559726
0.940936863544 0.500180440274
0.940976933514 0.500541320823
0.941016949153 0.500902201371
0.941056910569 0.50126308192
0.941096817874 0.501623962468
0.941136671177 0.501984843017
0.941176470588 0.502345723565
0.941216216216 0.502706604114
0.94125590817 0.503067484663
0.941295546559 0.503428365211
0.94133513149 0.50378924576
0.941374663073 0.504150126308
0.941414141414 0.504511006857
0.940780619112 0.504511006857
0.940820443847 0.504871887405
0.940860215054 0.505232767954
0.940899932841 0.505593648502
0.940939597315 0.505954529051
0.940979208585 0.506315409599
0.941018766756 0.506676290148
0.941058271936 0.507037170696
0.94109772423 0.507398051245
0.941137123746 0.507758931794
0.94050802139 0.507758931794
0.940547762191 0.508119812342
0.940587449933 0.508480692891
0.940627084723 0.508841573439
0.940666666667 0.509202453988
0.940706195869 0.509563334536
0.940745672437 0.509924215085
0.940785096474 0.510285095633
0.940159574468 0.510285095633
0.940199335548 0.510645976182
0.940239043825 0.51100685673
0.940278699403 0.511367737279
0.940318302387 0.511728617827
0.940357852883 0.512089498376
0.940397350993 0.512450378925
0.940436796823 0.512811259473
0.940476190476 0.513172140022
0.940515532056 0.51353302057
0.940554821664 0.513893901119
0.940594059406 0.514254781667
0.940633245383 0.514615662216
0.940672379697 0.514976542764
0.940711462451 0.515337423313
0.940750493746 0.515698303861
0.940789473684 0.51605918441
0.940828402367 0.516420064958
0.940867279895 0.516780945507
0.940906106369 0.517141826056
0.94094488189 0.517502706604
0.940983606557 0.517863587153
0.941022280472 0.518224467701
0.941060903733 0.51858534825
0.94109947644 0.518946228798
0.941137998692 0.519307109347
0.941176470588 0.519667989895
0.940561724363 0.519667989895
0.940600522193 0.520028870444
0.940639269406 0.520389750992
0.940677966102 0.520750631541
0.940716612378 0.521111512089
0.940755208333 0.521472392638
0.940793754066 0.521833273187
0.940832249675 0.522194153735
0.940870695257 0.522555034284
0.940909090909 0.522915914832
0.940947436729 0.523276795381
0.940985732815 0.523637675929
0.941023979261 0.523998556478
0.941062176166 0.524359437026
0.941100323625 0.524720317575
0.941138421734 0.525081198123
0.941176470588 0.525442078672
0.941214470284 0.52580295922
0.941252420917 0.526163839769
0.941290322581 0.526524720318
0.941328175371 0.526885600866
0.941365979381 0.527246481415
0.941403734707 0.527607361963
0.941441441441 0.527968242512
0.941479099678 0.52832912306
0.941516709512 0.528690003609
0.941554271034 0.529050884157
0.941591784339 0.529411764706
0.941629249519 0.529772645254
0.941666666667 0.530133525803
0.941704035874 0.530494406351
0.941741357234 0.5308552869
0.941778630838 0.531216167449
0.941815856777 0.531577047997
0.941853035144 0.531937928546
0.941890166028 0.532298809094
0.941289087428 0.532298809094
0.941326530612 0.532659689643
0.941363926068 0.533020570191
0.941401273885 0.53338145074
0.941438574157 0.533742331288
0.941475826972 0.534103211837
0.941513032422 0.534464092385
0.941550190597 0.534824972934
0.941587301587 0.535185853482
0.941624365482 0.535546734031
0.941661382372 0.53590761458
0.941698352345 0.536268495128
0.941735275491 0.536629375677
0.941772151899 0.536990256225
0.941808981657 0.537351136774
0.941845764855 0.537712017322
0.941882501579 0.538072897871
0.941287878788 0.538072897871
0.941324921136 0.538433778419
0.941361916772 0.538794658968
0.941398865784 0.539155539516
0.941435768262 0.539516420065
0.941472624292 0.539877300613
0.941509433962 0.540238181162
0.94154619736 0.540599061711
0.941582914573 0.540959942259
0.941619585687 0.541320822808
0.94165621079 0.541681703356
0.941692789969 0.542042583905
0.941729323308 0.542403464453
0.941765810895 0.542764345002
0.941802252816 0.54312522555
0.941838649156 0.543486106099
0.941875 0.543846986647
0.941911305434 0.544207867196
0.941947565543 0.544568747744
0.941983780412 0.544929628293
0.942019950125 0.545290508842
0.942056074766 0.54565138939
0.942092154421 0.546012269939
0.942128189172 0.546373150487
0.942164179104 0.546734031036
0.942200124301 0.547094911584
0.941614906832 0.547094911584
0.941651148355 0.547455792133
0.941687344913 0.547816672681
0.94172349659 0.54817755323
0.94175960347 0.548538433778
0.941795665635 0.548899314327
0.941831683168 0.549260194875
0.941867656153 0.549621075424
0.941903584672 0.549981955973
0.941939468808 0.550342836521
0.941975308642 0.55070371707
0.94139420111 0.55070371707
0.941430332922 0.551064597618
0.941466420209 0.551425478167
0.941502463054 0.551786358715
0.941538461538 0.552147239264
0.941574415744 0.552508119812
0.941610325753 0.552869000361
0.941031941032 0.552869000361
0.940454266421 0.552869000361
0.940490797546 0.553229880909
0.940527283875 0.553590761458
0.94056372549 0.553951642006
0.940600122474 0.554312522555
0.940636474908 0.554673403104
0.940672782875 0.555034283652
0.940709046455 0.555395164201
0.94074526573 0.555756044749
0.940170940171 0.555756044749
0.940207443563 0.556116925298
0.940243902439 0.556477805846
0.94028031688 0.556838686395
0.940316686967 0.557199566943
0.940353012781 0.557560447492
0.940389294404 0.55792132804
0.940425531915 0.558282208589
0.940461725395 0.558643089137
0.940497874924 0.559003969686
0.940533980583 0.559364850235
0.94057004245 0.559725730783
0.940606060606 0.560086611332
0.94064203513 0.56044749188
0.940677966102 0.560808372429
0.9407138536 0.561169252977
0.940749697703 0.561530133526
0.940785498489 0.561891014074
0.940821256039 0.562251894623
0.940856970428 0.562612775171
0.940892641737 0.56297365572
0.940928270042 0.563334536268
0.940963855422 0.563695416817
0.940999397953 0.564056297366
0.940433212996 0.564056297366
0.94046903187 0.564417177914
0.940504807692 0.564778058463
0.940540540541 0.565138939011
0.940576230492 0.56549981956
0.940611877624 0.565860700108
0.940647482014 0.566221580657
0.940683043739 0.566582461205
0.940718562874 0.566943341754
0.940754039497 0.567304222302
0.940789473684 0.567665102851
0.94022713688 0.567665102851
0.940262843489 0.568025983399
0.940298507463 0.568386863948
0.940334128878 0.568747744497
0.940369707812 0.569108625045
0.940405244338 0.569469505594
0.940440738535 0.569830386142
0.940476190476 0.570191266691
0.940511600238 0.570552147239
0.940546967895 0.570913027788
0.940582293523 0.571273908336
0.940617577197 0.571634788885
0.940652818991 0.571995669433
0.94068801898 0.572356549982
0.940723177238 0.57271743053
0.940758293839 0.573078311079
0.940793368857 0.573439191628
0.940828402367 0.573800072176
0.940863394441 0.574160952725
0.940898345154 0.574521833273
0.940933254578 0.574882713822
0.940968122786 0.57524359437
0.941002949853 0.575604474919
0.941037735849 0.575965355467
0.940483205657 0.575965355467
0.940518256773 0.576326236016
0.940553266627 0.576687116564
0.940588235294 0.577047997113
0.940623162845 0.577408877661
0.940658049354 0.57776975821
0.940692894891 0.578130638759
0.940727699531 0.578491519307
0.940762463343 0.578852399856
0.940797186401 0.579213280404
0.940831868776 0.579574160953
0.940866510539 0.579935041501
0.940901111761 0.58029592205
0.940350877193 0.58029592205
0.940385739334 0.580656802598
0.940420560748 0.581017683147
0.940455341506 0.581378563695
0.94049008168 0.581739444244
0.940524781341 0.582100324792
0.940559440559 0.582461205341
0.940594059406 0.58282208589
0.940628637951 0.583182966438
0.940663176265 0.583543846987
0.940697674419 0.583904727535
0.940151074956 0.583904727535
0.94018583043 0.584265608084
0.94022054556 0.584626488632
0.940255220418 0.584987369181
0.940289855072 0.585348249729
0.940324449594 0.585709130278
0.940359004053 0.586070010826
0.940393518519 0.586430891375
0.94042799306 0.586791771923
0.940462427746 0.587152652472
0.940496822646 0.587513533021
0.940531177829 0.587874413569
0.940565493364 0.588235294118
0.940599769319 0.588596174666
0.940634005764 0.588957055215
0.940668202765 0.589317935763
0.940702360391 0.589678816312
0.940736478711 0.59003969686
0.940770557792 0.590400577409
0.940804597701 0.590761457957
0.940838598507 0.591122338506
0.940872560276 0.591483219054
0.940906483075 0.591844099603
0.940366972477 0.591844099603
0.939828080229 0.591844099603
0.939862542955 0.592204980152
0.939896966228 0.5925658607
0.939931350114 0.592926741249
0.939965694683 0.593287621797
0.939428571429 0.593287621797
0.939463163906 0.593648502346
0.939497716895 0.594009382894
0.939532230462 0.594370263443
0.939566704675 0.594731143991
0.939601139601 0.59509202454
0.939635535308 0.595452905088
0.939669891861 0.595813785637
0.939704209329 0.596174666185
0.939738487777 0.596535546734
0.939772727273 0.596896427283
0.939806927882 0.597257307831
0.939841089671 0.59761818838
0.939875212706 0.597979068928
0.939909297052 0.598339949477
0.939943342776 0.598700830025
0.939977349943 0.599061710574
0.940011318619 0.599422591122
0.940045248869 0.599783471671
0.940079140757 0.600144352219
0.94011299435 0.600505232768
0.940146809712 0.600866113316
0.940180586907 0.601226993865
0.940214326001 0.601587874414
0.940248027057 0.601948754962
0.940281690141 0.602309635511
0.940315315315 0.602670516059
0.940348902645 0.603031396608
0.940382452193 0.603392277156
0.940415964025 0.603753157705
0.940449438202 0.604114038253
0.940482874789 0.604474918802
0.94051627385 0.60483579935
0.940549635446 0.605196679899
0.940582959641 0.605557560447
0.940056022409 0.605557560447
0.940089585666 0.605918440996
0.94012311136 0.606279321545
0.940156599553 0.606640202093
0.939631078815 0.606640202093
0.939664804469 0.607001082642
0.939698492462 0.60736196319
0.939732142857 0.607722843739
0.939765755717 0.608083724287
0.939799331104 0.608444604836
0.939832869081 0.608805485384
0.93986636971 0.609166365933
0.939899833055 0.609527246481
0.939933259177 0.60988812703
0.939966648138 0.610249007578
0.94 0.610609888127
0.940033314825 0.610970768676
0.940066592675 0.611331649224
0.940099833611 0.611692529773
0.940133037694 0.612053410321
0.940166204986 0.61241429087
0.940199335548 0.612775171418
0.940232429441 0.613136051967
0.940265486726 0.613496932515
0.939745715865 0.613496932515
0.939779005525 0.613857813064
0.939812258421 0.614218693612
0.939845474614 0.614579574161
0.939878654164 0.614940454709
0.939360529217 0.614940454709
0.938842975207 0.614940454709
0.938876651982 0.615301335258
0.93891029169 0.615662215807
0.938943894389 0.616023096355
0.938977460143 0.616383976904
0.939010989011 0.616744857452
0.938495332235 0.616744857452
0.938529088913 0.617105738001
0.938562808557 0.617466618549
0.938596491228 0.617827499098
0.938630136986 0.618188379646
0.938663745893 0.618549260195
0.938697318008 0.618910140743
0.93818380744 0.618910140743
0.938217605249 0.619271021292
0.93825136612 0.61963190184
0.938285090115 0.619992782389
0.938318777293 0.620353662938
0.938352427714 0.620714543486
0.937840785169 0.620714543486
0.937874659401 0.621075424035
0.937908496732 0.621436304583
0.937942297224 0.621797185132
0.937976060936 0.62215806568
0.938009787928 0.622518946229
0.938043478261 0.622879826777
0.938077131993 0.623240707326
0.938110749186 0.623601587874
0.9376017363 0.623601587874
0.937635574837 0.623962468423
0.937669376694 0.624323348971
0.937703141928 0.62468422952
0.937736870601 0.625045110069
0.937770562771 0.625405990617
0.937804218496 0.625766871166
0.937837837838 0.626127751714
0.937331172339 0.626127751714
0.937365010799 0.626488632263
0.937398812736 0.626849512811
0.937432578209 0.62721039336
0.937466307278 0.627571273908
0.9375 0.627932154457
0.937533656435 0.628293035005
0.937567276642 0.628653915554
0.937600860678 0.629014796102
0.937634408602 0.629375676651
0.937667920473 0.6297365572
0.93716433942 0.6297365572
0.937198067633 0.630097437748
0.937231759657 0.630458318297
0.93726541555 0.630819198845
0.93729903537 0.631180079394
0.937332619175 0.631540959942
0.937366167024 0.631901840491
0.937399678973 0.632262721039
0.936898395722 0.632262721039
0.936397648316 0.632262721039
0.936431623932 0.632623601588
0.936465563267 0.632984482136
0.936499466382 0.633345362685
0.936533333333 0.633706243233
0.936567164179 0.634067123782
0.936068193926 0.634067123782
0.935569755059 0.634067123782
0.935604044705 0.634428004331
0.935638297872 0.634788884879
0.93567251462 0.635149765428
0.935706695005 0.635510645976
0.935740839087 0.635871526525
0.935774946921 0.636232407073
0.935809018568 0.636593287622
0.935843054083 0.63695416817
0.935877053524 0.637315048719
0.935381355932 0.637315048719
0.93541556379 0.637675929267
0.93544973545 0.638036809816
0.935483870968 0.638397690364
0.935517970402 0.638758570913
0.935552033809 0.639119451462
0.935058078141 0.639119451462
0.934564643799 0.639119451462
0.934599156118 0.63948033201
0.934633632051 0.639841212559
0.934668071654 0.640202093107
0.934702474987 0.640562973656
0.934736842105 0.640923854204
0.934771173067 0.641284734753
0.934279705573 0.641284734753
0.934314240673 0.641645615301
0.934348739496 0.64200649585
0.9343832021 0.642367376398
0.934417628541 0.642728256947
0.934452018878 0.643089137495
0.934486373166 0.643450018044
0.934520691461 0.643810898593
0.934554973822 0.644171779141
0.934589220304 0.64453265969
0.934623430962 0.644893540238
0.934657605855 0.645254420787
0.934691745037 0.645615301335
0.934725848564 0.645976181884
0.934759916493 0.646337062432
0.934793948878 0.646697942981
0.934306569343 0.646697942981
0.934340802501 0.647058823529
0.934375 0.647419704078
0.933888599688 0.647419704078
0.933402705515 0.647419704078
0.933437337493 0.647780584626
0.933471933472 0.648141465175
0.933506493506 0.648502345724
0.933541017653 0.648863226272
0.933575505968 0.649224106821
0.933609958506 0.649584987369
0.933644375324 0.649945867918
0.933678756477 0.650306748466
0.93371310202 0.650667629015
0.933229813665 0.650667629015
0.933264355923 0.651028509563
0.933298862461 0.651389390112
0.933333333333 0.65175027066
0.933367768595 0.652111151209
0.93288590604 0.652111151209
0.932920536636 0.652472031757
0.932955131511 0.652832912306
0.932989690722 0.653193792855
0.933024214323 0.653554673403
0.933058702369 0.653915553952
0.933093154915 0.6542764345
0.933127572016 0.654637315049
0.933161953728 0.654998195597
0.933196300103 0.655359076146
0.933230611197 0.655719956694
0.933264887064 0.656080837243
0.933299127758 0.656441717791
0.933333333333 0.65680259834
0.932854946181 0.65680259834
0.93237704918 0.65680259834
0.932411674347 0.657163478888
0.932446264074 0.657524359437
0.932480818414 0.657885239986
0.932515337423 0.658246120534
0.932549821155 0.658607001083
0.932073544433 0.658607001083
0.932108218479 0.658967881631
0.932142857143 0.65932876218
0.932177460479 0.659689642728
0.931702344546 0.659689642728
0.931737137035 0.660050523277
0.931771894094 0.660411403825
0.931806615776 0.660772284374
0.931841302136 0.661133164922
0.93136756482 0.661133164922
0.931402439024 0.661494045471
0.931437277806 0.661854926019
0.931472081218 0.662215806568
0.931506849315 0.662576687117
0.93154158215 0.662937567665
0.931576279777 0.663298448214
0.931610942249 0.663659328762
0.93164556962 0.664020209311
0.931680161943 0.664381089859
0.931714719272 0.664741970408
0.931749241658 0.665102850956
0.931783729156 0.665463731505
0.931818181818 0.665824612053
0.931852599697 0.666185492602
0.931886982846 0.66654637315
0.931921331316 0.666907253699
0.931955645161 0.667268134248
0.931486146096 0.667268134248
0.931520644512 0.667629014796
0.931555108203 0.667989895345
0.931589537223 0.668350775893
0.931623931624 0.668711656442
0.931658291457 0.66907253699
0.931692616775 0.669433417539
0.931726907631 0.669794298087
0.931761164074 0.670155178636
0.931795386158 0.670516059184
0.931829573935 0.670876939733
0.931863727455 0.671237820281
0.93189784677 0.67159870083
0.931931931932 0.671959581379
0.931965982991 0.672320461927
0.932 0.672681342476
0.932033983008 0.673042223024
0.932067932068 0.673403103573
0.932101847229 0.673763984121
0.932135728543 0.67412486467
0.93216957606 0.674485745218
0.932203389831 0.674846625767
0.932237169905 0.675207506315
0.932270916335 0.675568386864
0.932304629169 0.675929267412
0.932338308458 0.676290147961
0.931874689209 0.676290147961
0.931908548708 0.67665102851
0.931942374565 0.677011909058
0.931976166832 0.677372789607
0.932009925558 0.677733670155
0.931547619048 0.677733670155
0.931085770947 0.677733670155
0.931119920714 0.678094550704
0.930658741951 0.678094550704
0.930198019802 0.678094550704
0.93023255814 0.678455431252
0.930267062315 0.678816311801
0.930301532378 0.679177192349
0.930335968379 0.679538072898
0.92987654321 0.679538072898
0.92941757157 0.679538072898
0.929452392699 0.679898953446
0.929487179487 0.680259833995
0.929029078364 0.680259833995
0.929064039409 0.680620714543
0.929098966027 0.680981595092
0.929133858268 0.681342475641
0.928676832268 0.681342475641
0.928711897738 0.681703356189
0.928746928747 0.682064236738
0.928781925344 0.682425117286
0.92881688758 0.682785997835
0.928851815505 0.683146878383
0.928886709171 0.683507758932
0.928921568627 0.68386863948
0.928956393925 0.684229520029
0.928991185113 0.684590400577
0.929025942242 0.684951281126
0.929060665362 0.685312161674
0.929095354523 0.685673042223
0.929130009775 0.686033922772
0.929164631168 0.68639480332
0.92919921875 0.686755683869
0.929233772572 0.687116564417
0.929268292683 0.687477444966
0.928815212092 0.687477444966
0.928849902534 0.687838325514
0.928884559182 0.688199206063
0.928919182084 0.688560086611
0.92895377129 0.68892096716
0.928988326848 0.689281847708
0.928536703938 0.689281847708
0.928085519922 0.689281847708
0.928120446819 0.689642728257
0.928155339806 0.690003608805
0.927704997574 0.690003608805
0.927740058196 0.690364489354
0.927775084828 0.690725369903
0.927810077519 0.691086250451
0.92784503632 0.691447131
0.927879961278 0.691808011548
0.927914852443 0.692168892097
0.927949709865 0.692529772645
0.927984533591 0.692890653194
0.928019323671 0.693251533742
0.928054080155 0.693612414291
0.928088803089 0.693973294839
0.928123492523 0.694334175388
0.928158148505 0.694695055936
0.928192771084 0.695055936485
0.92774566474 0.695055936485
0.927780452576 0.695416817034
0.92781520693 0.695777697582
0.92784992785 0.696138578131
0.927884615385 0.696499458679
0.927919269582 0.696860339228
0.92795389049 0.697221219776
0.927988478157 0.697582100325
0.92802303263 0.697942980873
0.928057553957 0.698303861422
0.928092042186 0.69866474197
0.92764734068 0.69866474197
0.927681992337 0.699025622519
0.927716610819 0.699386503067
0.927751196172 0.699747383616
0.927785748446 0.700108264165
0.927820267686 0.700469144713
0.927854753942 0.700830025262
0.927889207259 0.70119090581
0.927446300716 0.70119090581
0.927480916031 0.701551786359
0.927515498331 0.701912666907
0.927550047664 0.702273547456
0.927584564078 0.702634428004
0.927619047619 0.702995308553
0.927653498334 0.703356189101
0.92768791627 0.70371706965
0.9272467903 0.70371706965
0.927281368821 0.704077950198
0.927315914489 0.704438830747
0.926875593542 0.704438830747
0.926910299003 0.704799711296
0.926944971537 0.705160591844
0.926505452821 0.705160591844
0.92654028436 0.705521472393
0.926575082899 0.705882352941
0.926609848485 0.70624323349
0.926644581164 0.706604114038
0.926679280984 0.706964994587
0.926713947991 0.707325875135
0.926748582231 0.707686755684
0.926783183751 0.708047636232
0.926345609065 0.708047636232
0.926380368098 0.708408516781
0.92641509434 0.708769397329
0.926449787836 0.709130277878
0.926484448633 0.709491158427
0.926519076778 0.709852038975
0.926553672316 0.710212919524
0.926588235294 0.710573800072
0.926622765757 0.710934680621
0.926657263752 0.711295561169
0.926691729323 0.711656441718
0.926726162518 0.712017322266
0.92676056338 0.712378202815
0.926794931957 0.712739083363
0.926829268293 0.713099963912
0.926863572433 0.71346084446
0.926897844424 0.713821725009
0.926463700234 0.713821725009
0.926498127341 0.714182605558
0.926532522227 0.714543486106
0.926566884939 0.714904366655
0.926601215521 0.715265247203
0.926168224299 0.715265247203
0.926202709014 0.715626127752
0.926237161531 0.7159870083
0.926271581895 0.716347888849
0.926305970149 0.716708769397
0.92634032634 0.717069649946
0.926374650513 0.717430530494
0.926408942711 0.717791411043
0.92644320298 0.718152291591
0.926477431363 0.71851317214
0.926511627907 0.718874052689
0.926080892608 0.718874052689
0.926115241636 0.719234933237
0.926149558755 0.719595813786
0.926183844011 0.719956694334
0.926218097448 0.720317574883
0.925788497217 0.720317574883
0.925359295318 0.720317574883
0.925393883225 0.720678455431
0.925428439092 0.72103933598
0.925 0.72103933598
0.925034706155 0.721400216528
0.925069380204 0.721761097077
0.925104022191 0.722121977625
0.924676524954 0.722121977625
0.924249422633 0.722121977625
0.923822714681 0.722121977625
0.92385786802 0.722482858174
0.92389298893 0.722843738722
0.923928077455 0.723204619271
0.923963133641 0.72356549982
0.923998157531 0.723926380368
0.924033149171 0.724287260917
0.924068108606 0.724648141465
0.924103035879 0.725009022014
0.92367816092 0.725009022014
0.923713235294 0.725369902562
0.923748277446 0.725730783111
0.92378328742 0.726091663659
0.923359339146 0.726091663659
0.922935779817 0.726091663659
0.922971114168 0.726452544208
0.923006416132 0.726813424756
0.923041685754 0.727174305305
0.923076923077 0.727535185853
0.922654462243 0.727535185853
0.922232387923 0.727535185853
0.922267946959 0.727896066402
0.922303473492 0.728256946951
0.922338967565 0.728617827499
0.922374429224 0.728978708048
0.922409858512 0.729339588596
0.922445255474 0.729700469145
0.922480620155 0.730061349693
0.922515952598 0.730422230242
0.922551252847 0.73078311079
0.922586520947 0.731143991339
0.922166590806 0.731143991339
0.92220200182 0.731504871887
0.922237380628 0.731865752436
0.922272727273 0.732226632984
0.922308041799 0.732587513533
0.922343324251 0.732948394082
0.922378574671 0.73330927463
0.922413793103 0.733670155179
0.922448979592 0.734031035727
0.92248413418 0.734391916276
0.922066153149 0.734391916276
0.922101449275 0.734752796824
0.922136713445 0.735113677373
0.922171945701 0.735474557921
0.922207146088 0.73583543847
0.922242314647 0.736196319018
0.922277451423 0.736557199567
0.922312556459 0.736918080115
0.922347629797 0.737278960664
0.92238267148 0.737639841213
0.922417681552 0.738000721761
0.922001803427 0.738000721761
0.922036953583 0.73836160231
0.922072072072 0.738722482858
0.922107158937 0.739083363407
0.921692169217 0.739083363407
0.921277552857 0.739083363407
0.92131294964 0.739444243955
0.921348314607 0.739805124504
0.921383647799 0.740166005052
0.921418949259 0.740526885601
0.921005385996 0.740526885601
0.921040825482 0.740887766149
0.920627802691 0.740887766149
0.92066337965 0.741248646698
0.920698924731 0.741609527246
0.920734437976 0.741970407795
0.920769919427 0.742331288344
0.920357941834 0.742331288344
0.919946332737 0.742331288344
0.919982118909 0.742692168892
0.920017873101 0.743053049441
0.920053595355 0.743413929989
0.919642857143 0.743413929989
0.919232485498 0.743413929989
0.919268510259 0.743774810538
0.919304502898 0.744135691086
0.91889483066 0.744135691086
0.918930957684 0.744496571635
0.918521816563 0.744496571635
0.918113039608 0.744496571635
0.918149466192 0.744857452183
0.918185860382 0.745218332732
0.918222222222 0.74557921328
0.917814304753 0.74557921328
0.91785079929 0.745940093829
0.917887261429 0.746300974377
0.917480035492 0.746300974377
0.917516629712 0.746661854926
0.917553191489 0.747022735475
0.917589720868 0.747383616023
0.917626217892 0.747744496572
0.917662682603 0.74810537712
0.917256637168 0.74810537712
0.916850950907 0.74810537712
0.916887709991 0.748466257669
0.916924436589 0.748827138217
0.916519434629 0.748827138217
0.916556291391 0.749188018766
0.916593115622 0.749548899314
0.916188795765 0.749548899314
0.916225749559 0.749909779863
0.91626267078 0.750270660411
0.916299559471 0.75063154096
0.916336415676 0.750992421508
0.916373239437 0.751353302057
0.916410030796 0.751714182606
0.916446789798 0.752075063154
0.916483516484 0.752435943703
0.916520210896 0.752796824251
0.916117698726 0.752796824251
0.91615452151 0.7531577048
0.916191311979 0.753518585348
0.916228070175 0.753879465897
0.916264796142 0.754240346445
0.916301489921 0.754601226994
0.915900131406 0.754601226994
0.915499124343 0.754601226994
0.915098468271 0.754601226994
0.915135608049 0.754962107542
0.915172715348 0.755322988091
0.91520979021 0.755683868639
0.914809960682 0.755683868639
0.914847161572 0.756044749188
0.914884329987 0.756405629737
0.914921465969 0.756766510285
0.91452245966 0.756766510285
0.914123801221 0.756766510285
0.914161220044 0.757127390834
0.913763066202 0.757127390834
0.913365259034 0.757127390834
0.913402959095 0.757488271382
0.913440626359 0.757849151931
0.91347826087 0.758210032479
0.913081269013 0.758210032479
0.912684622068 0.758210032479
0.912722535823 0.758570913028
0.912326388889 0.758570913028
0.912364425163 0.758931793576
0.912402428448 0.759292674125
0.912440398786 0.759653554673
0.912478336222 0.760014435222
0.912516240797 0.76037531577
0.912121212121 0.76037531577
0.912159238425 0.760736196319
0.912197231834 0.761097076868
0.912235192391 0.761457957416
0.912273120138 0.761818837965
0.912311015119 0.762179718513
0.911917098446 0.762179718513
0.911955114372 0.762540599062
0.911993097498 0.76290147961
0.911599827512 0.76290147961
0.911206896552 0.76290147961
0.911245152951 0.763262360159
0.9112833764 0.763623240707
0.910891089109 0.763623240707
0.910929432014 0.763984121256
0.910537634409 0.763984121256
0.910576096303 0.764345001804
0.91061452514 0.764705882353
0.910652920962 0.765066762901
0.910691283813 0.76542764345
0.910300429185 0.76542764345
0.90990990991 0.76542764345
0.909948542024 0.765788523999
0.90998714102 0.766149404547
0.910025706941 0.766510285096
0.910064239829 0.766871165644
0.910102739726 0.767232046193
0.910141206675 0.767592926741
0.910179640719 0.76795380729
0.910218041898 0.768314687838
0.910256410256 0.768675568387
0.910294745835 0.769036448935
0.909906063194 0.769036448935
0.909517712335 0.769036448935
0.909129692833 0.769036448935
0.908742004264 0.769036448935
0.908780903666 0.769397329484
0.908819769919 0.769758210032
0.908432708688 0.769758210032
0.908045977011 0.769758210032
0.907659574468 0.769758210032
0.907273500638 0.769758210032
0.90731292517 0.770119090581
0.906927326817 0.770119090581
0.906542056075 0.770119090581
0.906157112527 0.770119090581
0.906196943973 0.77047997113
0.906236741621 0.770840851678
0.906276505513 0.771201732227
0.906316235693 0.771562612775
0.90593220339 0.771562612775
0.9055484964 0.771562612775
0.905588484335 0.771923493324
0.905205247567 0.771923493324
0.90524534687 0.772284373872
0.905285412262 0.772645254421
0.905325443787 0.773006134969
0.904942965779 0.773006134969
0.904983108108 0.773367015518
0.905023216547 0.773727896066
0.905063291139 0.774088776615
0.905103331927 0.774449657163
0.905143338954 0.774810537712
0.904761904762 0.774810537712
0.904802021904 0.775171418261
0.904421052632 0.775171418261
0.904461279461 0.775532298809
0.904501472444 0.775893179358
0.904121110177 0.775893179358
0.904161412358 0.776254059906
0.904201680672 0.776614940455
0.903821923562 0.776614940455
0.903442485306 0.776614940455
0.903483004616 0.776975821003
0.903104026846 0.776975821003
0.902725366876 0.776975821003
0.902766135792 0.777336701552
0.902387934646 0.777336701552
0.902010050251 0.777336701552
0.902051067392 0.7776975821
0.902092050209 0.778058462649
0.902132998745 0.778419343197
0.902173913043 0.778780223746
0.901796907647 0.778780223746
0.901837928154 0.779141104294
0.901461377871 0.779141104294
0.901085141903 0.779141104294
0.90112640801 0.779501984843
0.900750625521 0.779501984843
0.900375156315 0.779501984843
0.900416666667 0.779862865392
0.900458142441 0.78022374594
0.90049958368 0.780584626489
0.900540990429 0.780945507037
0.900582362729 0.781306387586
0.900207900208 0.781306387586
0.899833748961 0.781306387586
0.899875363523 0.781667268134
0.899916943522 0.782028148683
0.899958489 0.782389029231
0.9 0.78274990978
0.899626710908 0.78274990978
0.899668325041 0.783110790328
0.899709904683 0.783471670877
0.899337199669 0.783471670877
0.899378881988 0.783832551425
0.899420529801 0.784193431974
0.899048407116 0.784193431974
0.898676592225 0.784193431974
0.89871847871 0.784554312523
0.898760330579 0.784915193071
0.898802147873 0.78527607362
0.898843930636 0.785636954168
0.89888567891 0.785997834717
0.898927392739 0.786358715265
0.898969072165 0.786719595814
0.898598516076 0.786719595814
0.898228265348 0.786719595814
0.898270181219 0.787080476362
0.898312062577 0.787441356911
0.898353909465 0.787802237459
0.898395721925 0.788163118008
0.8984375 0.788523998556
0.898068228524 0.788523998556
0.897699260477 0.788523998556
0.897741273101 0.788884879105
0.897783251232 0.789245759654
0.897414854329 0.789245759654
0.897456931911 0.789606640202
0.89708897089 0.789606640202
0.897131147541 0.789967520751
0.897173289635 0.790328401299
0.896805896806 0.790328401299
0.896848137536 0.790689281848
0.896481178396 0.790689281848
0.896523517382 0.791050162396
0.89656582175 0.791411042945
0.896608091541 0.791771923493
0.896650326797 0.792132804042
0.896692527562 0.79249368459
0.896734693878 0.792854565139
0.896776825785 0.793215445687
0.896818923328 0.793576326236
0.896453322462 0.793576326236
0.89608801956 0.793576326236
0.895723014257 0.793576326236
0.895358306189 0.793576326236
0.894993894994 0.793576326236
0.894629780309 0.793576326236
0.894672631151 0.793937206785
0.894715447154 0.794298087333
0.894758228362 0.794658967882
0.894800974817 0.79501984843
0.894437677629 0.79501984843
0.894480519481 0.795380728979
0.894117647059 0.795380728979
0.893755068938 0.795380728979
0.893392784759 0.795380728979
0.893435980551 0.795741609527
0.893074119077 0.795741609527
0.893117408907 0.796102490076
0.892755969243 0.796102490076
0.892799352751 0.796463370624
0.892842701173 0.796824251173
0.892886014551 0.797185131721
0.892525252525 0.797185131721
0.892164781906 0.797185131721
0.891804602342 0.797185131721
0.89184826473 0.79754601227
0.891891891892 0.797906892818
0.891532258065 0.797906892818
0.891575977428 0.798267773367
0.891216760677 0.798267773367
0.890857833266 0.798267773367
0.890499194847 0.798267773367
0.890543259557 0.798628653916
0.890185036203 0.798628653916
0.889827100925 0.798628653916
0.889469453376 0.798628653916
0.889513860988 0.798989534464
0.889156626506 0.798989534464
0.889201124047 0.799350415013
0.888844301766 0.799350415013
0.888487765744 0.799350415013
0.888532477947 0.799711295561
0.888577154309 0.80007217611
0.888221153846 0.80007217611
0.888265919103 0.800433056658
0.888310648519 0.800793937207
0.887955182073 0.800793937207
0.888 0.801154817755
0.887644942023 0.801154817755
0.887689848122 0.801515698304
0.887335197763 0.801515698304
0.887380191693 0.801876578852
0.887025948104 0.801876578852
0.886671987231 0.801876578852
0.886318308736 0.801876578852
0.886363636364 0.802237459401
0.88640892786 0.802598339949
0.886454183267 0.802959220498
0.886499402628 0.803320101047
0.886544585987 0.803680981595
0.886589733386 0.804041862144
0.886634844869 0.804402742692
0.886282306163 0.804402742692
0.885930047695 0.804402742692
0.885975367501 0.804763623241
0.885623510723 0.804763623241
0.885271933307 0.804763623241
0.885317460317 0.805124503789
0.884966283221 0.805124503789
0.884615384615 0.805124503789
0.88426476417 0.805124503789
0.883914421553 0.805124503789
0.883564356436 0.805124503789
0.883214568488 0.805124503789
0.88286505738 0.805124503789
0.882911392405 0.805485384338
0.882957690787 0.805846264886
0.882608695652 0.805846264886
0.882655077045 0.806207145435
0.882306477093 0.806207145435
0.881958152388 0.806207145435
0.882004735596 0.806568025983
0.881656804734 0.806568025983
0.881309148265 0.806568025983
0.880961765865 0.806568025983
0.881008668243 0.806928906532
0.881055533675 0.80728978708
0.881102362205 0.807650667629
0.881149153876 0.808011548178
0.880802517703 0.808011548178
0.880849390484 0.808372428726
0.880503144654 0.808372428726
0.880550098232 0.808733309275
0.880597014925 0.809094189823
0.880251276011 0.809094189823
0.879905808477 0.809094189823
0.879952922715 0.809455070372
0.879607843137 0.809455070372
0.879263034104 0.809455070372
0.878918495298 0.809455070372
