0 0.0
1.0 0.000360880548538
1.0 0.000721761097077
1.0 0.00108264164562
1.0 0.00144352219415
1.0 0.00180440274269
1.0 0.00216528329123
1.0 0.00252616383977
1.0 0.00288704438831
1.0 0.00324792493685
1.0 0.00360880548538
1.0 0.00396968603392
1.0 0.00433056658246
1.0 0.004691447131
1.0 0.00505232767954
1.0 0.00541320822808
1.0 0.00577408877661
1.0 0.00613496932515
1.0 0.00649584987369
0.947368421053 0.00649584987369
0.95 0.00685673042223
0.952380952381 0.00721761097077
0.954545454545 0.00757849151931
0.95652173913 0.00793937206785
0.958333333333 0.00830025261638
0.92 0.00830025261638
0.923076923077 0.00866113316492
0.925925925926 0.00902201371346
0.928571428571 0.009382894262
0.931034482759 0.00974377481054
0.933333333333 0.0101046553591
0.935483870968 0.0104655359076
0.9375 0.0108264164562
0.909090909091 0.0108264164562
0.911764705882 0.0111872970047
0.914285714286 0.0115481775532
0.916666666667 0.0119090581018
0.918918918919 0.0122699386503
0.921052631579 0.0126308191988
0.923076923077 0.0129916997474
0.925 0.0133525802959
0.926829268293 0.0137134608445
0.928571428571 0.014074341393
0.93023255814 0.0144352219415
0.931818181818 0.0147961024901
0.933333333333 0.0151569830386
0.934782608696 0.0155178635872
0.936170212766 0.0158787441357
0.9375 0.0162396246842
0.938775510204 0.0166005052328
0.94 0.0169613857813
0.941176470588 0.0173222663298
0.942307692308 0.0176831468784
0.943396226415 0.0180440274269
0.944444444444 0.0184049079755
0.945454545455 0.018765788524
0.946428571429 0.0191266690725
0.947368421053 0.0194875496211
0.948275862069 0.0198484301696
0.949152542373 0.0202093107182
0.95 0.0205701912667
0.950819672131 0.0209310718152
0.951612903226 0.0212919523638
0.952380952381 0.0216528329123
0.953125 0.0220137134608
0.953846153846 0.0223745940094
0.954545454545 0.0227354745579
0.955223880597 0.0230963551065
0.955882352941 0.023457235655
0.95652173913 0.0238181162035
0.957142857143 0.0241789967521
0.957746478873 0.0245398773006
0.958333333333 0.0249007578492
0.958904109589 0.0252616383977
0.959459459459 0.0256225189462
0.946666666667 0.0256225189462
0.947368421053 0.0259833994948
0.948051948052 0.0263442800433
0.948717948718 0.0267051605918
0.949367088608 0.0270660411404
0.95 0.0274269216889
0.950617283951 0.0277878022375
0.951219512195 0.028148682786
0.951807228916 0.0285095633345
0.952380952381 0.0288704438831
0.952941176471 0.0292313244316
0.953488372093 0.0295922049802
0.954022988506 0.0299530855287
0.954545454545 0.0303139660772
0.955056179775 0.0306748466258
0.955555555556 0.0310357271743
0.956043956044 0.0313966077228
0.95652173913 0.0317574882714
0.956989247312 0.0321183688199
0.957446808511 0.0324792493685
0.957894736842 0.032840129917
0.958333333333 0.0332010104655
0.958762886598 0.0335618910141
0.959183673469 0.0339227715626
0.959595959596 0.0342836521112
0.96 0.0346445326597
0.960396039604 0.0350054132082
0.960784313725 0.0353662937568
0.961165048544 0.0357271743053
0.961538461538 0.0360880548538
0.961904761905 0.0364489354024
0.962264150943 0.0368098159509
0.96261682243 0.0371706964995
0.962962962963 0.037531577048
0.963302752294 0.0378924575965
0.963636363636 0.0382533381451
0.963963963964 0.0386142186936
0.964285714286 0.0389750992422
0.964601769912 0.0393359797907
0.964912280702 0.0396968603392
0.965217391304 0.0400577408878
0.965517241379 0.0404186214363
0.965811965812 0.0407795019848
0.966101694915 0.0411403825334
0.966386554622 0.0415012630819
0.966666666667 0.0418621436305
0.96694214876 0.042223024179
0.967213114754 0.0425839047275
0.967479674797 0.0429447852761
0.967741935484 0.0433056658246
0.96 0.0433056658246
0.960317460317 0.0436665463732
0.96062992126 0.0440274269217
0.9609375 0.0443883074702
0.961240310078 0.0447491880188
0.961538461538 0.0451100685673
0.961832061069 0.0454709491158
0.962121212121 0.0458318296644
0.962406015038 0.0461927102129
0.962686567164 0.0465535907615
0.962962962963 0.04691447131
0.963235294118 0.0472753518585
0.963503649635 0.0476362324071
0.963768115942 0.0479971129556
0.964028776978 0.0483579935042
0.964285714286 0.0487188740527
0.957446808511 0.0487188740527
0.957746478873 0.0490797546012
0.958041958042 0.0494406351498
0.958333333333 0.0498015156983
0.958620689655 0.0501623962468
0.958904109589 0.0505232767954
0.959183673469 0.0508841573439
0.959459459459 0.0512450378925
0.959731543624 0.051605918441
0.96 0.0519667989895
0.960264900662 0.0523276795381
0.960526315789 0.0526885600866
0.960784313725 0.0530494406351
0.961038961039 0.0534103211837
0.961290322581 0.0537712017322
0.961538461538 0.0541320822808
0.96178343949 0.0544929628293
0.962025316456 0.0548538433778
0.962264150943 0.0552147239264
0.9625 0.0555756044749
0.962732919255 0.0559364850235
0.962962962963 0.056297365572
0.963190184049 0.0566582461205
0.963414634146 0.0570191266691
0.963636363636 0.0573800072176
0.963855421687 0.0577408877661
0.964071856287 0.0581017683147
0.964285714286 0.0584626488632
0.96449704142 0.0588235294118
0.964705882353 0.0591844099603
0.964912280702 0.0595452905088
0.96511627907 0.0599061710574
0.965317919075 0.0602670516059
0.965517241379 0.0606279321545
0.965714285714 0.060988812703
0.960227272727 0.060988812703
0.960451977401 0.0613496932515
0.960674157303 0.0617105738001
0.960893854749 0.0620714543486
0.961111111111 0.0624323348971
0.961325966851 0.0627932154457
0.961538461538 0.0631540959942
0.96174863388 0.0635149765428
0.961956521739 0.0638758570913
0.962162162162 0.0642367376398
0.962365591398 0.0645976181884
0.96256684492 0.0649584987369
0.962765957447 0.0653193792855
0.962962962963 0.065680259834
0.963157894737 0.0660411403825
0.96335078534 0.0664020209311
0.963541666667 0.0667629014796
0.963730569948 0.0671237820281
0.963917525773 0.0674846625767
0.964102564103 0.0678455431252
0.964285714286 0.0682064236738
0.964467005076 0.0685673042223
0.964646464646 0.0689281847708
0.964824120603 0.0692890653194
0.965 0.0696499458679
0.965174129353 0.0700108264165
0.965346534653 0.070371706965
0.965517241379 0.0707325875135
0.96568627451 0.0710934680621
0.965853658537 0.0714543486106
0.966019417476 0.0718152291591
0.966183574879 0.0721761097077
0.966346153846 0.0725369902562
0.966507177033 0.0728978708048
0.961904761905 0.0728978708048
0.962085308057 0.0732587513533
0.962264150943 0.0736196319018
0.962441314554 0.0739805124504
0.96261682243 0.0743413929989
0.962790697674 0.0747022735475
0.962962962963 0.075063154096
0.963133640553 0.0754240346445
0.963302752294 0.0757849151931
0.963470319635 0.0761457957416
0.963636363636 0.0765066762901
0.963800904977 0.0768675568387
0.963963963964 0.0772284373872
0.964125560538 0.0775893179358
0.964285714286 0.0779501984843
0.964444444444 0.0783110790328
0.964601769912 0.0786719595814
0.964757709251 0.0790328401299
0.964912280702 0.0793937206785
0.965065502183 0.079754601227
0.965217391304 0.0801154817755
0.965367965368 0.0804763623241
0.965517241379 0.0808372428726
0.965665236052 0.0811981234211
0.965811965812 0.0815590039697
0.965957446809 0.0819198845182
0.966101694915 0.0822807650668
0.966244725738 0.0826416456153
0.966386554622 0.0830025261638
0.966527196653 0.0833634067124
0.966666666667 0.0837242872609
0.966804979253 0.0840851678095
0.96694214876 0.084446048358
0.9670781893 0.0848069289065
0.967213114754 0.0851678094551
0.967346938776 0.0855286900036
0.967479674797 0.0858895705521
0.967611336032 0.0862504511007
0.967741935484 0.0866113316492
0.967871485944 0.0869722121978
0.968 0.0873330927463
0.96812749004 0.0876939732948
0.968253968254 0.0880548538434
0.96837944664 0.0884157343919
0.968503937008 0.0887766149405
0.96862745098 0.089137495489
0.96875 0.0894983760375
0.968871595331 0.0898592565861
0.968992248062 0.0902201371346
0.969111969112 0.0905810176831
0.969230769231 0.0909418982317
0.965517241379 0.0909418982317
0.965648854962 0.0913027787802
0.965779467681 0.0916636593288
0.965909090909 0.0920245398773
0.966037735849 0.0923854204258
0.966165413534 0.0927463009744
0.966292134831 0.0931071815229
0.966417910448 0.0934680620715
0.966542750929 0.09382894262
0.966666666667 0.0941898231685
0.966789667897 0.0945507037171
0.966911764706 0.0949115842656
0.967032967033 0.0952724648141
0.967153284672 0.0956333453627
0.967272727273 0.0959942259112
0.967391304348 0.0963551064598
0.967509025271 0.0967159870083
0.967625899281 0.0970768675568
0.967741935484 0.0974377481054
0.967857142857 0.0977986286539
0.967971530249 0.0981595092025
0.968085106383 0.098520389751
0.968197879859 0.0988812702995
0.968309859155 0.0992421508481
0.968421052632 0.0996030313966
0.968531468531 0.0999639119451
0.968641114983 0.100324792494
0.96875 0.100685673042
0.968858131488 0.101046553591
0.968965517241 0.101407434139
0.969072164948 0.101768314688
0.969178082192 0.102129195236
0.969283276451 0.102490075785
0.969387755102 0.102850956333
0.969491525424 0.103211836882
0.969594594595 0.103572717431
0.969696969697 0.103933597979
0.969798657718 0.104294478528
0.969899665552 0.104655359076
0.97 0.105016239625
0.970099667774 0.105377120173
0.970198675497 0.105738000722
0.970297029703 0.10609888127
0.970394736842 0.106459761819
0.970491803279 0.106820642367
0.970588235294 0.107181522916
0.970684039088 0.107542403464
0.970779220779 0.107903284013
0.970873786408 0.108264164562
0.970967741935 0.10862504511
0.971061093248 0.108985925659
0.971153846154 0.109346806207
0.97124600639 0.109707686756
0.971337579618 0.110068567304
0.971428571429 0.110429447853
0.971518987342 0.110790328401
0.971608832808 0.11115120895
0.971698113208 0.111512089498
0.971786833856 0.111872970047
0.971875 0.112233850595
0.971962616822 0.112594731144
0.972049689441 0.112955611693
0.97213622291 0.113316492241
0.972222222222 0.11367737279
0.972307692308 0.114038253338
0.972392638037 0.114399133887
0.97247706422 0.114760014435
0.97256097561 0.115120894984
0.9726443769 0.115481775532
0.972727272727 0.115842656081
0.972809667674 0.116203536629
0.972891566265 0.116564417178
0.972972972973 0.116925297726
0.973053892216 0.117286178275
0.973134328358 0.117647058824
0.973214285714 0.118007939372
0.973293768546 0.118368819921
0.973372781065 0.118729700469
0.973451327434 0.119090581018
0.973529411765 0.119451461566
0.973607038123 0.119812342115
0.973684210526 0.120173222663
0.973760932945 0.120534103212
0.973837209302 0.12089498376
0.971014492754 0.12089498376
0.971098265896 0.121255864309
0.971181556196 0.121616744857
0.971264367816 0.121977625406
0.971346704871 0.122338505955
0.971428571429 0.122699386503
0.97150997151 0.123060267052
0.971590909091 0.1234211476
0.971671388102 0.123782028149
0.971751412429 0.124142908697
0.971830985915 0.124503789246
0.97191011236 0.124864669794
0.971988795518 0.125225550343
0.972067039106 0.125586430891
0.972144846797 0.12594731144
0.972222222222 0.126308191988
0.972299168975 0.126669072537
0.972375690608 0.127029953086
0.972451790634 0.127390833634
0.972527472527 0.127751714183
0.972602739726 0.128112594731
0.972677595628 0.12847347528
0.972752043597 0.128834355828
0.972826086957 0.129195236377
0.972899728997 0.129556116925
0.97027027027 0.129556116925
0.970350404313 0.129916997474
0.970430107527 0.130277878022
0.970509383378 0.130638758571
0.970588235294 0.130999639119
0.970666666667 0.131360519668
0.970744680851 0.131721400217
0.970822281167 0.132082280765
0.970899470899 0.132443161314
0.970976253298 0.132804041862
0.971052631579 0.133164922411
0.971128608924 0.133525802959
0.968586387435 0.133525802959
0.968668407311 0.133886683508
0.96875 0.134247564056
0.968831168831 0.134608444605
0.968911917098 0.134969325153
0.968992248062 0.135330205702
0.969072164948 0.13569108625
0.969151670951 0.136051966799
0.969230769231 0.136412847348
0.969309462916 0.136773727896
0.969387755102 0.137134608445
0.969465648855 0.137495488993
0.969543147208 0.137856369542
0.969620253165 0.13821725009
0.969696969697 0.138578130639
0.969773299748 0.138939011187
0.969849246231 0.139299891736
0.96992481203 0.139660772284
0.97 0.140021652833
0.970074812968 0.140382533381
0.970149253731 0.14074341393
0.970223325062 0.141104294479
0.970297029703 0.141465175027
0.97037037037 0.141826055576
0.970443349754 0.142186936124
0.970515970516 0.142547816673
0.970588235294 0.142908697221
0.970660146699 0.14326957777
0.970731707317 0.143630458318
0.970802919708 0.143991338867
0.970873786408 0.144352219415
0.970944309927 0.144713099964
0.971014492754 0.145073980512
0.971084337349 0.145434861061
0.971153846154 0.14579574161
0.971223021583 0.146156622158
0.971291866029 0.146517502707
0.971360381862 0.146878383255
0.971428571429 0.147239263804
0.971496437055 0.147600144352
0.971563981043 0.147961024901
0.971631205674 0.148321905449
0.971698113208 0.148682785998
0.971764705882 0.149043666546
0.971830985915 0.149404547095
0.971896955504 0.149765427643
0.971962616822 0.150126308192
0.972027972028 0.150487188741
0.972093023256 0.150848069289
0.972157772622 0.151208949838
0.972222222222 0.151569830386
0.972286374134 0.151930710935
0.972350230415 0.152291591483
0.972413793103 0.152652472032
0.97247706422 0.15301335258
0.972540045767 0.153374233129
0.972602739726 0.153735113677
0.972665148064 0.154095994226
0.972727272727 0.154456874774
0.972789115646 0.154817755323
0.972850678733 0.155178635872
0.972911963883 0.15553951642
0.972972972973 0.155900396969
0.973033707865 0.156261277517
0.973094170404 0.156622158066
0.973154362416 0.156983038614
0.973214285714 0.157343919163
0.973273942094 0.157704799711
0.973333333333 0.15806568026
0.973392461197 0.158426560808
0.973451327434 0.158787441357
0.973509933775 0.159148321905
0.973568281938 0.159509202454
0.973626373626 0.159870083003
0.973684210526 0.160230963551
0.973741794311 0.1605918441
0.973799126638 0.160952724648
0.971677559913 0.160952724648
0.971739130435 0.161313605197
0.971800433839 0.161674485745
0.971861471861 0.162035366294
0.97192224622 0.162396246842
0.971982758621 0.162757127391
0.972043010753 0.163118007939
0.972103004292 0.163478888488
0.972162740899 0.163839769036
0.972222222222 0.164200649585
0.972281449893 0.164561530134
0.972340425532 0.164922410682
0.972399150743 0.165283291231
0.970338983051 0.165283291231
0.970401691332 0.165644171779
0.970464135021 0.166005052328
0.970526315789 0.166365932876
0.970588235294 0.166726813425
0.970649895178 0.167087693973
0.968619246862 0.167087693973
0.968684759916 0.167448574522
0.96875 0.16780945507
0.968814968815 0.168170335619
0.96887966805 0.168531216167
0.968944099379 0.168892096716
0.969008264463 0.169252977265
0.969072164948 0.169613857813
0.969135802469 0.169974738362
0.967145790554 0.169974738362
0.967213114754 0.17033561891
0.967280163599 0.170696499459
0.967346938776 0.171057380007
0.967413441955 0.171418260556
0.967479674797 0.171779141104
0.967545638945 0.172140021653
0.967611336032 0.172500902201
0.967676767677 0.17286178275
0.967741935484 0.173222663298
0.967806841046 0.173583543847
0.967871485944 0.173944424396
0.967935871743 0.174305304944
0.968 0.174666185493
0.968063872255 0.175027066041
0.96812749004 0.17538794659
0.968190854871 0.175748827138
0.968253968254 0.176109707687
0.968316831683 0.176470588235
0.96837944664 0.176831468784
0.968441814596 0.177192349332
0.968503937008 0.177553229881
0.968565815324 0.177914110429
0.96862745098 0.178274990978
0.968688845401 0.178635871527
0.96875 0.178996752075
0.968810916179 0.179357632624
0.968871595331 0.179718513172
0.968932038835 0.180079393721
0.968992248062 0.180440274269
0.969052224371 0.180801154818
0.969111969112 0.181162035366
0.969171483622 0.181522915915
0.969230769231 0.181883796463
0.969289827255 0.182244677012
0.969348659004 0.18260555756
0.969407265774 0.182966438109
0.969465648855 0.183327318658
0.969523809524 0.183688199206
0.969581749049 0.184049079755
0.969639468691 0.184409960303
0.969696969697 0.184770840852
0.969754253308 0.1851317214
0.967924528302 0.1851317214
0.967984934087 0.185492601949
0.968045112782 0.185853482497
0.968105065666 0.186214363046
0.968164794007 0.186575243594
0.968224299065 0.186936124143
0.96828358209 0.187297004691
0.96834264432 0.18765788524
0.968401486989 0.188018765789
0.968460111317 0.188379646337
0.968518518519 0.188740526886
0.968576709797 0.189101407434
0.968634686347 0.189462287983
0.968692449355 0.189823168531
0.96875 0.19018404908
0.96880733945 0.190544929628
0.968864468864 0.190905810177
0.968921389397 0.191266690725
0.967153284672 0.191266690725
0.967213114754 0.191627571274
0.967272727273 0.191988451822
0.967332123412 0.192349332371
0.967391304348 0.19271021292
0.967450271248 0.193071093468
0.967509025271 0.193431974017
0.967567567568 0.193792854565
0.967625899281 0.194153735114
0.967684021544 0.194514615662
0.967741935484 0.194875496211
0.967799642218 0.195236376759
0.967857142857 0.195597257308
0.967914438503 0.195958137856
0.967971530249 0.196319018405
0.968028419183 0.196679898953
0.968085106383 0.197040779502
0.966371681416 0.197040779502
0.966431095406 0.197401660051
0.966490299824 0.197762540599
0.966549295775 0.198123421148
0.966608084359 0.198484301696
0.966666666667 0.198845182245
0.966725043783 0.199206062793
0.966783216783 0.199566943342
0.966841186736 0.19992782389
0.966898954704 0.200288704439
0.966956521739 0.200649584987
0.967013888889 0.201010465536
0.967071057192 0.201371346084
0.967128027682 0.201732226633
0.967184801382 0.202093107182
0.96724137931 0.20245398773
0.967297762478 0.202814868279
0.96735395189 0.203175748827
0.967409948542 0.203536629376
0.967465753425 0.203897509924
0.967521367521 0.204258390473
0.967576791809 0.204619271021
0.967632027257 0.20498015157
0.96768707483 0.205341032118
0.967741935484 0.205701912667
0.967796610169 0.206062793215
0.966159052453 0.206062793215
0.966216216216 0.206423673764
0.966273187184 0.206784554313
0.96632996633 0.207145434861
0.966386554622 0.20750631541
0.96644295302 0.207867195958
0.966499162479 0.208228076507
0.966555183946 0.208588957055
0.966611018364 0.208949837604
0.965 0.208949837604
0.963394342762 0.208949837604
0.963455149502 0.209310718152
0.963515754561 0.209671598701
0.96357615894 0.210032479249
0.963636363636 0.210393359798
0.963696369637 0.210754240346
0.963756177924 0.211115120895
0.963815789474 0.211476001444
0.963875205255 0.211836881992
0.96393442623 0.212197762541
0.962356792144 0.212197762541
0.962418300654 0.212558643089
0.962479608483 0.212919523638
0.962540716612 0.213280404186
0.962601626016 0.213641284735
0.962662337662 0.214002165283
0.961102106969 0.214002165283
0.959546925566 0.214002165283
0.959612277868 0.214363045832
0.959677419355 0.21472392638
0.959742351047 0.215084806929
0.959807073955 0.215445687477
0.959871589085 0.215806568026
0.959935897436 0.216167448575
0.9584 0.216167448575
0.958466453674 0.216528329123
0.958532695375 0.216889209672
0.958598726115 0.21725009022
0.957074721781 0.21725009022
0.957142857143 0.217610970769
0.957210776545 0.217971851317
0.957278481013 0.218332731866
0.957345971564 0.218693612414
0.957413249211 0.219054492963
0.957480314961 0.219415373511
0.957547169811 0.21977625406
0.957613814757 0.220137134608
0.957680250784 0.220498015157
0.957746478873 0.220858895706
0.9578125 0.221219776254
0.957878315133 0.221580656803
0.957943925234 0.221941537351
0.95800933126 0.2223024179
0.95652173913 0.2223024179
0.956589147287 0.222663298448
0.956656346749 0.223024178997
0.956723338485 0.223385059545
0.956790123457 0.223745940094
0.956856702619 0.224106820642
0.956923076923 0.224467701191
0.955453149002 0.224467701191
0.953987730061 0.224467701191
0.954058192956 0.224828581739
0.954128440367 0.225189462288
0.954198473282 0.225550342837
0.954268292683 0.225911223385
0.954337899543 0.226272103934
0.954407294833 0.226632984482
0.954476479514 0.226993865031
0.954545454545 0.227354745579
0.954614220877 0.227715626128
0.953172205438 0.227715626128
0.953242835596 0.228076506676
0.953313253012 0.228437387225
0.953383458647 0.228798267773
0.953453453453 0.229159148322
0.953523238381 0.22952002887
0.953592814371 0.229880909419
0.953662182362 0.230241789968
0.953731343284 0.230602670516
0.953800298063 0.230963551065
0.953869047619 0.231324431613
0.953937592868 0.231685312162
0.954005934718 0.23204619271
0.954074074074 0.232407073259
0.954142011834 0.232767953807
0.954209748892 0.233128834356
0.954277286136 0.233489714904
0.954344624448 0.233850595453
0.954411764706 0.234211476001
0.954478707783 0.23457235655
0.954545454545 0.234933237099
0.954612005857 0.235294117647
0.954678362573 0.235654998196
0.954744525547 0.236015878744
0.953352769679 0.236015878744
0.951965065502 0.236015878744
0.952034883721 0.236376759293
0.952104499274 0.236737639841
0.952173913043 0.23709852039
0.952243125904 0.237459400938
0.952312138728 0.237820281487
0.952380952381 0.238181162035
0.952449567723 0.238542042584
0.952517985612 0.238902923132
0.952586206897 0.239263803681
0.952654232425 0.23962468423
0.952722063037 0.239985564778
0.952789699571 0.240346445327
0.952857142857 0.240707325875
0.952924393723 0.241068206424
0.952991452991 0.241429086972
0.953058321479 0.241789967521
0.953125 0.242150848069
0.953191489362 0.242511728618
0.951841359773 0.242511728618
0.950495049505 0.242511728618
0.950564971751 0.242872609166
0.950634696756 0.243233489715
0.950704225352 0.243594370263
0.950773558368 0.243955250812
0.950842696629 0.244316131361
0.950911640954 0.244677011909
0.950980392157 0.245037892458
0.951048951049 0.245398773006
0.951117318436 0.245759653555
0.951185495119 0.246120534103
0.951253481894 0.246481414652
0.951321279555 0.2468422952
0.951388888889 0.247203175749
0.95145631068 0.247564056297
0.951523545706 0.247924936846
0.951590594744 0.248285817394
0.951657458564 0.248646697943
0.951724137931 0.249007578492
0.951790633609 0.24936845904
0.950481430536 0.24936845904
0.950549450549 0.249729339589
0.950617283951 0.250090220137
0.950684931507 0.250451100686
0.950752393981 0.250811981234
0.950819672131 0.251172861783
0.950886766712 0.251533742331
0.950953678474 0.25189462288
0.951020408163 0.252255503428
0.951086956522 0.252616383977
0.951153324288 0.252977264525
0.951219512195 0.253338145074
0.951285520974 0.253699025623
0.951351351351 0.254059906171
0.951417004049 0.25442078672
0.951482479784 0.254781667268
0.951547779273 0.255142547817
0.951612903226 0.255503428365
0.951677852349 0.255864308914
0.951742627346 0.256225189462
0.951807228916 0.256586070011
0.950534759358 0.256586070011
0.950600801068 0.256946950559
0.950666666667 0.257307831108
0.950732356858 0.257668711656
0.95079787234 0.258029592205
0.950863213811 0.258390472754
0.950928381963 0.258751353302
0.950993377483 0.259112233851
0.951058201058 0.259473114399
0.951122853369 0.259833994948
0.951187335092 0.260194875496
0.951251646904 0.260555756045
0.951315789474 0.260916636593
0.951379763469 0.261277517142
0.951443569554 0.26163839769
0.951507208388 0.261999278239
0.951570680628 0.262360158787
0.951633986928 0.262721039336
0.951697127937 0.263081919885
0.951760104302 0.263442800433
0.951822916667 0.263803680982
0.95188556567 0.26416456153
0.951948051948 0.264525442079
0.952010376135 0.264886322627
0.95207253886 0.265247203176
0.95213454075 0.265608083724
0.952196382429 0.265968964273
0.952258064516 0.266329844821
0.951030927835 0.266329844821
0.949806949807 0.266329844821
0.949871465296 0.26669072537
0.949935815148 0.267051605918
0.95 0.267412486467
0.950064020487 0.267773367016
0.950127877238 0.268134247564
0.950191570881 0.268495128113
0.950255102041 0.268856008661
0.950318471338 0.26921688921
0.950381679389 0.269577769758
0.950444726811 0.269938650307
0.950507614213 0.270299530855
0.950570342205 0.270660411404
0.950632911392 0.271021291952
0.950695322377 0.271382172501
0.950757575758 0.271743053049
0.950819672131 0.272103933598
0.950881612091 0.272464814147
0.950943396226 0.272825694695
0.951005025126 0.273186575244
0.951066499373 0.273547455792
0.951127819549 0.273908336341
0.951188986233 0.274269216889
0.95125 0.274630097438
0.951310861423 0.274990977986
0.951371571072 0.275351858535
0.951432129514 0.275712739083
0.951492537313 0.276073619632
0.951552795031 0.27643450018
0.951612903226 0.276795380729
0.951672862454 0.277156261278
0.951732673267 0.277517141826
0.951792336218 0.277878022375
0.951851851852 0.278238902923
0.951911220715 0.278599783472
0.95197044335 0.27896066402
0.952029520295 0.279321544569
0.952088452088 0.279682425117
0.952147239264 0.280043305666
0.952205882353 0.280404186214
0.952264381885 0.280765066763
0.952322738386 0.281125947311
0.952380952381 0.28148682786
0.95243902439 0.281847708409
0.952496954933 0.282208588957
0.952554744526 0.282569469506
0.952612393682 0.282930350054
0.952669902913 0.283291230603
0.952727272727 0.283652111151
0.952784503632 0.2840129917
0.952841596131 0.284373872248
0.952898550725 0.284734752797
0.952955367913 0.285095633345
0.953012048193 0.285456513894
0.953068592058 0.285817394442
0.951923076923 0.285817394442
0.951980792317 0.286178274991
0.952038369305 0.28653915554
0.952095808383 0.286900036088
0.952153110048 0.287260916637
0.952210274791 0.287621797185
0.952267303103 0.287982677734
0.952324195471 0.288343558282
0.95119047619 0.288343558282
0.951248513674 0.288704438831
0.951306413302 0.289065319379
0.951364175563 0.289426199928
0.951421800948 0.289787080476
0.951479289941 0.290147961025
0.951536643026 0.290508841573
0.951593860685 0.290869722122
0.951650943396 0.291230602671
0.951707891637 0.291591483219
0.951764705882 0.291952363768
0.951821386604 0.292313244316
0.951877934272 0.292674124865
0.951934349355 0.293035005413
0.951990632319 0.293395885962
0.952046783626 0.29375676651
0.952102803738 0.294117647059
0.952158693116 0.294478527607
0.952214452214 0.294839408156
0.95227008149 0.295200288704
0.952325581395 0.295561169253
0.952380952381 0.295922049802
0.952436194896 0.29628293035
0.952491309386 0.296643810899
0.952546296296 0.297004691447
0.952601156069 0.297365571996
0.951501154734 0.297365571996
0.951557093426 0.297726452544
0.951612903226 0.298087333093
0.95166858458 0.298448213641
0.951724137931 0.29880909419
0.95177956372 0.299169974738
0.951834862385 0.299530855287
0.951890034364 0.299891735835
0.951945080092 0.300252616384
0.952 0.300613496933
0.952054794521 0.300974377481
0.952109464082 0.30133525803
0.952164009112 0.301696138578
0.952218430034 0.302057019127
0.952272727273 0.302417899675
0.952326901249 0.302778780224
0.952380952381 0.303139660772
0.952434881087 0.303500541321
0.952488687783 0.303861421869
0.952542372881 0.304222302418
0.952595936795 0.304583182966
0.952649379932 0.304944063515
0.952702702703 0.305304944064
0.952755905512 0.305665824612
0.952808988764 0.306026705161
0.952861952862 0.306387585709
0.952914798206 0.306748466258
0.952967525196 0.307109346806
0.953020134228 0.307470227355
0.953072625698 0.307831107903
0.953125 0.308191988452
0.953177257525 0.308552869
0.953229398664 0.308913749549
0.953281423804 0.309274630097
0.953333333333 0.309635510646
0.953385127636 0.309996391195
0.953436807095 0.310357271743
0.953488372093 0.310718152292
0.953539823009 0.31107903284
0.953591160221 0.311439913389
0.953642384106 0.311800793937
0.953693495039 0.312161674486
0.953744493392 0.312522555034
0.953795379538 0.312883435583
0.953846153846 0.313244316131
0.953896816685 0.31360519668
0.953947368421 0.313966077228
0.953997809419 0.314326957777
0.954048140044 0.314687838326
0.954098360656 0.315048718874
0.954148471616 0.315409599423
0.954198473282 0.315770479971
0.954248366013 0.31613136052
0.954298150163 0.316492241068
0.954347826087 0.316853121617
0.954397394137 0.317214002165
0.954446854664 0.317574882714
0.954496208017 0.317935763262
0.954545454545 0.318296643811
0.954594594595 0.318657524359
0.95464362851 0.319018404908
0.954692556634 0.319379285457
0.95474137931 0.319740166005
0.954790096878 0.320101046554
0.954838709677 0.320461927102
0.954887218045 0.320822807651
0.954935622318 0.321183688199
0.95498392283 0.321544568748
0.953961456103 0.321544568748
0.954010695187 0.321905449296
0.95405982906 0.322266329845
0.954108858058 0.322627210393
0.954157782516 0.322988090942
0.954206602769 0.32334897149
0.953191489362 0.32334897149
0.953241232731 0.323709852039
0.953290870488 0.324070732588
0.953340402969 0.324431613136
0.953389830508 0.324792493685
0.953439153439 0.325153374233
0.953488372093 0.325514254782
0.9535374868 0.32587513533
0.95358649789 0.326236015879
0.95363540569 0.326596896427
0.953684210526 0.326957776976
0.953732912723 0.327318657524
0.953781512605 0.327679538073
0.953830010493 0.328040418621
0.953878406709 0.32840129917
0.953926701571 0.328762179719
0.953974895397 0.329123060267
0.954022988506 0.329483940816
0.954070981211 0.329844821364
0.954118873827 0.330205701913
0.954166666667 0.330566582461
0.954214360042 0.33092746301
0.954261954262 0.331288343558
0.954309449637 0.331649224107
0.953319502075 0.331649224107
0.952331606218 0.331649224107
0.952380952381 0.332010104655
0.952430196484 0.332370985204
0.952479338843 0.332731865752
0.952528379773 0.333092746301
0.952577319588 0.33345362685
0.952626158599 0.333814507398
0.952674897119 0.334175387947
0.952723535457 0.334536268495
0.952772073922 0.334897149044
0.952820512821 0.335258029592
0.952868852459 0.335618910141
0.952917093142 0.335979790689
0.952965235174 0.336340671238
0.953013278856 0.336701551786
0.95306122449 0.337062432335
0.952089704383 0.337062432335
0.952138492872 0.337423312883
0.951169888098 0.337423312883
0.951219512195 0.337784193432
0.951269035533 0.338145073981
0.951318458418 0.338505954529
0.951367781155 0.338866835078
0.951417004049 0.339227715626
0.951466127401 0.339588596175
0.951515151515 0.339949476723
0.950554994955 0.339949476723
0.95060483871 0.340310357272
0.950654582075 0.34067123782
0.950704225352 0.341032118369
0.950753768844 0.341392998917
0.949799196787 0.341392998917
0.949849548646 0.341753879466
0.949899799599 0.342114760014
0.94994994995 0.342475640563
0.95 0.342836521112
0.95004995005 0.34319740166
0.949101796407 0.34319740166
0.949152542373 0.343558282209
0.949203187251 0.343919162757
0.949253731343 0.344280043306
0.94930417495 0.344640923854
0.949354518371 0.345001804403
0.949404761905 0.345362684951
0.949454905847 0.3457235655
0.949504950495 0.346084446048
0.949554896142 0.346445326597
0.949604743083 0.346806207145
0.949654491609 0.347167087694
0.949704142012 0.347527968243
0.949753694581 0.347888848791
0.949803149606 0.34824972934
0.949852507375 0.348610609888
0.949901768173 0.348971490437
0.949950932287 0.349332370985
0.95 0.349693251534
0.950048971596 0.350054132082
0.950097847358 0.350415012631
0.950146627566 0.350775893179
0.94921875 0.350775893179
0.949268292683 0.351136773728
0.949317738791 0.351497654276
0.949367088608 0.351858534825
0.949416342412 0.352219415374
0.949465500486 0.352580295922
0.949514563107 0.352941176471
0.949563530553 0.353302057019
0.949612403101 0.353662937568
0.949661181026 0.354023818116
0.948742746615 0.354023818116
0.948792270531 0.354384698665
0.948841698842 0.354745579213
0.948891031823 0.355106459762
0.94894026975 0.35546734031
0.948989412897 0.355828220859
0.949038461538 0.356189101407
0.948126801153 0.356189101407
0.948176583493 0.356549981956
0.948226270374 0.356910862505
0.948275862069 0.357271743053
0.948325358852 0.357632623602
0.948374760994 0.35799350415
0.948424068768 0.358354384699
0.948473282443 0.358715265247
0.948522402288 0.359076145796
0.948571428571 0.359437026344
0.94862036156 0.359797906893
0.948669201521 0.360158787441
0.948717948718 0.36051966799
0.948766603416 0.360880548538
0.948815165877 0.361241429087
0.948863636364 0.361602309636
0.948912015137 0.361963190184
0.948960302457 0.362324070733
0.949008498584 0.362684951281
0.949056603774 0.36304583183
0.949104618285 0.363406712378
0.949152542373 0.363767592927
0.949200376294 0.364128473475
0.949248120301 0.364489354024
0.949295774648 0.364850234572
0.949343339587 0.365211115121
0.94939081537 0.365571995669
0.949438202247 0.365932876218
0.948550046773 0.365932876218
0.948598130841 0.366293756767
0.948646125117 0.366654637315
0.948694029851 0.367015517864
0.948741845294 0.367376398412
0.948789571695 0.367737278961
0.948837209302 0.368098159509
0.948884758364 0.368459040058
0.948932219127 0.368819920606
0.948051948052 0.368819920606
0.948100092678 0.369180801155
0.948148148148 0.369541681703
0.948196114709 0.369902562252
0.948243992606 0.3702634428
0.948291782087 0.370624323349
0.948339483395 0.370985203898
0.948387096774 0.371346084446
0.948434622468 0.371706964995
0.948482060718 0.372067845543
0.948529411765 0.372428726092
0.948576675849 0.37278960664
0.948623853211 0.373150487189
0.948670944088 0.373511367737
0.948717948718 0.373872248286
0.948764867338 0.374233128834
0.9478976234 0.374233128834
0.947945205479 0.374594009383
0.94799270073 0.374954889931
0.948040109389 0.37531577048
0.948087431694 0.375676651029
0.94813466788 0.376037531577
0.948181818182 0.376398412126
0.948228882834 0.376759292674
0.948275862069 0.377120173223
0.94832275612 0.377481053771
0.948369565217 0.37784193432
0.948416289593 0.378202814868
0.948462929476 0.378563695417
0.947606142728 0.378563695417
0.946750902527 0.378563695417
0.946798917944 0.378924575965
0.946846846847 0.379285456514
0.946894689469 0.379646337062
0.946942446043 0.380007217611
0.946990116801 0.38036809816
0.946140035907 0.38036809816
0.946188340807 0.380728978708
0.94623655914 0.381089859257
0.946284691137 0.381450739805
0.94633273703 0.381811620354
0.946380697051 0.382172500902
0.945535714286 0.382172500902
0.945584299732 0.382533381451
0.945632798574 0.382894261999
0.945681211042 0.383255142548
0.945729537367 0.383616023096
0.945777777778 0.383976903645
0.945825932504 0.384337784193
0.945874001775 0.384698664742
0.945921985816 0.385059545291
0.945969884854 0.385420425839
0.946017699115 0.385781306388
0.946065428824 0.386142186936
0.946113074205 0.386503067485
0.946160635481 0.386863948033
0.946208112875 0.387224828582
0.946255506608 0.38758570913
0.946302816901 0.387946589679
0.946350043975 0.388307470227
0.946397188049 0.388668350776
0.945566286216 0.388668350776
0.945614035088 0.389029231324
0.945661700263 0.389390111873
0.945709281961 0.389750992422
0.945756780402 0.39011187297
0.945804195804 0.390472753519
0.945851528384 0.390833634067
0.94589877836 0.391194514616
0.945945945946 0.391555395164
0.945993031359 0.391916275713
0.946040034813 0.392277156261
0.946086956522 0.39263803681
0.946133796699 0.392998917358
0.946180555556 0.393359797907
0.946227233304 0.393720678455
0.946273830156 0.394081559004
0.94632034632 0.394442439553
0.946366782007 0.394803320101
0.946413137424 0.39516420065
0.946459412781 0.395525081198
0.946505608283 0.395885961747
0.946551724138 0.396246842295
0.946597760551 0.396607722844
0.946643717728 0.396968603392
0.946689595873 0.397329483941
0.946735395189 0.397690364489
0.94678111588 0.398051245038
0.946826758148 0.398412125586
0.946872322194 0.398773006135
0.946917808219 0.399133886684
0.946963216424 0.399494767232
0.947008547009 0.399855647781
0.947053800171 0.400216528329
0.947098976109 0.400577408878
0.947144075021 0.400938289426
0.947189097104 0.401299169975
0.947234042553 0.401660050523
0.947278911565 0.402020931072
0.947323704333 0.40238181162
0.947368421053 0.402742692169
0.947413061917 0.403103572717
0.947457627119 0.403464453266
0.94750211685 0.403825333815
0.947546531303 0.404186214363
0.947590870668 0.404547094912
0.946790540541 0.404547094912
0.946835443038 0.40490797546
0.946880269815 0.405268856009
0.946925021061 0.405629736557
0.94696969697 0.405990617106
0.947014297729 0.406351497654
0.947058823529 0.406712378203
0.947103274559 0.407073258751
0.947147651007 0.4074341393
0.94719195306 0.407795019848
0.947236180905 0.408155900397
0.947280334728 0.408516780946
0.947324414716 0.408877661494
0.947368421053 0.409238542043
0.947412353923 0.409599422591
0.947456213511 0.40996030314
0.9475 0.410321183688
0.947543713572 0.410682064237
0.947587354409 0.411042944785
0.947630922693 0.411403825334
0.947674418605 0.411764705882
0.947717842324 0.412125586431
0.94776119403 0.412486466979
0.946975973488 0.412486466979
0.94701986755 0.412847347528
0.947063688999 0.413208228077
0.947107438017 0.413569108625
0.947151114781 0.413929989174
0.946369636964 0.413929989174
0.946413849959 0.414290869722
0.946457990115 0.414651750271
0.946502057613 0.415012630819
0.946546052632 0.415373511368
0.946589975349 0.415734391916
0.946633825944 0.416095272465
0.946677604594 0.416456153013
0.946721311475 0.416817033562
0.946764946765 0.41717791411
0.946808510638 0.417538794659
0.946852003271 0.417899675208
0.946895424837 0.418260555756
0.94693877551 0.418621436305
0.946982055465 0.418982316853
0.947025264874 0.419343197402
0.947068403909 0.41970407795
0.947111472742 0.420064958499
0.946341463415 0.420064958499
0.946385052803 0.420425839047
0.946428571429 0.420786719596
0.946472019465 0.421147600144
0.946515397083 0.421508480693
0.946558704453 0.421869361241
0.946601941748 0.42223024179
0.946645109135 0.422591122339
0.945880452342 0.422591122339
0.945924132365 0.422952002887
0.945967741935 0.423312883436
0.946011281225 0.423673763984
0.946054750403 0.424034644533
0.946098149638 0.424395525081
0.9461414791 0.42475640563
0.946184738956 0.425117286178
0.946227929374 0.425478166727
0.946271050521 0.425839047275
0.946314102564 0.426199927824
0.946357085669 0.426560808372
0.9464 0.426921688921
0.945643485212 0.426921688921
0.945686900958 0.42728256947
0.945730247406 0.427643450018
0.945773524721 0.428004330567
0.945816733068 0.428365211115
0.945859872611 0.428726091664
0.945902943516 0.429086972212
0.945945945946 0.429447852761
0.945988880064 0.429808733309
0.946031746032 0.430169613858
0.946074544013 0.430530494406
0.946117274168 0.430891374955
0.946159936659 0.431252255503
0.946202531646 0.431613136052
0.946245059289 0.431974016601
0.946287519747 0.432334897149
0.946329913181 0.432695777698
0.946372239748 0.433056658246
0.946414499606 0.433417538795
0.946456692913 0.433778419343
0.946498819827 0.434139299892
0.946540880503 0.43450018044
0.946582875098 0.434861060989
0.946624803768 0.435221941537
0.946666666667 0.435582822086
0.94670846395 0.435943702634
0.946750195771 0.436304583183
0.946791862285 0.436665463732
0.946833463643 0.43702634428
0.946875 0.437387224829
0.946916471507 0.437748105377
0.946957878315 0.438108985926
0.946999220577 0.438469866474
0.947040498442 0.438830747023
0.947081712062 0.439191627571
0.947122861586 0.43955250812
0.947163947164 0.439913388668
0.947204968944 0.440274269217
0.947245927075 0.440635149765
0.947286821705 0.440996030314
0.947327652982 0.441356910863
0.947368421053 0.441717791411
0.947409126063 0.44207867196
0.946676970634 0.44207867196
0.946718146718 0.442439552508
0.946759259259 0.442800433057
0.946800308404 0.443161313605
0.946841294299 0.443522194154
0.94688221709 0.443883074702
0.946923076923 0.444243955251
0.946963873943 0.444604835799
0.947004608295 0.444965716348
0.947045280123 0.445326596896
0.947085889571 0.445687477445
0.947126436782 0.446048357994
0.947166921899 0.446409238542
0.947207345065 0.446770119091
0.947247706422 0.447130999639
0.947288006112 0.447491880188
0.947328244275 0.447852760736
0.947368421053 0.448213641285
0.946646341463 0.448213641285
0.94668697639 0.448574521833
0.946727549467 0.448935402382
0.946768060837 0.44929628293
0.946808510638 0.449657163479
0.946848899013 0.450018044027
0.9468892261 0.450378924576
0.946929492039 0.450739805125
0.94696969697 0.451100685673
0.94700984103 0.451461566222
0.947049924357 0.45182244677
0.94708994709 0.452183327319
0.947129909366 0.452544207867
0.947169811321 0.452905088416
0.947209653092 0.453265968964
0.947249434815 0.453626849513
0.947289156627 0.453987730061
0.947328818661 0.45434861061
0.947368421053 0.454709491158
0.947407963937 0.455070371707
0.947447447447 0.455431252256
0.947486871718 0.455792132804
0.947526236882 0.456153013353
0.947565543071 0.456513893901
0.947604790419 0.45687477445
0.947643979058 0.457235654998
0.947683109118 0.457596535547
0.947722180732 0.457957416095
0.94776119403 0.458318296644
0.947800149142 0.458679177192
0.9478390462 0.459040057741
0.947133283693 0.459040057741
0.946428571429 0.459040057741
0.946468401487 0.459400938289
0.946508172363 0.459761818838
0.946547884187 0.460122699387
0.946587537092 0.460483579935
0.946627131208 0.460844460484
0.946666666667 0.461205341032
0.946706143597 0.461566221581
0.94674556213 0.461927102129
0.946784922395 0.462287982678
0.94682422452 0.462648863226
0.946863468635 0.463009743775
0.946902654867 0.463370624323
0.946941783346 0.463731504872
0.946980854197 0.46409238542
0.94701986755 0.464453265969
0.947058823529 0.464814146518
0.947097722263 0.465175027066
0.947136563877 0.465535907615
0.947175348496 0.465896788163
0.947214076246 0.466257668712
0.947252747253 0.46661854926
0.94729136164 0.466979429809
0.947329919532 0.467340310357
0.947368421053 0.467701190906
0.947406866326 0.468062071454
0.947445255474 0.468422952003
0.947483588621 0.468783832551
0.947521865889 0.4691447131
0.9475600874 0.469505593649
0.947598253275 0.469866474197
0.947636363636 0.470227354746
0.946947674419 0.470227354746
0.946986201888 0.470588235294
0.94702467344 0.470949115843
0.947063089195 0.471309996391
0.947101449275 0.47167087694
0.947139753802 0.472031757488
0.947178002894 0.472392638037
0.947216196674 0.472753518585
0.94725433526 0.473114399134
0.947292418773 0.473475279682
0.94733044733 0.473836160231
0.947368421053 0.47419704078
0.947406340058 0.474557921328
0.947444204464 0.474918801877
0.947482014388 0.475279682425
0.94751976995 0.475640562974
0.94683908046 0.475640562974
0.94615936827 0.475640562974
0.946197991392 0.476001443522
0.94623655914 0.476362324071
0.946275071633 0.476723204619
0.946313528991 0.477084085168
0.94635193133 0.477444965716
0.946390278771 0.477805846265
0.946428571429 0.478166726813
0.945753033547 0.478166726813
0.945791726106 0.478527607362
0.945830363507 0.478888487911
0.945868945869 0.479249368459
0.94590747331 0.479610249008
0.945945945946 0.479971129556
0.945984363895 0.480332010105
0.946022727273 0.480692890653
0.946061036196 0.481053771202
0.94609929078 0.48141465175
0.946137491141 0.481775532299
0.946175637394 0.482136412847
0.946213729653 0.482497293396
0.946251768034 0.482858173944
0.94628975265 0.483219054493
0.946327683616 0.483579935042
0.946365561044 0.48394081559
0.946403385049 0.484301696139
0.946441155743 0.484662576687
0.946478873239 0.485023457236
0.94651653765 0.485384337784
0.945850914205 0.485384337784
0.945888966971 0.485745218333
0.945926966292 0.486106098881
0.945964912281 0.48646697943
0.946002805049 0.486827859978
0.946040644709 0.487188740527
0.946078431373 0.487549621075
0.94611616515 0.487910501624
0.946153846154 0.488271382173
0.946191474493 0.488632262721
0.946229050279 0.48899314327
0.946266573622 0.489354023818
0.94630404463 0.489714904367
0.946341463415 0.490075784915
0.946378830084 0.490436665464
0.946416144746 0.490797546012
0.94645340751 0.491158426561
0.945795691452 0.491158426561
0.945833333333 0.491519307109
0.94587092297 0.491880187658
0.945908460472 0.492241068206
0.945945945946 0.492601948755
0.945983379501 0.492962829304
0.946020761246 0.493323709852
0.946058091286 0.493684590401
0.94609536973 0.494045470949
0.946132596685 0.494406351498
0.946169772257 0.494767232046
0.946206896552 0.495128112595
0.946243969676 0.495488993143
0.946280991736 0.495849873692
0.94562973159 0.495849873692
0.945667125172 0.49621075424
0.945704467354 0.496571634789
0.945741758242 0.496932515337
0.945778997941 0.497293395886
0.945816186557 0.497654276435
0.945853324195 0.498015156983
0.945890410959 0.498376037532
0.945927446954 0.49873691808
0.945964432285 0.499097798629
0.946001367054 0.499458679177
0.946038251366 0.499819559726
0.946075085324 0.500180440274
0.946111869031 0.500541320823
0.94614860259 0.500902201371
0.946185286104 0.50126308192
0.946221919673 0.501623962468
0.946258503401 0.501984843017
0.94629503739 0.502345723565
0.946331521739 0.502706604114
0.946367956551 0.503067484663
0.946404341927 0.503428365211
0.946440677966 0.50378924576
0.945799457995 0.50378924576
0.945836154367 0.504150126308
0.945872801083 0.504511006857
0.945909398242 0.504871887405
0.945945945946 0.505232767954
0.945982444294 0.505593648502
0.946018893387 0.505954529051
0.946055293324 0.506315409599
0.945417789757 0.506315409599
0.944781144781 0.506315409599
0.944818304172 0.506676290148
0.944855413584 0.507037170696
0.944892473118 0.507398051245
0.944929482874 0.507758931794
0.944966442953 0.508119812342
0.945003353454 0.508480692891
0.945040214477 0.508841573439
0.944407233758 0.508841573439
0.944444444444 0.509202453988
0.944481605351 0.509563334536
0.944518716578 0.509924215085
0.944555778223 0.510285095633
0.944592790387 0.510645976182
0.944629753169 0.51100685673
0.944666666667 0.511367737279
0.944703530979 0.511728617827
0.944740346205 0.512089498376
0.944777112442 0.512450378925
0.944813829787 0.512811259473
0.944850498339 0.513172140022
0.944887118194 0.51353302057
0.944923689449 0.513893901119
0.944960212202 0.514254781667
0.944996686547 0.514615662216
0.945033112583 0.514976542764
0.945069490404 0.515337423313
0.945105820106 0.515698303861
0.945142101785 0.51605918441
0.945178335535 0.516420064958
0.945214521452 0.516780945507
0.944591029024 0.516780945507
0.944627554384 0.517141826056
0.944664031621 0.517502706604
0.944700460829 0.517863587153
0.944736842105 0.518224467701
0.944773175542 0.51858534825
0.944809461235 0.518946228798
0.944845699278 0.519307109347
0.944881889764 0.519667989895
0.944918032787 0.520028870444
0.94495412844 0.520389750992
0.944990176817 0.520750631541
0.94502617801 0.521111512089
0.945062132112 0.521472392638
0.944444444444 0.521472392638
0.944480731548 0.521833273187
0.944516971279 0.522194153735
0.944553163731 0.522555034284
0.944589308996 0.522915914832
0.944625407166 0.523276795381
0.944661458333 0.523637675929
0.944697462589 0.523998556478
0.944733420026 0.524359437026
0.944769330734 0.524720317575
0.944805194805 0.525081198123
0.94484101233 0.525442078672
0.944876783398 0.52580295922
0.944264419961 0.52580295922
0.944300518135 0.526163839769
0.944336569579 0.526524720318
0.944372574386 0.526885600866
0.944408532644 0.527246481415
0.944444444444 0.527607361963
0.944480309877 0.527968242512
0.944516129032 0.52832912306
0.944551901999 0.528690003609
0.944587628866 0.529050884157
0.944623309723 0.529411764706
0.944658944659 0.529772645254
0.944694533762 0.530133525803
0.944730077121 0.530494406351
0.944765574823 0.5308552869
0.944801026958 0.531216167449
0.944836433611 0.531577047997
0.944871794872 0.531937928546
0.944266495836 0.531937928546
0.943661971831 0.531937928546
0.943698016635 0.532298809094
0.943734015345 0.532659689643
0.943769968051 0.533020570191
0.94380587484 0.53338145074
0.943841735801 0.533742331288
0.94387755102 0.534103211837
0.943913320586 0.534464092385
0.943949044586 0.534824972934
0.943984723106 0.535185853482
0.944020356234 0.535546734031
0.944055944056 0.53590761458
0.944091486658 0.536268495128
0.944126984127 0.536629375677
0.944162436548 0.536990256225
0.944197844008 0.537351136774
0.943599493029 0.537351136774
0.94363521216 0.537712017322
0.943670886076 0.538072897871
0.943706514864 0.538433778419
0.943742098609 0.538794658968
0.943777637397 0.539155539516
0.943813131313 0.539516420065
0.943848580442 0.539877300613
0.943883984868 0.540238181162
0.943919344675 0.540599061711
0.94395465995 0.540959942259
0.943989930774 0.541320822808
0.944025157233 0.541681703356
0.944060339409 0.542042583905
0.944095477387 0.542403464453
0.944130571249 0.542764345002
0.944165621079 0.54312522555
0.944200626959 0.543486106099
0.944235588972 0.543846986647
0.944270507201 0.544207867196
0.944305381727 0.544568747744
0.944340212633 0.544929628293
0.944375 0.545290508842
0.94440974391 0.54565138939
0.944444444444 0.546012269939
0.944479101684 0.546373150487
0.944513715711 0.546734031036
0.944548286604 0.547094911584
0.94396014944 0.547094911584
0.94399502178 0.547455792133
0.944029850746 0.547816672681
0.94406463642 0.54817755323
0.944099378882 0.548538433778
0.944134078212 0.548899314327
0.944168734491 0.549260194875
0.944203347799 0.549621075424
0.944237918216 0.549981955973
0.94427244582 0.550342836521
0.944306930693 0.55070371707
0.944341372913 0.551064597618
0.944375772559 0.551425478167
0.943792464484 0.551425478167
0.943827160494 0.551786358715
0.943861813695 0.552147239264
0.943896424168 0.552508119812
0.94393099199 0.552869000361
0.943965517241 0.553229880909
0.944 0.553590761458
0.944034440344 0.553951642006
0.944068838353 0.554312522555
0.944103194103 0.554673403104
0.944137507673 0.555034283652
0.943558282209 0.555034283652
0.942979767014 0.555034283652
0.942401960784 0.555034283652
0.942437232088 0.555395164201
0.94247246022 0.555756044749
0.94250764526 0.556116925298
0.942542787286 0.556477805846
0.942577886378 0.556838686395
0.942612942613 0.557199566943
0.942647956071 0.557560447492
0.942682926829 0.55792132804
0.942717854966 0.558282208589
0.94275274056 0.558643089137
0.942787583688 0.559003969686
0.942822384428 0.559364850235
0.942857142857 0.559725730783
0.942891859052 0.560086611332
0.942319368549 0.560086611332
0.942354368932 0.56044749188
0.942389326865 0.560808372429
0.942424242424 0.561169252977
0.942459115687 0.561530133526
0.942493946731 0.561891014074
0.942528735632 0.562251894623
0.942563482467 0.562612775171
0.942598187311 0.56297365572
0.942028985507 0.56297365572
0.942063971032 0.563334536268
0.942098914355 0.563695416817
0.942133815552 0.564056297366
0.942168674699 0.564417177914
0.942203491872 0.564778058463
0.942238267148 0.565138939011
0.941671677691 0.565138939011
0.941706730769 0.56549981956
0.941741741742 0.565860700108
0.941776710684 0.566221580657
0.941811637672 0.566582461205
0.941846522782 0.566943341754
0.941881366087 0.567304222302
0.941916167665 0.567665102851
0.941950927588 0.568025983399
0.941985645933 0.568386863948
0.942020322773 0.568747744497
0.942054958184 0.569108625045
0.942089552239 0.569469505594
0.942124105012 0.569830386142
0.942158616577 0.570191266691
0.942193087008 0.570552147239
0.942227516379 0.570913027788
0.942261904762 0.571273908336
0.942296252231 0.571634788885
0.942330558859 0.571995669433
0.942364824718 0.572356549982
0.942399049881 0.57271743053
0.942433234421 0.573078311079
0.9418742586 0.573078311079
0.941315945465 0.573078311079
0.9413507109 0.573439191628
0.941385435169 0.573800072176
0.941420118343 0.574160952725
0.941454760497 0.574521833273
0.941489361702 0.574882713822
0.941523922032 0.57524359437
0.941558441558 0.575604474919
0.941592920354 0.575965355467
0.941627358491 0.576326236016
0.94166175604 0.576687116564
0.941696113074 0.577047997113
0.941730429665 0.577408877661
0.941764705882 0.57776975821
0.941798941799 0.578130638759
0.941833137485 0.578491519307
0.941867293012 0.578852399856
0.941901408451 0.579213280404
0.941935483871 0.579574160953
0.941969519343 0.579935041501
0.942003514938 0.58029592205
0.942037470726 0.580656802598
0.942071386776 0.581017683147
0.942105263158 0.581378563695
0.942139099942 0.581739444244
0.941588785047 0.581739444244
0.941039112668 0.581739444244
0.941073512252 0.582100324792
0.94110787172 0.582461205341
0.941142191142 0.58282208589
0.941176470588 0.583182966438
0.941210710128 0.583543846987
0.941244909831 0.583904727535
0.941279069767 0.584265608084
0.941313190006 0.584626488632
0.941347270616 0.584987369181
0.940800928613 0.584987369181
0.940835266821 0.585348249729
0.940869565217 0.585709130278
0.94090382387 0.586070010826
0.940938042849 0.586430891375
0.940972222222 0.586791771923
0.941006362059 0.587152652472
0.941040462428 0.587513533021
0.941074523397 0.587874413569
0.941108545035 0.588235294118
0.941142527409 0.588596174666
0.941176470588 0.588957055215
0.94121037464 0.589317935763
0.941244239631 0.589678816312
0.94127806563 0.59003969686
0.941311852704 0.590400577409
0.94134560092 0.590761457957
0.941379310345 0.591122338506
0.941412981045 0.591483219054
0.941446613088 0.591844099603
0.94148020654 0.592204980152
0.941513761468 0.5925658607
0.941547277937 0.592926741249
0.941580756014 0.593287621797
0.941614195764 0.593648502346
0.941075514874 0.593648502346
0.94110920526 0.594009382894
0.941142857143 0.594370263443
0.941176470588 0.594731143991
0.941210045662 0.59509202454
0.940673131774 0.59509202454
0.94070695553 0.595452905088
0.940740740741 0.595813785637
0.940774487472 0.596174666185
0.940808195788 0.596535546734
0.940841865757 0.596896427283
0.940875497442 0.597257307831
0.940909090909 0.59761818838
0.940942646224 0.597979068928
0.940976163451 0.598339949477
0.941009642655 0.598700830025
0.940476190476 0.598700830025
0.940509915014 0.599061710574
0.940543601359 0.599422591122
0.940577249576 0.599783471671
0.940610859729 0.600144352219
0.940644431882 0.600505232768
0.940677966102 0.600866113316
0.940711462451 0.601226993865
0.940744920993 0.601587874414
0.940778341794 0.601948754962
0.940811724915 0.602309635511
0.940845070423 0.602670516059
0.940878378378 0.603031396608
0.940911648846 0.603392277156
0.940382452193 0.603392277156
0.939853850478 0.603392277156
0.939325842697 0.603392277156
0.939359910163 0.603753157705
0.939393939394 0.604114038253
0.939427930454 0.604474918802
0.939461883408 0.60483579935
0.939495798319 0.605196679899
0.939529675252 0.605557560447
0.93956351427 0.605918440996
0.939597315436 0.606279321545
0.939631078815 0.606640202093
0.939664804469 0.607001082642
0.939698492462 0.60736196319
0.939732142857 0.607722843739
0.939765755717 0.608083724287
0.939799331104 0.608444604836
0.939832869081 0.608805485384
0.93986636971 0.609166365933
0.939899833055 0.609527246481
0.939933259177 0.60988812703
0.939966648138 0.610249007578
0.94 0.610609888127
0.940033314825 0.610970768676
0.940066592675 0.611331649224
0.940099833611 0.611692529773
0.940133037694 0.612053410321
0.940166204986 0.61241429087
0.940199335548 0.612775171418
0.940232429441 0.613136051967
0.940265486726 0.613496932515
0.940298507463 0.613857813064
0.940331491713 0.614218693612
0.940364439536 0.614579574161
0.940397350993 0.614940454709
0.940430226145 0.615301335258
0.94046306505 0.615662215807
0.940495867769 0.616023096355
0.940528634361 0.616383976904
0.940561364887 0.616744857452
0.940594059406 0.617105738001
0.940626717977 0.617466618549
0.940659340659 0.617827499098
0.940691927512 0.618188379646
0.940724478595 0.618549260195
0.940756993966 0.618910140743
0.940789473684 0.619271021292
0.940821917808 0.61963190184
0.940854326396 0.619992782389
0.940886699507 0.620353662938
0.940919037199 0.620714543486
0.94095133953 0.621075424035
0.940983606557 0.621436304583
0.94101583834 0.621797185132
0.941048034934 0.62215806568
0.941080196399 0.622518946229
0.941112322792 0.622879826777
0.941144414169 0.623240707326
0.941176470588 0.623601587874
0.941208492107 0.623962468423
0.941240478781 0.624323348971
0.941272430669 0.62468422952
0.941304347826 0.625045110069
0.94133623031 0.625405990617
0.941368078176 0.625766871166
0.941399891481 0.626127751714
0.941431670282 0.626488632263
0.941463414634 0.626849512811
0.941495124594 0.62721039336
0.941526800217 0.627571273908
0.941558441558 0.627932154457
0.941590048675 0.628293035005
0.941621621622 0.628653915554
0.941112911939 0.628653915554
0.94060475162 0.628653915554
0.940636805181 0.629014796102
0.940668824164 0.629375676651
0.940700808625 0.6297365572
0.940732758621 0.630097437748
0.940764674206 0.630458318297
0.940796555436 0.630819198845
0.940828402367 0.631180079394
0.940860215054 0.631540959942
0.940354648039 0.631540959942
0.940386680988 0.631901840491
0.940418679549 0.632262721039
0.940450643777 0.632623601588
0.940482573727 0.632984482136
0.940514469453 0.633345362685
0.940010712373 0.633345362685
0.939507494647 0.633345362685
0.939539860888 0.633706243233
0.939572192513 0.634067123782
0.939070016034 0.634067123782
0.939102564103 0.634428004331
0.939135077416 0.634788884879
0.93916755603 0.635149765428
0.9392 0.635510645976
0.939232409382 0.635871526525
0.93926478423 0.636232407073
0.939297124601 0.636593287622
0.939329430548 0.63695416817
0.939361702128 0.637315048719
0.939393939394 0.637675929267
0.938894792774 0.637675929267
0.938396176314 0.637675929267
0.938428874735 0.638036809816
0.938461538462 0.638397690364
0.93849416755 0.638758570913
0.938526762056 0.639119451462
0.938559322034 0.63948033201
0.938591847538 0.639841212559
0.938624338624 0.640202093107
0.938656795346 0.640562973656
0.938689217759 0.640923854204
0.938721605917 0.641284734753
0.938753959873 0.641645615301
0.938786279683 0.64200649585
0.938818565401 0.642367376398
0.93885081708 0.642728256947
0.938883034773 0.643089137495
0.938915218536 0.643450018044
0.938947368421 0.643810898593
0.938979484482 0.644171779141
0.939011566772 0.64453265969
0.939043615344 0.644893540238
0.939075630252 0.645254420787
0.939107611549 0.645615301335
0.939139559286 0.645976181884
0.939171473519 0.646337062432
0.939203354298 0.646697942981
0.939235201676 0.647058823529
0.939267015707 0.647419704078
0.939298796442 0.647780584626
0.939330543933 0.648141465175
0.939362258233 0.648502345724
0.939393939394 0.648863226272
0.939425587467 0.649224106821
0.939457202505 0.649584987369
0.939488784559 0.649945867918
0.939520333681 0.650306748466
0.939551849922 0.650667629015
0.939583333333 0.651028509563
0.939614783967 0.651389390112
0.939646201873 0.65175027066
0.939677587103 0.652111151209
0.939708939709 0.652472031757
0.93974025974 0.652832912306
0.939771547248 0.653193792855
0.939802802283 0.653554673403
0.939834024896 0.653915553952
0.93934681182 0.653915553952
0.939378238342 0.6542764345
0.939409632315 0.654637315049
0.939440993789 0.654998195597
0.939472322814 0.655359076146
0.939503619442 0.655719956694
0.939534883721 0.656080837243
0.939566115702 0.656441717791
0.939597315436 0.65680259834
0.939628482972 0.657163478888
0.93965961836 0.657524359437
0.939175257732 0.657524359437
0.938691396188 0.657524359437
0.938208032956 0.657524359437
0.938239835306 0.657885239986
0.938271604938 0.658246120534
0.938303341902 0.658607001083
0.937821171634 0.658607001083
0.937853107345 0.658967881631
0.937885010267 0.65932876218
0.937916880452 0.659689642728
0.937948717949 0.660050523277
0.937980522809 0.660411403825
0.938012295082 0.660772284374
0.938044034818 0.661133164922
0.938075742068 0.661494045471
0.93810741688 0.661854926019
0.938139059305 0.662215806568
0.937659683189 0.662215806568
0.937691521961 0.662576687117
0.937723328229 0.662937567665
0.937755102041 0.663298448214
0.937786843447 0.663659328762
0.937818552497 0.664020209311
0.937850229241 0.664381089859
0.937372708758 0.664381089859
0.9368956743 0.664381089859
0.936927772126 0.664741970408
0.936959837316 0.665102850956
0.936991869919 0.665463731505
0.937023869985 0.665824612053
0.937055837563 0.666185492602
0.937087772704 0.66654637315
0.937119675456 0.666907253699
0.937151545869 0.667268134248
0.937183383992 0.667629014796
0.937215189873 0.667989895345
0.937246963563 0.668350775893
0.937278705109 0.668711656442
0.93731041456 0.66907253699
0.937342091966 0.669433417539
0.937373737374 0.669794298087
0.936900555275 0.669794298087
0.936932391524 0.670155178636
0.936964195663 0.670516059184
0.936995967742 0.670876939733
0.937027707809 0.671237820281
0.937059415911 0.67159870083
0.937091092099 0.671959581379
0.937122736419 0.672320461927
0.93665158371 0.672320461927
0.936180904523 0.672320461927
0.936212958312 0.672681342476
0.93624497992 0.673042223024
0.936276969393 0.673403103573
0.93630892678 0.673763984121
0.93634085213 0.67412486467
0.936372745491 0.674485745218
0.93640460691 0.674846625767
0.936436436436 0.675207506315
0.936468234117 0.675568386864
0.9365 0.675929267412
0.936531734133 0.676290147961
0.936563436563 0.67665102851
0.936595107339 0.677011909058
0.936626746507 0.677372789607
0.936658354115 0.677733670155
0.936689930209 0.678094550704
0.936721474838 0.678455431252
0.936752988048 0.678816311801
0.936784469886 0.679177192349
0.936815920398 0.679538072898
0.936847339632 0.679898953446
0.936878727634 0.680259833995
0.936910084451 0.680620714543
0.936941410129 0.680981595092
0.936972704715 0.681342475641
0.937003968254 0.681703356189
0.937035200793 0.682064236738
0.937066402379 0.682425117286
0.937097573056 0.682785997835
0.937128712871 0.683146878383
0.93715982187 0.683507758932
0.937190900099 0.68386863948
0.936727632229 0.68386863948
0.936758893281 0.684229520029
0.936790123457 0.684590400577
0.936821322804 0.684951281126
0.936852491367 0.685312161674
0.936883629191 0.685673042223
0.936914736323 0.686033922772
0.936945812808 0.68639480332
0.93697685869 0.686755683869
0.936515748031 0.686755683869
0.936546974914 0.687116564417
0.936578171091 0.687477444966
0.936609336609 0.687838325514
0.936640471513 0.688199206063
0.936671575847 0.688560086611
0.936211972522 0.688560086611
0.936243256498 0.68892096716
0.936274509804 0.689281847708
0.936305732484 0.689642728257
0.935847208619 0.689642728257
0.935389133627 0.689642728257
0.93542074364 0.690003608805
0.935452322738 0.690364489354
0.935483870968 0.690725369903
0.935515388373 0.691086250451
0.935546875 0.691447131
0.935578330893 0.691808011548
0.935609756098 0.692168892097
0.935641150658 0.692529772645
0.93567251462 0.692890653194
0.935703848027 0.693251533742
0.935735150925 0.693612414291
0.935766423358 0.693973294839
0.93579766537 0.694334175388
0.935828877005 0.694695055936
0.935860058309 0.695055936485
0.935891209325 0.695416817034
0.935922330097 0.695777697582
0.93595342067 0.696138578131
0.935984481086 0.696499458679
0.936015511391 0.696860339228
0.936046511628 0.697221219776
0.935593220339 0.697221219776
0.935624394966 0.697582100325
0.935655539429 0.697942980873
0.935686653772 0.698303861422
0.935717738038 0.69866474197
0.935748792271 0.699025622519
0.935779816514 0.699386503067
0.935328185328 0.699386503067
0.93487698987 0.699386503067
0.934908389585 0.699747383616
0.934939759036 0.700108264165
0.934971098266 0.700469144713
0.935002407318 0.700830025262
0.935033686237 0.70119090581
0.935064935065 0.701551786359
0.935096153846 0.701912666907
0.935127342624 0.702273547456
0.935158501441 0.702634428004
0.934709553529 0.702634428004
0.934740882917 0.702995308553
0.934772182254 0.703356189101
0.934324065197 0.703356189101
0.93435553426 0.70371706965
0.93438697318 0.704077950198
0.934418382001 0.704438830747
0.934449760766 0.704799711296
0.934481109517 0.705160591844
0.934512428298 0.705521472393
0.934065934066 0.705521472393
0.933619866285 0.705521472393
0.933174224344 0.705521472393
0.93320610687 0.705882352941
0.933237958989 0.70624323349
0.933269780744 0.706604114038
0.933301572177 0.706964994587
0.932857142857 0.706964994587
0.932889100428 0.707325875135
0.932921027593 0.707686755684
0.932952924394 0.708047636232
0.932984790875 0.708408516781
0.932541567696 0.708408516781
0.93257359924 0.708769397329
0.93260560038 0.709130277878
0.932637571157 0.709491158427
0.932669511617 0.709852038975
0.932701421801 0.710212919524
0.932733301753 0.710573800072
0.932291666667 0.710573800072
0.932323710364 0.710934680621
0.932355723746 0.711295561169
0.932387706856 0.711656441718
0.932419659735 0.712017322266
0.932451582428 0.712378202815
0.932011331445 0.712378202815
0.932043416706 0.712739083363
0.932075471698 0.713099963912
0.932107496464 0.71346084446
0.932139491046 0.713821725009
0.932171455488 0.714182605558
0.931732580038 0.714182605558
0.931294117647 0.714182605558
0.931326434619 0.714543486106
0.931358721204 0.714904366655
0.931390977444 0.715265247203
0.931423203382 0.715626127752
0.930985915493 0.715626127752
0.931018301267 0.7159870083
0.93105065666 0.716347888849
0.931082981716 0.716708769397
0.931115276476 0.717069649946
0.931147540984 0.717430530494
0.931179775281 0.717791411043
0.93121197941 0.718152291591
0.931244153414 0.71851317214
0.931276297335 0.718874052689
0.931308411215 0.719234933237
0.931340495096 0.719595813786
0.93137254902 0.719956694334
0.930937937471 0.719956694334
0.930970149254 0.720317574883
0.931002331002 0.720678455431
0.931034482759 0.72103933598
0.930600838379 0.72103933598
0.930167597765 0.72103933598
0.930200093067 0.721400216528
0.92976744186 0.721400216528
0.929335192934 0.721400216528
0.92936802974 0.721761097077
0.929400836043 0.722121977625
0.929433611885 0.722482858174
0.929466357309 0.722843738722
0.929499072356 0.723204619271
0.92953175707 0.72356549982
0.929564411492 0.723926380368
0.929597035665 0.724287260917
0.92962962963 0.724648141465
0.929662193429 0.725009022014
0.929694727105 0.725369902562
0.929727230698 0.725730783111
0.929759704251 0.726091663659
0.929330254042 0.726091663659
0.929362880886 0.726452544208
0.928934010152 0.726452544208
0.928966789668 0.726813424756
0.928999538958 0.727174305305
0.929032258065 0.727535185853
0.928604329802 0.727535185853
0.92817679558 0.727535185853
0.928209848136 0.727896066402
0.928242870285 0.728256946951
0.928275862069 0.728617827499
0.928308823529 0.728978708048
0.927882406982 0.728978708048
0.927915518825 0.729339588596
0.927948600275 0.729700469145
0.927981651376 0.730061349693
0.928014672169 0.730422230242
0.928047662695 0.73078311079
0.928080622996 0.731143991339
0.928113553114 0.731504871887
0.927688787185 0.731504871887
0.927721866423 0.731865752436
0.927754915409 0.732226632984
0.927787934186 0.732587513533
0.927820922796 0.732948394082
0.927853881279 0.73330927463
0.927886809676 0.733670155179
0.927919708029 0.734031035727
0.927952576379 0.734391916276
0.927529626253 0.734391916276
0.927107061503 0.734391916276
0.927140255009 0.734752796824
0.927173418298 0.735113677373
0.92720655141 0.735474557921
0.927239654388 0.73583543847
0.927272727273 0.736196319018
0.927305770104 0.736557199567
0.927338782925 0.736918080115
0.92691783931 0.736918080115
0.926950998185 0.737278960664
0.926984126984 0.737639841213
0.927017225748 0.738000721761
0.927050294517 0.73836160231
0.926630434783 0.73836160231
0.92666364871 0.738722482858
0.926696832579 0.739083363407
0.926729986431 0.739444243955
0.926763110307 0.739805124504
0.926796204248 0.740166005052
0.926377597109 0.740166005052
0.926410835214 0.740526885601
0.926444043321 0.740887766149
0.92647722147 0.741248646698
0.926510369702 0.741609527246
0.926543488058 0.741970407795
0.926576576577 0.742331288344
0.926609635299 0.742692168892
0.926192619262 0.742692168892
0.925775978408 0.742692168892
0.925809352518 0.743053049441
0.925842696629 0.743413929989
0.925876010782 0.743774810538
0.925909295016 0.744135691086
0.925493716338 0.744135691086
0.925078510543 0.744135691086
0.925112107623 0.744496571635
0.925145674585 0.744857452183
0.924731182796 0.744857452183
0.924764890282 0.745218332732
0.924798567592 0.74557921328
0.924384787472 0.74557921328
0.924418604651 0.745940093829
0.924452391596 0.746300974377
0.924039320822 0.746300974377
0.923626619026 0.746300974377
0.923214285714 0.746300974377
0.922802320393 0.746300974377
0.922390722569 0.746300974377
0.921979491752 0.746300974377
0.921568627451 0.746300974377
0.921603563474 0.746661854926
0.921638468388 0.747022735475
0.921673342234 0.747383616023
0.921708185053 0.747744496572
0.921742996888 0.74810537712
0.921777777778 0.748466257669
0.921812527765 0.748827138217
0.921847246892 0.749188018766
0.921438082557 0.749188018766
0.921472937001 0.749548899314
0.921064301552 0.749548899314
0.92109929078 0.749909779863
0.921134249003 0.750270660411
0.920726306466 0.750270660411
0.920761398849 0.75063154096
0.920796460177 0.750992421508
0.920831490491 0.751353302057
0.920424403183 0.751353302057
0.920459566947 0.751714182606
0.920494699647 0.752075063154
0.920088300221 0.752075063154
0.920123565755 0.752435943703
0.920158800176 0.752796824251
0.920194003527 0.7531577048
0.920229175848 0.753518585348
0.920264317181 0.753879465897
0.920299427565 0.754240346445
0.920334507042 0.754601226994
0.920369555653 0.754962107542
0.919964819701 0.754962107542
0.91956043956 0.754962107542
0.919595782074 0.755322988091
0.919631093544 0.755683868639
0.919666374012 0.756044749188
0.919701623519 0.756405629737
0.919736842105 0.756766510285
0.919772029811 0.757127390834
0.919807186678 0.757488271382
0.919842312746 0.757849151931
0.919877408056 0.758210032479
0.919474835886 0.758210032479
0.919510061242 0.758570913028
0.919545255794 0.758931793576
0.91958041958 0.759292674125
0.919178680647 0.759292674125
0.919213973799 0.759653554673
0.919249236141 0.760014435222
0.919284467714 0.76037531577
0.919319668556 0.760736196319
0.918918918919 0.760736196319
0.918954248366 0.761097076868
0.918989547038 0.761457957416
0.919024814976 0.761818837965
0.919060052219 0.762179718513
0.919095258808 0.762540599062
0.919130434783 0.76290147961
0.919165580183 0.763262360159
0.918766290182 0.763262360159
0.918801563178 0.763623240707
0.918836805556 0.763984121256
0.918872017354 0.764345001804
0.918907198612 0.764705882353
0.918508885999 0.764705882353
0.918544194107 0.765066762901
0.918579471633 0.76542764345
0.918614718615 0.765788523999
0.918217221982 0.765788523999
0.918252595156 0.766149404547
0.918287937743 0.766510285096
0.917891097666 0.766510285096
0.917926565875 0.766871165644
0.917962003454 0.767232046193
0.917997410445 0.767592926741
0.918032786885 0.76795380729
0.918068132816 0.768314687838
0.918103448276 0.768675568387
0.917707884533 0.768675568387
0.917312661499 0.768675568387
0.917348256565 0.769036448935
0.917383820998 0.769397329484
0.917419354839 0.769758210032
0.917024935512 0.769758210032
0.917060593038 0.770119090581
0.917096219931 0.77047997113
0.916702447402 0.77047997113
0.916309012876 0.77047997113
0.916344916345 0.770840851678
0.916380789022 0.771201732227
0.916416630947 0.771562612775
0.916452442159 0.771923493324
0.916059957173 0.771923493324
0.916095890411 0.772284373872
0.915703893881 0.772284373872
0.915312232678 0.772284373872
0.915348439504 0.772645254421
0.915384615385 0.773006134969
0.915420760359 0.773367015518
0.915456874466 0.773727896066
0.915492957746 0.774088776615
0.915529010239 0.774449657163
0.915565031983 0.774810537712
0.915174765558 0.774810537712
0.915210907542 0.775171418261
0.914821124361 0.775171418261
0.914857386122 0.775532298809
0.914893617021 0.775893179358
0.914504466185 0.775893179358
0.914540816327 0.776254059906
0.914577135572 0.776614940455
0.914188615123 0.776614940455
0.913800424628 0.776614940455
0.913837011885 0.776975821003
0.913873568095 0.777336701552
0.913486005089 0.777336701552
0.913522679101 0.7776975821
0.913559322034 0.778058462649
0.913595933926 0.778419343197
0.913632514818 0.778780223746
0.913669064748 0.779141104294
0.913282571912 0.779141104294
0.91289640592 0.779141104294
0.912933220626 0.779501984843
0.912547528517 0.779501984843
0.912162162162 0.779501984843
0.911777121148 0.779501984843
0.911814345992 0.779862865392
0.911851539435 0.78022374594
0.911888701518 0.780584626489
0.91192583228 0.780945507037
0.911962931761 0.781306387586
0.912 0.781667268134
0.912037037037 0.782028148683
0.912074042911 0.782389029231
0.911690496215 0.782389029231
0.911307271963 0.782389029231
0.911344537815 0.78274990978
0.911381772365 0.783110790328
0.911418975651 0.783471670877
0.911456147713 0.783832551425
0.911073825503 0.783832551425
0.911111111111 0.784193431974
0.910729253982 0.784193431974
0.910766652702 0.784554312523
0.910804020101 0.784915193071
0.910841356216 0.78527607362
0.910878661088 0.785636954168
0.910915934755 0.785997834717
0.910535117057 0.785997834717
0.910572503134 0.786358715265
0.910609857978 0.786719595814
0.910229645094 0.786719595814
0.910267111853 0.787080476362
0.909887359199 0.787080476362
0.909924937448 0.787441356911
0.909545644018 0.787441356911
0.909583333333 0.787802237459
0.909204498126 0.787802237459
0.908825978351 0.787802237459
0.9088639201 0.788163118008
0.908485856905 0.788163118008
0.908108108108 0.788163118008
0.908146300914 0.788523998556
0.908184461986 0.788884879105
0.90780730897 0.788884879105
0.907430469074 0.788884879105
0.907053941909 0.788884879105
0.907092492742 0.789245759654
0.907131011609 0.789606640202
0.90716949855 0.789967520751
0.907207953604 0.790328401299
0.907246376812 0.790689281848
0.907284768212 0.791050162396
0.907323127844 0.791411042945
0.907361455749 0.791771923493
0.906986357999 0.791771923493
0.906611570248 0.791771923493
0.906237092111 0.791771923493
0.90627580512 0.792132804042
0.906314486174 0.79249368459
0.906353135314 0.792854565139
0.906391752577 0.793215445687
0.906430338005 0.793576326236
0.906468891636 0.793937206785
0.906507413509 0.794298087333
0.90613421161 0.794298087333
0.905761316872 0.794298087333
0.905388728918 0.794298087333
0.905427631579 0.794658967882
0.905466502261 0.79501984843
0.905505341002 0.795380728979
0.905544147844 0.795741609527
0.905582922824 0.796102490076
0.905621665983 0.796463370624
0.905250205086 0.796463370624
0.90487904879 0.796463370624
0.904918032787 0.796824251173
0.904956984842 0.797185131721
0.904995904996 0.79754601227
0.905034793287 0.797906892818
0.905073649755 0.798267773367
0.905112474438 0.798628653916
0.905151267375 0.798989534464
0.904781364937 0.798989534464
0.904820261438 0.799350415013
0.904450796243 0.799350415013
0.904489795918 0.799711295561
0.90452876377 0.80007217611
0.904567699837 0.800433056658
0.904198940073 0.800433056658
0.90423797881 0.800793937207
0.903869653768 0.800793937207
0.903501628664 0.800793937207
0.903540903541 0.801154817755
0.903173311635 0.801154817755
0.903212688085 0.801515698304
0.902845528455 0.801515698304
0.902478667208 0.801515698304
0.902112103981 0.801515698304
0.902151847341 0.801876578852
0.902191558442 0.802237459401
0.901825557809 0.802237459401
0.901865369019 0.802598339949
0.901905147953 0.802959220498
0.901944894652 0.803320101047
0.901984609154 0.803680981595
0.901619433198 0.803680981595
0.901659247268 0.804041862144
0.901294498382 0.804041862144
0.90093004448 0.804041862144
0.900970088925 0.804402742692
