0 0.0
1.0 0.000360880548538
1.0 0.000721761097077
1.0 0.00108264164562
1.0 0.00144352219415
1.0 0.00180440274269
1.0 0.00216528329123
1.0 0.00252616383977
1.0 0.00288704438831
1.0 0.00324792493685
1.0 0.00360880548538
1.0 0.00396968603392
1.0 0.00433056658246
1.0 0.004691447131
1.0 0.00505232767954
1.0 0.00541320822808
1.0 0.00577408877661
1.0 0.00613496932515
1.0 0.00649584987369
1.0 0.00685673042223
1.0 0.00721761097077
1.0 0.00757849151931
1.0 0.00793937206785
1.0 0.00830025261638
1.0 0.00866113316492
1.0 0.00902201371346
1.0 0.009382894262
1.0 0.00974377481054
1.0 0.0101046553591
1.0 0.0104655359076
1.0 0.0108264164562
1.0 0.0111872970047
1.0 0.0115481775532
1.0 0.0119090581018
1.0 0.0122699386503
1.0 0.0126308191988
1.0 0.0129916997474
1.0 0.0133525802959
1.0 0.0137134608445
1.0 0.014074341393
1.0 0.0144352219415
1.0 0.0147961024901
1.0 0.0151569830386
1.0 0.0155178635872
1.0 0.0158787441357
1.0 0.0162396246842
1.0 0.0166005052328
1.0 0.0169613857813
1.0 0.0173222663298
1.0 0.0176831468784
1.0 0.0180440274269
1.0 0.0184049079755
1.0 0.018765788524
1.0 0.0191266690725
1.0 0.0194875496211
1.0 0.0198484301696
1.0 0.0202093107182
1.0 0.0205701912667
1.0 0.0209310718152
1.0 0.0212919523638
1.0 0.0216528329123
1.0 0.0220137134608
1.0 0.0223745940094
1.0 0.0227354745579
1.0 0.0230963551065
1.0 0.023457235655
1.0 0.0238181162035
1.0 0.0241789967521
1.0 0.0245398773006
1.0 0.0249007578492
1.0 0.0252616383977
1.0 0.0256225189462
0.986111111111 0.0256225189462
0.986301369863 0.0259833994948
0.986486486486 0.0263442800433
0.986666666667 0.0267051605918
0.986842105263 0.0270660411404
0.987012987013 0.0274269216889
0.987179487179 0.0277878022375
0.987341772152 0.028148682786
0.9875 0.0285095633345
0.987654320988 0.0288704438831
0.987804878049 0.0292313244316
0.987951807229 0.0295922049802
0.988095238095 0.0299530855287
0.988235294118 0.0303139660772
0.988372093023 0.0306748466258
0.988505747126 0.0310357271743
0.988636363636 0.0313966077228
0.988764044944 0.0317574882714
0.988888888889 0.0321183688199
0.989010989011 0.0324792493685
0.989130434783 0.032840129917
0.989247311828 0.0332010104655
0.989361702128 0.0335618910141
0.989473684211 0.0339227715626
0.989583333333 0.0342836521112
0.989690721649 0.0346445326597
0.989795918367 0.0350054132082
0.989898989899 0.0353662937568
0.99 0.0357271743053
0.990099009901 0.0360880548538
0.990196078431 0.0364489354024
0.990291262136 0.0368098159509
0.990384615385 0.0371706964995
0.990476190476 0.037531577048
0.990566037736 0.0378924575965
0.990654205607 0.0382533381451
0.990740740741 0.0386142186936
0.990825688073 0.0389750992422
0.990909090909 0.0393359797907
0.990990990991 0.0396968603392
0.991071428571 0.0400577408878
0.991150442478 0.0404186214363
0.991228070175 0.0407795019848
0.991304347826 0.0411403825334
0.991379310345 0.0415012630819
0.991452991453 0.0418621436305
0.991525423729 0.042223024179
0.991596638655 0.0425839047275
0.991666666667 0.0429447852761
0.99173553719 0.0433056658246
0.991803278689 0.0436665463732
0.991869918699 0.0440274269217
0.991935483871 0.0443883074702
0.992 0.0447491880188
0.992063492063 0.0451100685673
0.992125984252 0.0454709491158
0.9921875 0.0458318296644
0.992248062016 0.0461927102129
0.992307692308 0.0465535907615
0.992366412214 0.04691447131
0.992424242424 0.0472753518585
0.992481203008 0.0476362324071
0.992537313433 0.0479971129556
0.992592592593 0.0483579935042
0.992647058824 0.0487188740527
0.992700729927 0.0490797546012
0.992753623188 0.0494406351498
0.992805755396 0.0498015156983
0.992857142857 0.0501623962468
0.992907801418 0.0505232767954
0.992957746479 0.0508841573439
0.986013986014 0.0508841573439
0.986111111111 0.0512450378925
0.986206896552 0.051605918441
0.986301369863 0.0519667989895
0.986394557823 0.0523276795381
0.97972972973 0.0523276795381
0.979865771812 0.0526885600866
0.98 0.0530494406351
0.980132450331 0.0534103211837
0.980263157895 0.0537712017322
0.980392156863 0.0541320822808
0.980519480519 0.0544929628293
0.98064516129 0.0548538433778
0.980769230769 0.0552147239264
0.980891719745 0.0555756044749
0.981012658228 0.0559364850235
0.981132075472 0.056297365572
0.98125 0.0566582461205
0.981366459627 0.0570191266691
0.975308641975 0.0570191266691
0.975460122699 0.0573800072176
0.975609756098 0.0577408877661
0.975757575758 0.0581017683147
0.975903614458 0.0584626488632
0.976047904192 0.0588235294118
0.97619047619 0.0591844099603
0.976331360947 0.0595452905088
0.976470588235 0.0599061710574
0.976608187135 0.0602670516059
0.976744186047 0.0606279321545
0.971098265896 0.0606279321545
0.965517241379 0.0606279321545
0.965714285714 0.060988812703
0.965909090909 0.0613496932515
0.966101694915 0.0617105738001
0.966292134831 0.0620714543486
0.966480446927 0.0624323348971
0.966666666667 0.0627932154457
0.961325966851 0.0627932154457
0.961538461538 0.0631540959942
0.96174863388 0.0635149765428
0.961956521739 0.0638758570913
0.962162162162 0.0642367376398
0.962365591398 0.0645976181884
0.96256684492 0.0649584987369
0.962765957447 0.0653193792855
0.962962962963 0.065680259834
0.963157894737 0.0660411403825
0.96335078534 0.0664020209311
0.963541666667 0.0667629014796
0.963730569948 0.0671237820281
0.963917525773 0.0674846625767
0.964102564103 0.0678455431252
0.964285714286 0.0682064236738
0.964467005076 0.0685673042223
0.964646464646 0.0689281847708
0.964824120603 0.0692890653194
0.965 0.0696499458679
0.965174129353 0.0700108264165
0.960396039604 0.0700108264165
0.960591133005 0.070371706965
0.960784313725 0.0707325875135
0.960975609756 0.0710934680621
0.961165048544 0.0714543486106
0.961352657005 0.0718152291591
0.961538461538 0.0721761097077
0.961722488038 0.0725369902562
0.961904761905 0.0728978708048
0.962085308057 0.0732587513533
0.962264150943 0.0736196319018
0.962441314554 0.0739805124504
0.96261682243 0.0743413929989
0.962790697674 0.0747022735475
0.962962962963 0.075063154096
0.963133640553 0.0754240346445
0.963302752294 0.0757849151931
0.963470319635 0.0761457957416
0.963636363636 0.0765066762901
0.963800904977 0.0768675568387
0.963963963964 0.0772284373872
0.964125560538 0.0775893179358
0.964285714286 0.0779501984843
0.964444444444 0.0783110790328
0.964601769912 0.0786719595814
0.964757709251 0.0790328401299
0.964912280702 0.0793937206785
0.965065502183 0.079754601227
0.965217391304 0.0801154817755
0.965367965368 0.0804763623241
0.965517241379 0.0808372428726
0.965665236052 0.0811981234211
0.965811965812 0.0815590039697
0.965957446809 0.0819198845182
0.966101694915 0.0822807650668
0.966244725738 0.0826416456153
0.966386554622 0.0830025261638
0.966527196653 0.0833634067124
0.966666666667 0.0837242872609
0.966804979253 0.0840851678095
0.96694214876 0.084446048358
0.9670781893 0.0848069289065
0.967213114754 0.0851678094551
0.967346938776 0.0855286900036
0.967479674797 0.0858895705521
0.967611336032 0.0862504511007
0.967741935484 0.0866113316492
0.967871485944 0.0869722121978
0.968 0.0873330927463
0.96812749004 0.0876939732948
0.968253968254 0.0880548538434
0.96837944664 0.0884157343919
0.968503937008 0.0887766149405
0.96862745098 0.089137495489
0.96875 0.0894983760375
0.968871595331 0.0898592565861
0.968992248062 0.0902201371346
0.969111969112 0.0905810176831
0.969230769231 0.0909418982317
0.969348659004 0.0913027787802
0.969465648855 0.0916636593288
0.969581749049 0.0920245398773
0.969696969697 0.0923854204258
0.969811320755 0.0927463009744
0.96992481203 0.0931071815229
0.966292134831 0.0931071815229
0.966417910448 0.0934680620715
0.966542750929 0.09382894262
0.966666666667 0.0941898231685
0.966789667897 0.0945507037171
0.966911764706 0.0949115842656
0.967032967033 0.0952724648141
0.967153284672 0.0956333453627
0.967272727273 0.0959942259112
0.967391304348 0.0963551064598
0.967509025271 0.0967159870083
0.967625899281 0.0970768675568
0.967741935484 0.0974377481054
0.967857142857 0.0977986286539
0.967971530249 0.0981595092025
0.968085106383 0.098520389751
0.968197879859 0.0988812702995
0.968309859155 0.0992421508481
0.968421052632 0.0996030313966
0.968531468531 0.0999639119451
0.968641114983 0.100324792494
0.96875 0.100685673042
0.968858131488 0.101046553591
0.968965517241 0.101407434139
0.969072164948 0.101768314688
0.969178082192 0.102129195236
0.969283276451 0.102490075785
0.969387755102 0.102850956333
0.969491525424 0.103211836882
0.969594594595 0.103572717431
0.969696969697 0.103933597979
0.969798657718 0.104294478528
0.969899665552 0.104655359076
0.97 0.105016239625
0.970099667774 0.105377120173
0.970198675497 0.105738000722
0.970297029703 0.10609888127
0.970394736842 0.106459761819
0.970491803279 0.106820642367
0.970588235294 0.107181522916
0.970684039088 0.107542403464
0.970779220779 0.107903284013
0.970873786408 0.108264164562
0.970967741935 0.10862504511
0.971061093248 0.108985925659
0.967948717949 0.108985925659
0.964856230032 0.108985925659
0.964968152866 0.109346806207
0.965079365079 0.109707686756
0.965189873418 0.110068567304
0.965299684543 0.110429447853
0.965408805031 0.110790328401
0.965517241379 0.11115120895
0.965625 0.111512089498
0.965732087227 0.111872970047
0.965838509317 0.112233850595
0.965944272446 0.112594731144
0.966049382716 0.112955611693
0.966153846154 0.113316492241
0.963190184049 0.113316492241
0.960244648318 0.113316492241
0.960365853659 0.11367737279
0.960486322188 0.114038253338
0.960606060606 0.114399133887
0.960725075529 0.114760014435
0.960843373494 0.115120894984
0.960960960961 0.115481775532
0.961077844311 0.115842656081
0.958208955224 0.115842656081
0.955357142857 0.115842656081
0.952522255193 0.115842656081
0.952662721893 0.116203536629
0.952802359882 0.116564417178
0.952941176471 0.116925297726
0.953079178886 0.117286178275
0.953216374269 0.117647058824
0.953352769679 0.118007939372
0.953488372093 0.118368819921
0.953623188406 0.118729700469
0.953757225434 0.119090581018
0.953890489914 0.119451461566
0.954022988506 0.119812342115
0.954154727794 0.120173222663
0.954285714286 0.120534103212
0.954415954416 0.12089498376
0.954545454545 0.121255864309
0.954674220963 0.121616744857
0.954802259887 0.121977625406
0.954929577465 0.122338505955
0.955056179775 0.122699386503
0.955182072829 0.123060267052
0.95530726257 0.1234211476
0.955431754875 0.123782028149
0.955555555556 0.124142908697
0.95567867036 0.124503789246
0.955801104972 0.124864669794
0.955922865014 0.125225550343
0.956043956044 0.125586430891
0.956164383562 0.12594731144
0.956284153005 0.126308191988
0.956403269755 0.126669072537
0.95652173913 0.127029953086
0.956639566396 0.127390833634
0.956756756757 0.127751714183
0.956873315364 0.128112594731
0.956989247312 0.12847347528
0.957104557641 0.128834355828
0.957219251337 0.129195236377
0.957333333333 0.129556116925
0.957446808511 0.129916997474
0.957559681698 0.130277878022
0.957671957672 0.130638758571
0.957783641161 0.130999639119
0.957894736842 0.131360519668
0.958005249344 0.131721400217
0.955497382199 0.131721400217
0.953002610966 0.131721400217
0.953125 0.132082280765
0.953246753247 0.132443161314
0.953367875648 0.132804041862
0.953488372093 0.133164922411
0.953608247423 0.133525802959
0.953727506427 0.133886683508
0.953846153846 0.134247564056
0.953964194373 0.134608444605
0.951530612245 0.134608444605
0.95165394402 0.134969325153
0.951776649746 0.135330205702
0.951898734177 0.13569108625
0.95202020202 0.136051966799
0.952141057935 0.136412847348
0.952261306533 0.136773727896
0.952380952381 0.137134608445
0.9525 0.137495488993
0.952618453865 0.137856369542
0.952736318408 0.13821725009
0.952853598015 0.138578130639
0.95297029703 0.138939011187
0.953086419753 0.139299891736
0.953201970443 0.139660772284
0.953316953317 0.140021652833
0.953431372549 0.140382533381
0.953545232274 0.14074341393
0.953658536585 0.141104294479
0.953771289538 0.141465175027
0.953883495146 0.141826055576
0.951573849879 0.141826055576
0.951690821256 0.142186936124
0.951807228916 0.142547816673
0.951923076923 0.142908697221
0.952038369305 0.14326957777
0.952153110048 0.143630458318
0.952267303103 0.143991338867
0.952380952381 0.144352219415
0.952494061758 0.144713099964
0.952606635071 0.145073980512
0.952718676123 0.145434861061
0.952830188679 0.14579574161
0.952941176471 0.146156622158
0.953051643192 0.146517502707
0.953161592506 0.146878383255
0.953271028037 0.147239263804
0.95337995338 0.147600144352
0.953488372093 0.147961024901
0.951276102088 0.147961024901
0.951388888889 0.148321905449
0.951501154734 0.148682785998
0.951612903226 0.149043666546
0.951724137931 0.149404547095
0.951834862385 0.149765427643
0.951945080092 0.150126308192
0.949771689498 0.150126308192
0.949886104784 0.150487188741
0.95 0.150848069289
0.950113378685 0.151208949838
0.950226244344 0.151569830386
0.950338600451 0.151930710935
0.95045045045 0.152291591483
0.950561797753 0.152652472032
0.95067264574 0.15301335258
0.950782997763 0.153374233129
0.950892857143 0.153735113677
0.951002227171 0.154095994226
0.951111111111 0.154456874774
0.951219512195 0.154817755323
0.951327433628 0.155178635872
0.951434878587 0.15553951642
0.95154185022 0.155900396969
0.951648351648 0.156261277517
0.951754385965 0.156622158066
0.951859956236 0.156983038614
0.951965065502 0.157343919163
0.952069716776 0.157704799711
0.952173913043 0.15806568026
0.952277657267 0.158426560808
0.952380952381 0.158787441357
0.952483801296 0.159148321905
0.950431034483 0.159148321905
0.950537634409 0.159509202454
0.950643776824 0.159870083003
0.950749464668 0.160230963551
0.950854700855 0.1605918441
0.950959488273 0.160952724648
0.951063829787 0.161313605197
0.951167728238 0.161674485745
0.951271186441 0.162035366294
0.951374207188 0.162396246842
0.951476793249 0.162757127391
0.951578947368 0.163118007939
0.951680672269 0.163478888488
0.95178197065 0.163839769036
0.951882845188 0.164200649585
0.951983298539 0.164561530134
0.952083333333 0.164922410682
0.952182952183 0.165283291231
0.952282157676 0.165644171779
0.952380952381 0.166005052328
0.952479338843 0.166365932876
0.952577319588 0.166726813425
0.952674897119 0.167087693973
0.950718685832 0.167087693973
0.950819672131 0.167448574522
0.950920245399 0.16780945507
0.951020408163 0.168170335619
0.951120162933 0.168531216167
0.951219512195 0.168892096716
0.951318458418 0.169252977265
0.951417004049 0.169613857813
0.951515151515 0.169974738362
0.951612903226 0.17033561891
0.951710261569 0.170696499459
0.951807228916 0.171057380007
0.951903807615 0.171418260556
0.95 0.171418260556
0.950099800399 0.171779141104
0.950199203187 0.172140021653
0.950298210736 0.172500902201
0.950396825397 0.17286178275
0.950495049505 0.173222663298
0.950592885375 0.173583543847
0.950690335306 0.173944424396
0.950787401575 0.174305304944
0.948919449902 0.174305304944
0.949019607843 0.174666185493
0.949119373777 0.175027066041
0.94921875 0.17538794659
0.947368421053 0.17538794659
0.947470817121 0.175748827138
0.947572815534 0.176109707687
0.947674418605 0.176470588235
0.947775628627 0.176831468784
0.947876447876 0.177192349332
0.947976878613 0.177553229881
0.948076923077 0.177914110429
0.948176583493 0.178274990978
0.948275862069 0.178635871527
0.948374760994 0.178996752075
0.948473282443 0.179357632624
0.948571428571 0.179718513172
0.948669201521 0.180079393721
0.948766603416 0.180440274269
0.948863636364 0.180801154818
0.948960302457 0.181162035366
0.947169811321 0.181162035366
0.94538606403 0.181162035366
0.945488721805 0.181522915915
0.945590994371 0.181883796463
0.945692883895 0.182244677012
0.945794392523 0.18260555756
0.945895522388 0.182966438109
0.945996275605 0.183327318658
0.946096654275 0.183688199206
0.946196660482 0.184049079755
0.946296296296 0.184409960303
0.946395563771 0.184770840852
0.946494464945 0.1851317214
0.944751381215 0.1851317214
0.943014705882 0.1851317214
0.943119266055 0.185492601949
0.943223443223 0.185853482497
0.943327239488 0.186214363046
0.943430656934 0.186575243594
0.943533697632 0.186936124143
0.943636363636 0.187297004691
0.943738656987 0.18765788524
0.94384057971 0.188018765789
0.943942133816 0.188379646337
0.9440433213 0.188740526886
0.942342342342 0.188740526886
0.942446043165 0.189101407434
0.942549371634 0.189462287983
0.942652329749 0.189823168531
0.942754919499 0.19018404908
0.942857142857 0.190544929628
0.942959001783 0.190905810177
0.943060498221 0.191266690725
0.943161634103 0.191627571274
0.943262411348 0.191988451822
0.943362831858 0.192349332371
0.943462897527 0.19271021292
0.943562610229 0.193071093468
0.943661971831 0.193431974017
0.943760984183 0.193792854565
0.943859649123 0.194153735114
0.943957968476 0.194514615662
0.944055944056 0.194875496211
0.944153577661 0.195236376759
0.942508710801 0.195236376759
0.942608695652 0.195597257308
0.942708333333 0.195958137856
0.94280762565 0.196319018405
0.942906574394 0.196679898953
0.943005181347 0.197040779502
0.943103448276 0.197401660051
0.943201376936 0.197762540599
0.943298969072 0.198123421148
0.943396226415 0.198484301696
0.943493150685 0.198845182245
0.94358974359 0.199206062793
0.943686006826 0.199566943342
0.943781942078 0.19992782389
0.942176870748 0.19992782389
0.942275042445 0.200288704439
0.942372881356 0.200649584987
0.942470389171 0.201010465536
0.942567567568 0.201371346084
0.942664418212 0.201732226633
0.942760942761 0.202093107182
0.942857142857 0.20245398773
0.942953020134 0.202814868279
0.943048576214 0.203175748827
0.943143812709 0.203536629376
0.943238731219 0.203897509924
0.943333333333 0.204258390473
0.941763727121 0.204258390473
0.941860465116 0.204619271021
0.941956882255 0.20498015157
0.942052980132 0.205341032118
0.942148760331 0.205701912667
0.942244224422 0.206062793215
0.94233937397 0.206423673764
0.942434210526 0.206784554313
0.942528735632 0.207145434861
0.94262295082 0.20750631541
0.94271685761 0.207867195958
0.941176470588 0.207867195958
0.939641109299 0.207867195958
0.938110749186 0.207867195958
0.938211382114 0.208228076507
0.938311688312 0.208588957055
0.938411669368 0.208949837604
0.938511326861 0.209310718152
0.938610662359 0.209671598701
0.938709677419 0.210032479249
0.938808373591 0.210393359798
0.938906752412 0.210754240346
0.939004815409 0.211115120895
0.939102564103 0.211476001444
0.9392 0.211836881992
0.939297124601 0.212197762541
0.937799043062 0.212197762541
0.937898089172 0.212558643089
0.93799682035 0.212919523638
0.938095238095 0.213280404186
0.938193343899 0.213641284735
0.938291139241 0.214002165283
0.938388625592 0.214363045832
0.938485804416 0.21472392638
0.938582677165 0.215084806929
0.938679245283 0.215445687477
0.938775510204 0.215806568026
0.938871473354 0.216167448575
0.93896713615 0.216528329123
0.9375 0.216528329123
0.9375975039 0.216889209672
0.93769470405 0.21725009022
0.937791601866 0.217610970769
0.937888198758 0.217971851317
0.937984496124 0.218332731866
0.938080495356 0.218693612414
0.938176197836 0.219054492963
0.938271604938 0.219415373511
0.938366718028 0.21977625406
0.938461538462 0.220137134608
0.938556067588 0.220498015157
0.938650306748 0.220858895706
0.938744257274 0.221219776254
0.938837920489 0.221580656803
0.93893129771 0.221941537351
0.939024390244 0.2223024179
0.939117199391 0.222663298448
0.939209726444 0.223024178997
0.939301972686 0.223385059545
0.939393939394 0.223745940094
0.939485627837 0.224106820642
0.939577039275 0.224467701191
0.939668174962 0.224828581739
0.939759036145 0.225189462288
0.93984962406 0.225550342837
0.93993993994 0.225911223385
0.940029985007 0.226272103934
0.940119760479 0.226632984482
0.940209267564 0.226993865031
0.940298507463 0.227354745579
0.940387481371 0.227715626128
0.938988095238 0.227715626128
0.939078751857 0.228076506676
0.939169139466 0.228437387225
0.939259259259 0.228798267773
0.939349112426 0.229159148322
0.939438700148 0.22952002887
0.939528023599 0.229880909419
0.939617083947 0.230241789968
0.939705882353 0.230602670516
0.939794419971 0.230963551065
0.938416422287 0.230963551065
0.93850658858 0.231324431613
0.938596491228 0.231685312162
0.938686131387 0.23204619271
0.938775510204 0.232407073259
0.938864628821 0.232767953807
0.938953488372 0.233128834356
0.939042089985 0.233489714904
0.939130434783 0.233850595453
0.939218523878 0.234211476001
0.939306358382 0.23457235655
0.939393939394 0.234933237099
0.939481268012 0.235294117647
0.939568345324 0.235654998196
0.939655172414 0.236015878744
0.939741750359 0.236376759293
0.939828080229 0.236737639841
0.93991416309 0.23709852039
0.94 0.237459400938
0.940085592011 0.237820281487
0.940170940171 0.238181162035
0.940256045519 0.238542042584
0.940340909091 0.238902923132
0.940425531915 0.239263803681
0.940509915014 0.23962468423
0.940594059406 0.239985564778
0.940677966102 0.240346445327
0.940761636107 0.240707325875
0.940845070423 0.241068206424
0.940928270042 0.241429086972
0.941011235955 0.241789967521
0.941093969144 0.242150848069
0.941176470588 0.242511728618
0.941258741259 0.242872609166
0.941340782123 0.243233489715
0.940027894003 0.243233489715
0.940111420613 0.243594370263
0.940194714882 0.243955250812
0.940277777778 0.244316131361
0.940360610264 0.244677011909
0.940443213296 0.245037892458
0.940525587828 0.245398773006
0.940607734807 0.245759653555
0.940689655172 0.246120534103
0.940771349862 0.246481414652
0.940852819807 0.2468422952
0.940934065934 0.247203175749
0.941015089163 0.247564056297
0.939726027397 0.247564056297
0.939808481532 0.247924936846
0.939890710383 0.248285817394
0.93997271487 0.248646697943
0.940054495913 0.249007578492
0.940136054422 0.24936845904
0.940217391304 0.249729339589
0.940298507463 0.250090220137
0.940379403794 0.250451100686
0.940460081191 0.250811981234
0.940540540541 0.251172861783
0.940620782726 0.251533742331
0.940700808625 0.25189462288
0.940780619112 0.252255503428
0.939516129032 0.252255503428
0.938255033557 0.252255503428
0.938337801609 0.252616383977
0.938420348059 0.252977264525
0.938502673797 0.253338145074
0.938584779706 0.253699025623
0.938666666667 0.254059906171
0.938748335553 0.25442078672
0.938829787234 0.254781667268
0.938911022576 0.255142547817
0.93899204244 0.255503428365
0.939072847682 0.255864308914
0.939153439153 0.256225189462
0.939233817701 0.256586070011
0.939313984169 0.256946950559
0.939393939394 0.257307831108
0.939473684211 0.257668711656
0.939553219448 0.258029592205
0.939632545932 0.258390472754
0.939711664482 0.258751353302
0.939790575916 0.259112233851
0.939869281046 0.259473114399
0.939947780679 0.259833994948
0.940026075619 0.260194875496
0.940104166667 0.260555756045
0.940182054616 0.260916636593
0.94025974026 0.261277517142
0.940337224384 0.26163839769
0.940414507772 0.261999278239
0.940491591203 0.262360158787
0.940568475452 0.262721039336
0.94064516129 0.263081919885
0.940721649485 0.263442800433
0.940797940798 0.263803680982
0.94087403599 0.26416456153
0.939666238768 0.26416456153
0.938461538462 0.26416456153
0.938540332907 0.264525442079
0.938618925831 0.264886322627
0.938697318008 0.265247203176
0.938775510204 0.265608083724
0.938853503185 0.265968964273
0.93893129771 0.266329844821
0.939008894536 0.26669072537
0.939086294416 0.267051605918
0.939163498099 0.267412486467
0.939240506329 0.267773367016
0.938053097345 0.267773367016
0.938131313131 0.268134247564
0.938209331652 0.268495128113
0.938287153652 0.268856008661
0.938364779874 0.26921688921
0.938442211055 0.269577769758
0.93851944793 0.269938650307
0.938596491228 0.270299530855
0.938673341677 0.270660411404
0.93875 0.271021291952
0.938826466916 0.271382172501
0.938902743142 0.271743053049
0.93897882939 0.272103933598
0.939054726368 0.272464814147
0.939130434783 0.272825694695
0.939205955335 0.273186575244
0.939281288724 0.273547455792
0.939356435644 0.273908336341
0.939431396786 0.274269216889
0.93950617284 0.274630097438
0.939580764488 0.274990977986
0.939655172414 0.275351858535
0.939729397294 0.275712739083
0.938574938575 0.275712739083
0.938650306748 0.276073619632
0.938725490196 0.27643450018
0.938800489596 0.276795380729
0.938875305623 0.277156261278
0.93894993895 0.277517141826
0.939024390244 0.277878022375
0.939098660171 0.278238902923
0.939172749392 0.278599783472
0.939246658566 0.27896066402
0.93932038835 0.279321544569
0.939393939394 0.279682425117
0.939467312349 0.280043305666
0.93954050786 0.280404186214
0.93961352657 0.280765066763
0.939686369119 0.281125947311
0.939759036145 0.28148682786
0.939831528279 0.281847708409
0.939903846154 0.282208588957
0.939975990396 0.282569469506
0.940047961631 0.282930350054
0.940119760479 0.283291230603
0.94019138756 0.283652111151
0.940262843489 0.2840129917
0.940334128878 0.284373872248
0.940405244338 0.284734752797
0.940476190476 0.285095633345
0.940546967895 0.285456513894
0.940617577197 0.285817394442
0.94068801898 0.286178274991
0.940758293839 0.28653915554
0.940828402367 0.286900036088
0.940898345154 0.287260916637
0.940968122786 0.287621797185
0.941037735849 0.287982677734
0.941107184923 0.288343558282
0.941176470588 0.288704438831
0.94124559342 0.289065319379
0.941314553991 0.289426199928
0.941383352872 0.289787080476
0.941451990632 0.290147961025
0.941520467836 0.290508841573
0.941588785047 0.290869722122
0.941656942824 0.291230602671
0.941724941725 0.291591483219
0.941792782305 0.291952363768
0.941860465116 0.292313244316
0.941927990708 0.292674124865
0.941995359629 0.293035005413
0.942062572422 0.293395885962
0.94212962963 0.29375676651
0.942196531792 0.294117647059
0.942263279446 0.294478527607
0.942329873126 0.294839408156
0.942396313364 0.295200288704
0.94246260069 0.295561169253
0.942528735632 0.295922049802
0.942594718714 0.29628293035
0.942660550459 0.296643810899
0.942726231386 0.297004691447
0.942791762014 0.297365571996
0.942857142857 0.297726452544
0.942922374429 0.298087333093
0.942987457241 0.298448213641
0.9430523918 0.29880909419
0.943117178612 0.299169974738
0.943181818182 0.299530855287
0.94324631101 0.299891735835
0.943310657596 0.300252616384
0.942242355606 0.300252616384
0.942307692308 0.300613496933
0.942372881356 0.300974377481
0.942437923251 0.30133525803
0.942502818489 0.301696138578
0.942567567568 0.302057019127
0.942632170979 0.302417899675
0.942696629213 0.302778780224
0.942760942761 0.303139660772
0.942825112108 0.303500541321
0.942889137738 0.303861421869
0.942953020134 0.304222302418
0.943016759777 0.304583182966
0.943080357143 0.304944063515
0.942028985507 0.304944063515
0.942093541203 0.305304944064
0.942157953281 0.305665824612
0.942222222222 0.306026705161
0.942286348502 0.306387585709
0.942350332594 0.306748466258
0.94130675526 0.306748466258
0.941371681416 0.307109346806
0.941436464088 0.307470227355
0.941501103753 0.307831107903
0.941565600882 0.308191988452
0.941629955947 0.308552869
0.941694169417 0.308913749549
0.941758241758 0.309274630097
0.941822173436 0.309635510646
0.941885964912 0.309996391195
0.941949616648 0.310357271743
0.942013129103 0.310718152292
0.942076502732 0.31107903284
0.942139737991 0.311439913389
0.942202835333 0.311800793937
0.942265795207 0.312161674486
0.942328618063 0.312522555034
0.942391304348 0.312883435583
0.942453854506 0.313244316131
0.94251626898 0.31360519668
0.942578548212 0.313966077228
0.942640692641 0.314326957777
0.942702702703 0.314687838326
0.942764578834 0.315048718874
0.942826321467 0.315409599423
0.942887931034 0.315770479971
0.942949407966 0.31613136052
0.943010752688 0.316492241068
0.943071965628 0.316853121617
0.94313304721 0.317214002165
0.943193997856 0.317574882714
0.943254817987 0.317935763262
0.943315508021 0.318296643811
0.943376068376 0.318657524359
0.943436499466 0.319018404908
0.943496801706 0.319379285457
0.943556975506 0.319740166005
0.943617021277 0.320101046554
0.943676939426 0.320461927102
0.943736730361 0.320822807651
0.943796394486 0.321183688199
0.943855932203 0.321544568748
0.943915343915 0.321905449296
0.943974630021 0.322266329845
0.944033790919 0.322627210393
0.944092827004 0.322988090942
0.944151738672 0.32334897149
0.944210526316 0.323709852039
0.944269190326 0.324070732588
0.943277310924 0.324070732588
0.94333683106 0.324431613136
0.943396226415 0.324792493685
0.943455497382 0.325153374233
0.943514644351 0.325514254782
0.943573667712 0.32587513533
0.94363256785 0.326236015879
0.943691345151 0.326596896427
0.94375 0.326957776976
0.943808532778 0.327318657524
0.943866943867 0.327679538073
0.943925233645 0.328040418621
0.94398340249 0.32840129917
0.944041450777 0.328762179719
0.944099378882 0.329123060267
0.944157187177 0.329483940816
0.944214876033 0.329844821364
0.94427244582 0.330205701913
0.944329896907 0.330566582461
0.94438722966 0.33092746301
0.944444444444 0.331288343558
0.944501541624 0.331649224107
0.944558521561 0.332010104655
0.944615384615 0.332370985204
0.944672131148 0.332731865752
0.943705220061 0.332731865752
0.942740286299 0.332731865752
0.942798774259 0.333092746301
0.942857142857 0.33345362685
0.942915392457 0.333814507398
0.942973523422 0.334175387947
0.943031536114 0.334536268495
0.943089430894 0.334897149044
0.943147208122 0.335258029592
0.943204868154 0.335618910141
0.943262411348 0.335979790689
0.942307692308 0.335979790689
0.942366026289 0.336340671238
0.942424242424 0.336701551786
0.94248234107 0.337062432335
0.942540322581 0.337423312883
0.942598187311 0.337784193432
0.942655935614 0.338145073981
0.942713567839 0.338505954529
0.942771084337 0.338866835078
0.941825476429 0.338866835078
0.941883767535 0.339227715626
0.941941941942 0.339588596175
0.942 0.339949476723
0.942057942058 0.340310357272
0.942115768463 0.34067123782
0.942173479561 0.341032118369
0.942231075697 0.341392998917
0.942288557214 0.341753879466
0.942345924453 0.342114760014
0.942403177756 0.342475640563
0.94246031746 0.342836521112
0.942517343905 0.34319740166
0.942574257426 0.343558282209
0.942631058358 0.343919162757
0.942687747036 0.344280043306
0.942744323791 0.344640923854
0.942800788955 0.345001804403
0.942857142857 0.345362684951
0.942913385827 0.3457235655
0.942969518191 0.346084446048
0.943025540275 0.346445326597
0.943081452404 0.346806207145
0.943137254902 0.347167087694
0.94319294809 0.347527968243
0.94324853229 0.347888848791
0.94330400782 0.34824972934
0.943359375 0.348610609888
0.943414634146 0.348971490437
0.942495126706 0.348971490437
0.941577409932 0.348971490437
0.941634241245 0.349332370985
0.941690962099 0.349693251534
0.941747572816 0.350054132082
0.941804073715 0.350415012631
0.941860465116 0.350775893179
0.941916747338 0.351136773728
0.941972920696 0.351497654276
0.942028985507 0.351858534825
0.942084942085 0.352219415374
0.941176470588 0.352219415374
0.940269749518 0.352219415374
0.940327237729 0.352580295922
0.940384615385 0.352941176471
0.940441882805 0.353302057019
0.940499040307 0.353662937568
0.940556088207 0.354023818116
0.94061302682 0.354384698665
0.940669856459 0.354745579213
0.940726577438 0.355106459762
0.940783190067 0.35546734031
0.940839694656 0.355828220859
0.940896091516 0.356189101407
0.940952380952 0.356549981956
0.941008563273 0.356910862505
0.941064638783 0.357271743053
0.941120607787 0.357632623602
0.941176470588 0.35799350415
0.941232227488 0.358354384699
0.941287878788 0.358715265247
0.941343424787 0.359076145796
0.941398865784 0.359437026344
0.941454202077 0.359797906893
0.941509433962 0.360158787441
0.941564561734 0.36051966799
0.941619585687 0.360880548538
0.941674506115 0.361241429087
0.940789473684 0.361241429087
0.940845070423 0.361602309636
0.940900562852 0.361963190184
0.940955951265 0.362324070733
0.941011235955 0.362684951281
0.941066417212 0.36304583183
0.941121495327 0.363406712378
0.941176470588 0.363767592927
0.941231343284 0.364128473475
0.9412861137 0.364489354024
0.941340782123 0.364850234572
0.941395348837 0.365211115121
0.941449814126 0.365571995669
0.941504178273 0.365932876218
0.941558441558 0.366293756767
0.941612604263 0.366654637315
0.941666666667 0.367015517864
0.941720629047 0.367376398412
0.941774491682 0.367737278961
0.941828254848 0.368098159509
0.941881918819 0.368459040058
0.941935483871 0.368819920606
0.941988950276 0.369180801155
0.941122355106 0.369180801155
0.941176470588 0.369541681703
0.941230486685 0.369902562252
0.94128440367 0.3702634428
0.941338221815 0.370624323349
0.941391941392 0.370985203898
0.941445562672 0.371346084446
0.941499085923 0.371706964995
0.941552511416 0.372067845543
0.941605839416 0.372428726092
0.941659070191 0.37278960664
0.940801457195 0.37278960664
0.940855323021 0.373150487189
0.940909090909 0.373511367737
0.940962761126 0.373872248286
0.941016333938 0.374233128834
0.94106980961 0.374594009383
0.941123188406 0.374954889931
0.941176470588 0.37531577048
0.94122965642 0.375676651029
0.941282746161 0.376037531577
0.941335740072 0.376398412126
0.940486925158 0.376398412126
0.93963963964 0.376398412126
0.939693969397 0.376759292674
0.939748201439 0.377120173223
0.939802336029 0.377481053771
0.939856373429 0.37784193432
0.939910313901 0.378202814868
0.939964157706 0.378563695417
0.940017905103 0.378924575965
0.940071556351 0.379285456514
0.940125111707 0.379646337062
0.940178571429 0.380007217611
0.940231935772 0.38036809816
0.940285204991 0.380728978708
0.940338379341 0.381089859257
0.940391459075 0.381450739805
0.940444444444 0.381811620354
0.939609236234 0.381811620354
0.93966282165 0.382172500902
0.939716312057 0.382533381451
0.939769707706 0.382894261999
0.93982300885 0.383255142548
0.939876215738 0.383616023096
0.939045936396 0.383616023096
0.939099735216 0.383976903645
0.939153439153 0.384337784193
0.939207048458 0.384698664742
0.93926056338 0.385059545291
0.939313984169 0.385420425839
0.939367311072 0.385781306388
0.939420544337 0.386142186936
0.939473684211 0.386503067485
0.939526730938 0.386863948033
0.939579684764 0.387224828582
0.939632545932 0.38758570913
0.939685314685 0.387946589679
0.939737991266 0.388307470227
0.939790575916 0.388668350776
0.939843068875 0.389029231324
0.939895470383 0.389390111873
0.939947780679 0.389750992422
0.94 0.39011187297
0.940052128584 0.390472753519
0.940104166667 0.390833634067
0.940156114484 0.391194514616
0.94020797227 0.391555395164
0.94025974026 0.391916275713
0.940311418685 0.392277156261
0.940363007779 0.39263803681
0.939550949914 0.39263803681
0.939603106126 0.392998917358
0.939655172414 0.393359797907
0.939707149009 0.393720678455
0.939759036145 0.394081559004
0.93981083405 0.394442439553
0.939862542955 0.394803320101
0.93991416309 0.39516420065
0.939965694683 0.395525081198
0.940017137961 0.395885961747
0.940068493151 0.396246842295
0.940119760479 0.396607722844
0.939316239316 0.396607722844
0.939368061486 0.396968603392
0.939419795222 0.397329483941
0.93947144075 0.397690364489
0.939522998296 0.398051245038
0.939574468085 0.398412125586
0.93962585034 0.398773006135
0.939677145285 0.399133886684
0.939728353141 0.399494767232
0.939779474131 0.399855647781
0.939830508475 0.400216528329
0.939881456393 0.400577408878
0.939932318105 0.400938289426
0.939983093829 0.401299169975
0.940033783784 0.401660050523
0.940084388186 0.402020931072
0.940134907251 0.40238181162
0.940185341196 0.402742692169
0.940235690236 0.403103572717
0.940285954584 0.403464453266
0.940336134454 0.403825333815
0.940386230059 0.404186214363
0.940436241611 0.404547094912
0.940486169321 0.40490797546
0.9405360134 0.405268856009
0.940585774059 0.405629736557
0.940635451505 0.405990617106
0.940685045948 0.406351497654
0.940734557596 0.406712378203
0.940783986656 0.407073258751
0.940833333333 0.4074341393
0.940882597835 0.407795019848
0.940931780366 0.408155900397
0.940980881131 0.408516780946
0.941029900332 0.408877661494
0.941078838174 0.409238542043
0.941127694859 0.409599422591
0.941176470588 0.40996030314
0.940397350993 0.40996030314
0.940446650124 0.410321183688
0.940495867769 0.410682064237
0.940545004129 0.411042944785
0.940594059406 0.411403825334
0.9406430338 0.411764705882
0.940691927512 0.412125586431
0.940740740741 0.412486466979
0.940789473684 0.412847347528
0.940838126541 0.413208228077
0.940886699507 0.413569108625
0.940935192781 0.413929989174
0.940983606557 0.414290869722
0.941031941032 0.414651750271
0.941080196399 0.415012630819
0.941128372854 0.415373511368
0.940359477124 0.415373511368
0.939591836735 0.415373511368
0.938825448613 0.415373511368
0.938875305623 0.415734391916
0.938925081433 0.416095272465
0.938974776241 0.416456153013
0.939024390244 0.416817033562
0.939073923639 0.41717791411
0.939123376623 0.417538794659
0.939172749392 0.417899675208
0.939222042139 0.418260555756
0.939271255061 0.418621436305
0.93932038835 0.418982316853
0.938561034762 0.418982316853
0.938610662359 0.419343197402
0.938660209847 0.41970407795
0.938709677419 0.420064958499
0.93875906527 0.420425839047
0.938808373591 0.420786719596
0.938857602574 0.421147600144
0.938102893891 0.421147600144
0.938152610442 0.421508480693
0.938202247191 0.421869361241
0.93825180433 0.42223024179
0.938301282051 0.422591122339
0.938350680544 0.422952002887
0.9376 0.422952002887
0.937649880096 0.423312883436
0.937699680511 0.423673763984
0.93695131684 0.423673763984
0.937001594896 0.424034644533
0.937051792829 0.424395525081
0.937101910828 0.42475640563
0.937151949085 0.425117286178
0.93720190779 0.425478166727
0.937251787133 0.425839047275
0.937301587302 0.426199927824
0.937351308485 0.426560808372
0.937400950872 0.426921688921
0.937450514648 0.42728256947
0.9375 0.427643450018
0.937549407115 0.428004330567
0.937598736177 0.428365211115
0.937647987372 0.428726091664
0.937697160883 0.429086972212
0.936958234831 0.429086972212
0.937007874016 0.429447852761
0.93705743509 0.429808733309
0.937106918239 0.430169613858
0.937156323645 0.430530494406
0.937205651491 0.430891374955
0.937254901961 0.431252255503
0.936520376176 0.431252255503
0.935787000783 0.431252255503
0.935837245696 0.431613136052
0.935887412041 0.431974016601
0.9359375 0.432334897149
0.935987509758 0.432695777698
0.936037441498 0.433056658246
0.936087295401 0.433417538795
0.936137071651 0.433778419343
0.936186770428 0.434139299892
0.936236391913 0.43450018044
0.936285936286 0.434861060989
0.936335403727 0.435221941537
0.936384794414 0.435582822086
0.936434108527 0.435943702634
0.936483346243 0.436304583183
0.935758513932 0.436304583183
0.935808197989 0.436665463732
0.935857805255 0.43702634428
0.935907335907 0.437387224829
0.935956790123 0.437748105377
0.93600616808 0.438108985926
0.936055469954 0.438469866474
0.93610469592 0.438830747023
0.936153846154 0.439191627571
0.93620292083 0.43955250812
0.936251920123 0.439913388668
0.936300844206 0.440274269217
0.936349693252 0.440635149765
0.936398467433 0.440996030314
0.936447166922 0.441356910863
0.93649579189 0.441717791411
0.936544342508 0.44207867196
0.936592818946 0.442439552508
0.936641221374 0.442800433057
0.936689549962 0.443161313605
0.936737804878 0.443522194154
0.936785986291 0.443883074702
0.936834094368 0.444243955251
0.936882129278 0.444604835799
0.936930091185 0.444965716348
0.936977980258 0.445326596896
0.937025796662 0.445687477445
0.937073540561 0.446048357994
0.937121212121 0.446409238542
0.937168811506 0.446770119091
0.936459909228 0.446770119091
0.936507936508 0.447130999639
0.936555891239 0.447491880188
0.936603773585 0.447852760736
0.935897435897 0.447852760736
0.935945742276 0.448213641285
0.935993975904 0.448574521833
0.936042136945 0.448935402382
0.936090225564 0.44929628293
0.936138241923 0.449657163479
0.936186186186 0.450018044027
0.936234058515 0.450378924576
0.93628185907 0.450739805125
0.936329588015 0.451100685673
0.936377245509 0.451461566222
0.936424831713 0.45182244677
0.936472346786 0.452183327319
0.936519790889 0.452544207867
0.936567164179 0.452905088416
0.936614466816 0.453265968964
0.936661698957 0.453626849513
0.936708860759 0.453987730061
0.936755952381 0.45434861061
0.936802973978 0.454709491158
0.936849925706 0.455070371707
0.936896807721 0.455431252256
0.936943620178 0.455792132804
0.936990363232 0.456153013353
0.937037037037 0.456513893901
0.936343449297 0.456513893901
0.936390532544 0.45687477445
0.936437546194 0.457235654998
0.936484490399 0.457596535547
0.936531365314 0.457957416095
0.936578171091 0.458318296644
0.936624907885 0.458679177192
0.935935198822 0.458679177192
0.935982339956 0.459040057741
0.936029411765 0.459400938289
0.936076414401 0.459761818838
0.936123348018 0.460122699387
0.936170212766 0.460483579935
0.936217008798 0.460844460484
0.936263736264 0.461205341032
0.936310395315 0.461566221581
0.936356986101 0.461927102129
0.936403508772 0.462287982678
0.936449963477 0.462648863226
0.936496350365 0.463009743775
0.936542669584 0.463370624323
0.936588921283 0.463731504872
0.936635105608 0.46409238542
0.936681222707 0.464453265969
0.936727272727 0.464814146518
0.936773255814 0.465175027066
0.936819172113 0.465535907615
0.936865021771 0.465896788163
0.936910804931 0.466257668712
0.936956521739 0.46661854926
0.937002172339 0.466979429809
0.937047756874 0.467340310357
0.937093275488 0.467701190906
0.937138728324 0.468062071454
0.937184115523 0.468422952003
0.937229437229 0.468783832551
0.937274693583 0.4691447131
0.937319884726 0.469505593649
0.937365010799 0.469866474197
0.937410071942 0.470227354746
0.937455068296 0.470588235294
0.9375 0.470949115843
0.937544867193 0.471309996391
0.937589670014 0.47167087694
0.937634408602 0.472031757488
0.937679083095 0.472392638037
0.937723693629 0.472753518585
0.937768240343 0.473114399134
0.937812723374 0.473475279682
0.937857142857 0.473836160231
0.937901498929 0.47419704078
0.937945791726 0.474557921328
0.937990021383 0.474918801877
0.938034188034 0.475279682425
0.938078291815 0.475640562974
0.938122332859 0.476001443522
0.938166311301 0.476362324071
0.938210227273 0.476723204619
0.938254080908 0.477084085168
0.93829787234 0.477444965716
0.938341601701 0.477805846265
0.938385269122 0.478166726813
0.938428874735 0.478527607362
0.93847241867 0.478888487911
0.93851590106 0.479249368459
0.938559322034 0.479610249008
0.938602681722 0.479971129556
0.938645980254 0.480332010105
0.938689217759 0.480692890653
0.938732394366 0.481053771202
0.938775510204 0.48141465175
0.938818565401 0.481775532299
0.938861560084 0.482136412847
0.938904494382 0.482497293396
0.938947368421 0.482858173944
0.938990182328 0.483219054493
0.93903293623 0.483579935042
0.939075630252 0.48394081559
0.939118264521 0.484301696139
0.939160839161 0.484662576687
0.939203354298 0.485023457236
0.939245810056 0.485384337784
0.93928820656 0.485745218333
0.939330543933 0.486106098881
0.9393728223 0.48646697943
0.939415041783 0.486827859978
0.939457202505 0.487188740527
0.93949930459 0.487549621075
0.939541348158 0.487910501624
0.939583333333 0.488271382173
0.939625260236 0.488632262721
0.939667128988 0.48899314327
0.939015939016 0.48899314327
0.939058171745 0.489354023818
0.939100346021 0.489714904367
0.939142461964 0.490075784915
0.939184519696 0.490436665464
0.939226519337 0.490797546012
0.939268461008 0.491158426561
0.939310344828 0.491519307109
0.939352170917 0.491880187658
0.939393939394 0.492241068206
0.939435650379 0.492601948755
0.939477303989 0.492962829304
0.939518900344 0.493323709852
0.93956043956 0.493684590401
0.939601921757 0.494045470949
0.939643347051 0.494406351498
0.939684715559 0.494767232046
0.939726027397 0.495128112595
0.939767282683 0.495488993143
0.939808481532 0.495849873692
0.93984962406 0.49621075424
0.939890710383 0.496571634789
0.939931740614 0.496932515337
0.93997271487 0.497293395886
0.940013633265 0.497654276435
0.940054495913 0.498015156983
0.940095302927 0.498376037532
0.940136054422 0.49873691808
0.939496940857 0.49873691808
0.939538043478 0.499097798629
0.939579090292 0.499458679177
0.939620081411 0.499819559726
0.939661016949 0.500180440274
0.939024390244 0.500180440274
0.939065673663 0.500541320823
0.939106901218 0.500902201371
0.939148073022 0.50126308192
0.939189189189 0.501623962468
0.939230249831 0.501984843017
0.939271255061 0.502345723565
0.93931220499 0.502706604114
0.93935309973 0.503067484663
0.939393939394 0.503428365211
0.939434724092 0.50378924576
0.939475453934 0.504150126308
0.939516129032 0.504511006857
0.938885157824 0.504511006857
0.938926174497 0.504871887405
0.93896713615 0.505232767954
0.939008042895 0.505593648502
0.939048894843 0.505954529051
0.939089692102 0.506315409599
0.938461538462 0.506315409599
0.938502673797 0.506676290148
0.938543754175 0.507037170696
0.938584779706 0.507398051245
0.9386257505 0.507758931794
0.938666666667 0.508119812342
0.938707528314 0.508480692891
0.938748335553 0.508841573439
0.93878908849 0.509202453988
0.938164893617 0.509202453988
0.937541528239 0.509202453988
0.937583001328 0.509563334536
0.937624419376 0.509924215085
0.937665782493 0.510285095633
0.937707090789 0.510645976182
0.937748344371 0.51100685673
0.937789543349 0.511367737279
0.937830687831 0.511728617827
0.937871777925 0.512089498376
0.937912813738 0.512450378925
0.93795379538 0.512811259473
0.937994722955 0.513172140022
0.938035596572 0.51353302057
0.938076416337 0.513893901119
0.938117182357 0.514254781667
0.938157894737 0.514615662216
0.938198553583 0.514976542764
0.938239159001 0.515337423313
0.938279711097 0.515698303861
0.938320209974 0.51605918441
0.938360655738 0.516420064958
0.938401048493 0.516780945507
0.938441388343 0.517141826056
0.938481675393 0.517502706604
0.938521909745 0.517863587153
0.938562091503 0.518224467701
0.938602220771 0.51858534825
0.93864229765 0.518946228798
0.938682322244 0.519307109347
0.938722294654 0.519667989895
0.938762214984 0.520028870444
0.938802083333 0.520389750992
0.938841899805 0.520750631541
0.938881664499 0.521111512089
0.938921377518 0.521472392638
0.938961038961 0.521833273187
0.939000648929 0.522194153735
0.938391699092 0.522194153735
0.938431626701 0.522555034284
0.938471502591 0.522915914832
0.938511326861 0.523276795381
0.937904269082 0.523276795381
0.937944408533 0.523637675929
0.937984496124 0.523998556478
0.938024531956 0.524359437026
0.938064516129 0.524720317575
0.938104448743 0.525081198123
0.9375 0.525081198123
0.936896329684 0.525081198123
0.936293436293 0.525081198123
0.936334405145 0.525442078672
0.936375321337 0.52580295922
0.936416184971 0.526163839769
0.936456996149 0.526524720318
0.936497754971 0.526885600866
0.936538461538 0.527246481415
0.936579115951 0.527607361963
0.93661971831 0.527968242512
0.936020473448 0.527968242512
0.936061381074 0.52832912306
0.936102236422 0.528690003609
0.936143039591 0.529050884157
0.936183790683 0.529411764706
0.936224489796 0.529772645254
0.93626513703 0.530133525803
0.936305732484 0.530494406351
0.936346276257 0.5308552869
0.936386768448 0.531216167449
0.936427209154 0.531577047997
0.936467598475 0.531937928546
0.936507936508 0.532298809094
0.93654822335 0.532659689643
0.9365884591 0.533020570191
0.936628643853 0.53338145074
0.936668777707 0.533742331288
0.936708860759 0.534103211837
0.936748893106 0.534464092385
0.936788874842 0.534824972934
0.936828806064 0.535185853482
0.936868686869 0.535546734031
0.93690851735 0.53590761458
0.936948297604 0.536268495128
0.936988027725 0.536629375677
0.937027707809 0.536990256225
0.937067337948 0.537351136774
0.937106918239 0.537712017322
0.937146448774 0.538072897871
0.937185929648 0.538433778419
0.937225360954 0.538794658968
0.937264742785 0.539155539516
0.937304075235 0.539516420065
0.937343358396 0.539877300613
0.937382592361 0.540238181162
0.937421777222 0.540599061711
0.937460913071 0.540959942259
0.9375 0.541320822808
0.937539038101 0.541681703356
0.937578027466 0.542042583905
0.937616968185 0.542403464453
0.937655860349 0.542764345002
0.93769470405 0.54312522555
0.937733499377 0.543486106099
0.937772246422 0.543846986647
0.937810945274 0.544207867196
0.937849596022 0.544568747744
0.937888198758 0.544929628293
0.937926753569 0.545290508842
0.937965260546 0.54565138939
0.938003719777 0.546012269939
0.938042131351 0.546373150487
0.938080495356 0.546734031036
0.938118811881 0.547094911584
0.938157081014 0.547455792133
0.938195302843 0.547816672681
0.93761581223 0.547816672681
0.937654320988 0.54817755323
0.937692782233 0.548538433778
0.937731196054 0.548899314327
0.937769562539 0.549260194875
0.937807881773 0.549621075424
0.937846153846 0.549981955973
0.937884378844 0.550342836521
0.937922556853 0.55070371707
0.937960687961 0.551064597618
0.937998772253 0.551425478167
0.938036809816 0.551786358715
0.938074800736 0.552147239264
0.938112745098 0.552508119812
0.938150642988 0.552869000361
0.938188494492 0.553229880909
0.938226299694 0.553590761458
0.93826405868 0.553951642006
0.938301771533 0.554312522555
0.938339438339 0.554673403104
0.938377059182 0.555034283652
0.938414634146 0.555395164201
0.938452163315 0.555756044749
0.937880633374 0.555756044749
0.937309799148 0.555756044749
0.937347931873 0.556116925298
0.937386018237 0.556477805846
0.937424058323 0.556838686395
0.937462052216 0.557199566943
0.9375 0.557560447492
0.937537901759 0.55792132804
0.937575757576 0.558282208589
0.937613567535 0.558643089137
0.937651331719 0.559003969686
0.937689050212 0.559364850235
0.937726723096 0.559725730783
0.937764350453 0.560086611332
0.937801932367 0.56044749188
0.937235968618 0.56044749188
0.937273823884 0.560808372429
0.937311633514 0.561169252977
0.93734939759 0.561530133526
0.937387116195 0.561891014074
0.93742478941 0.562251894623
0.937462417318 0.562612775171
0.9375 0.56297365572
0.937537537538 0.563334536268
0.937575030012 0.563695416817
0.937612477504 0.564056297366
0.937649880096 0.564417177914
0.937687237867 0.564778058463
0.937724550898 0.565138939011
0.93776181927 0.56549981956
0.937799043062 0.565860700108
0.937836222355 0.566221580657
0.937873357228 0.566582461205
0.937910447761 0.566943341754
0.937947494033 0.567304222302
0.937984496124 0.567665102851
0.938021454112 0.568025983399
0.938058368076 0.568386863948
0.938095238095 0.568747744497
0.938132064247 0.569108625045
0.93757431629 0.569108625045
0.9376114082 0.569469505594
0.937648456057 0.569830386142
0.937685459941 0.570191266691
0.937722419929 0.570552147239
0.9377593361 0.570913027788
0.937796208531 0.571273908336
0.9378330373 0.571634788885
0.937869822485 0.571995669433
0.937906564163 0.572356549982
0.937943262411 0.57271743053
0.937979917307 0.573078311079
0.938016528926 0.573439191628
0.938053097345 0.573800072176
0.938089622642 0.574160952725
0.938126104891 0.574521833273
0.937573616019 0.574521833273
0.937610359035 0.574882713822
0.937647058824 0.57524359437
0.937683715461 0.575604474919
0.937720329025 0.575965355467
0.937756899589 0.576326236016
0.93779342723 0.576687116564
0.937829912023 0.577047997113
0.937866354045 0.577408877661
0.937902753368 0.57776975821
0.93793911007 0.578130638759
0.937975424225 0.578491519307
0.938011695906 0.578852399856
0.93804792519 0.579213280404
0.93808411215 0.579574160953
0.938120256859 0.579935041501
0.938156359393 0.58029592205
0.938192419825 0.580656802598
0.938228438228 0.581017683147
0.938264414677 0.581378563695
0.938300349243 0.581739444244
0.938336242001 0.582100324792
0.938372093023 0.582461205341
0.938407902382 0.58282208589
0.938443670151 0.583182966438
0.938479396402 0.583543846987
0.938515081206 0.583904727535
0.938550724638 0.584265608084
0.938586326767 0.584626488632
0.938621887666 0.584987369181
0.938657407407 0.585348249729
0.938692886061 0.585709130278
0.938728323699 0.586070010826
0.938763720393 0.586430891375
0.938799076212 0.586791771923
0.938834391229 0.587152652472
0.938869665513 0.587513533021
0.938904899135 0.587874413569
0.938940092166 0.588235294118
0.938975244675 0.588596174666
0.939010356732 0.588957055215
0.939045428407 0.589317935763
0.93908045977 0.589678816312
0.93911545089 0.59003969686
0.939150401837 0.590400577409
0.939185312679 0.590761457957
0.939220183486 0.591122338506
0.939255014327 0.591483219054
0.939289805269 0.591844099603
0.939324556382 0.592204980152
0.939359267735 0.5925658607
0.939393939394 0.592926741249
0.939428571429 0.593287621797
0.939463163906 0.593648502346
0.939497716895 0.594009382894
0.939532230462 0.594370263443
0.939566704675 0.594731143991
0.939601139601 0.59509202454
0.939635535308 0.595452905088
0.939669891861 0.595813785637
0.939704209329 0.596174666185
0.939169982945 0.596174666185
0.939204545455 0.596535546734
0.939239068711 0.596896427283
0.939273552781 0.597257307831
0.939307997731 0.59761818838
0.939342403628 0.597979068928
0.939376770538 0.598339949477
0.939411098528 0.598700830025
0.939445387663 0.599061710574
0.939479638009 0.599422591122
0.939513849633 0.599783471671
0.939548022599 0.600144352219
0.939017504235 0.600144352219
0.93848758465 0.600144352219
0.938522278624 0.600505232768
0.938556933484 0.600866113316
0.938591549296 0.601226993865
0.938063063063 0.601226993865
0.938097917839 0.601587874414
0.938132733408 0.601948754962
0.938167509837 0.602309635511
0.938202247191 0.602670516059
0.938236945536 0.603031396608
0.938271604938 0.603392277156
0.937745372967 0.603392277156
0.937780269058 0.603753157705
0.93781512605 0.604114038253
0.937849944009 0.604474918802
0.937884722999 0.60483579935
0.937919463087 0.605196679899
0.937954164338 0.605557560447
0.937988826816 0.605918440996
0.937465103294 0.605918440996
0.9375 0.606279321545
0.93753485778 0.606640202093
0.9375696767 0.607001082642
0.937604456825 0.60736196319
0.937639198218 0.607722843739
0.937673900946 0.608083724287
0.937708565072 0.608444604836
0.937743190661 0.608805485384
0.937222222222 0.608805485384
0.9372570794 0.609166365933
0.937291897891 0.609527246481
0.937326677759 0.60988812703
0.937361419069 0.610249007578
0.937396121884 0.610609888127
0.937430786268 0.610970768676
0.937465412286 0.611331649224
0.9375 0.611692529773
0.937534549475 0.612053410321
0.937569060773 0.61241429087
0.937603533959 0.612775171418
0.937637969095 0.613136051967
0.937672366244 0.613496932515
0.937706725469 0.613857813064
0.937741046832 0.614218693612
0.937775330396 0.614579574161
0.937809576225 0.614940454709
0.937843784378 0.615301335258
0.93787795492 0.615662215807
0.937362637363 0.615662215807
0.936847885777 0.615662215807
0.936882546652 0.616023096355
0.936917169501 0.616383976904
0.936951754386 0.616744857452
0.93698630137 0.617105738001
0.937020810515 0.617466618549
0.937055281883 0.617827499098
0.936542669584 0.617827499098
0.93657736468 0.618188379646
0.936612021858 0.618549260195
0.93664664118 0.618910140743
0.936681222707 0.619271021292
0.936715766503 0.61963190184
0.936750272628 0.619992782389
0.936784741144 0.620353662938
0.936819172113 0.620714543486
0.936853565596 0.621075424035
0.936887921654 0.621436304583
0.936922240348 0.621797185132
0.936956521739 0.62215806568
0.936990765888 0.622518946229
0.937024972856 0.622879826777
0.937059142702 0.623240707326
0.937093275488 0.623601587874
0.936585365854 0.623601587874
0.93661971831 0.623962468423
0.936654033568 0.624323348971
0.936688311688 0.62468422952
0.936181719849 0.62468422952
0.936216216216 0.625045110069
0.936250675311 0.625405990617
0.936285097192 0.625766871166
0.936319481921 0.626127751714
0.936353829558 0.626488632263
0.936388140162 0.626849512811
0.936422413793 0.62721039336
0.936456650512 0.627571273908
0.936490850377 0.627932154457
0.936525013448 0.628293035005
0.936559139785 0.628653915554
0.936593229447 0.629014796102
0.936090225564 0.629014796102
0.935587761675 0.629014796102
0.935622317597 0.629375676651
0.935656836461 0.6297365572
0.935691318328 0.630097437748
0.935725763257 0.630458318297
0.935760171306 0.630819198845
0.935794542536 0.631180079394
0.935828877005 0.631540959942
0.935863174773 0.631901840491
0.935897435897 0.632262721039
0.935931660438 0.632623601588
0.935965848453 0.632984482136
0.936 0.633345362685
0.936034115139 0.633706243233
0.936068193926 0.634067123782
0.936102236422 0.634428004331
0.936136242682 0.634788884879
0.936170212766 0.635149765428
0.93620414673 0.635510645976
0.936238044633 0.635871526525
0.936271906532 0.636232407073
0.936305732484 0.636593287622
0.936339522546 0.63695416817
0.936373276776 0.637315048719
0.936406995231 0.637675929267
0.936440677966 0.638036809816
0.935944944415 0.638036809816
0.935978835979 0.638397690364
0.936012691698 0.638758570913
0.936046511628 0.639119451462
0.936080295827 0.63948033201
0.936114044351 0.639841212559
0.936147757256 0.640202093107
0.936181434599 0.640562973656
0.936215076436 0.640923854204
0.936248682824 0.641284734753
0.936282253818 0.641645615301
0.935789473684 0.641645615301
0.935823250921 0.64200649585
0.935856992639 0.642367376398
0.935890698896 0.642728256947
0.935399159664 0.642728256947
0.935433070866 0.643089137495
0.935466946485 0.643450018044
0.935500786576 0.643810898593
0.935534591195 0.644171779141
0.935568360398 0.64453265969
0.935602094241 0.644893540238
0.935635792779 0.645254420787
0.935669456067 0.645615301335
0.935703084161 0.645976181884
0.935736677116 0.646337062432
0.935770234987 0.646697942981
0.935803757829 0.647058823529
0.935837245696 0.647419704078
0.935870698644 0.647780584626
0.935904116727 0.648141465175
0.9359375 0.648502345724
0.935970848516 0.648863226272
0.936004162331 0.649224106821
0.936037441498 0.649584987369
0.936070686071 0.649945867918
0.936103896104 0.650306748466
0.936137071651 0.650667629015
0.935651271406 0.650667629015
0.935684647303 0.651028509563
0.935717988595 0.651389390112
0.935751295337 0.65175027066
0.935784567582 0.652111151209
0.935817805383 0.652472031757
0.935851008795 0.652832912306
0.93588417787 0.653193792855
0.935917312661 0.653554673403
0.935950413223 0.653915553952
0.935983479608 0.6542764345
0.936016511868 0.654637315049
0.936049510057 0.654998195597
0.936082474227 0.655359076146
0.936115404431 0.655719956694
0.936148300721 0.656080837243
0.93618116315 0.656441717791
0.935699588477 0.656441717791
0.935732647815 0.65680259834
0.935765673176 0.657163478888
0.935798664612 0.657524359437
0.935831622177 0.657885239986
0.935864545921 0.658246120534
0.935897435897 0.658607001083
0.935930292158 0.658967881631
0.935963114754 0.65932876218
0.935483870968 0.65932876218
0.935516888434 0.659689642728
0.935549872123 0.660050523277
0.935582822086 0.660411403825
0.935615738375 0.660772284374
0.935648621042 0.661133164922
0.935681470138 0.661494045471
0.935714285714 0.661854926019
0.935747067823 0.662215806568
0.935779816514 0.662576687117
0.935303107489 0.662576687117
0.93482688391 0.662576687117
0.934860050891 0.662937567665
0.93489318413 0.663298448214
0.934417895272 0.663298448214
0.934451219512 0.663659328762
0.934484509904 0.664020209311
0.934517766497 0.664381089859
0.934550989346 0.664741970408
0.934584178499 0.665102850956
0.934617334009 0.665463731505
0.934143870314 0.665463731505
0.933670886076 0.665463731505
0.933704453441 0.665824612053
0.933737986849 0.666185492602
0.93377148635 0.66654637315
0.933804951996 0.666907253699
0.933838383838 0.667268134248
0.933871781928 0.667629014796
0.933905146317 0.667989895345
0.933938477055 0.668350775893
0.933467741935 0.668350775893
0.933501259446 0.668711656442
0.933534743202 0.66907253699
0.933568193256 0.669433417539
0.933601609658 0.669794298087
0.933634992459 0.670155178636
0.933668341709 0.670516059184
0.933701657459 0.670876939733
0.933734939759 0.671237820281
0.93376818866 0.67159870083
0.933801404213 0.671959581379
0.933834586466 0.672320461927
0.933867735471 0.672681342476
0.93340010015 0.672681342476
0.933433433433 0.673042223024
0.933466733367 0.673403103573
0.9335 0.673763984121
0.933533233383 0.67412486467
0.933566433566 0.674485745218
0.933599600599 0.674846625767
0.933632734531 0.675207506315
0.933665835411 0.675568386864
0.93369890329 0.675929267412
0.933731938216 0.676290147961
0.933764940239 0.67665102851
0.933797909408 0.677011909058
0.933830845771 0.677372789607
0.933863749378 0.677733670155
0.933896620278 0.678094550704
0.93392945852 0.678455431252
0.933962264151 0.678816311801
0.933995037221 0.679177192349
0.934027777778 0.679538072898
0.93406048587 0.679898953446
0.934093161546 0.680259833995
0.934125804854 0.680620714543
0.934158415842 0.680981595092
0.934190994557 0.681342475641
0.934223541048 0.681703356189
0.934256055363 0.682064236738
0.934288537549 0.682425117286
0.934320987654 0.682785997835
0.934353405726 0.683146878383
0.934385791811 0.683507758932
0.93392504931 0.683507758932
0.933957614588 0.68386863948
0.933990147783 0.684229520029
0.934022648941 0.684590400577
0.93405511811 0.684951281126
0.934087555337 0.685312161674
0.934119960669 0.685673042223
0.934152334152 0.686033922772
0.934184675835 0.68639480332
0.934216985763 0.686755683869
0.934249263984 0.687116564417
0.933791074056 0.687116564417
0.933823529412 0.687477444966
0.933855952964 0.687838325514
0.93388834476 0.688199206063
0.933920704846 0.688560086611
0.933953033268 0.68892096716
0.933985330073 0.689281847708
0.933528836755 0.689281847708
0.933561309233 0.689642728257
0.93359375 0.690003608805
0.933138116154 0.690003608805
0.933170731707 0.690364489354
0.933203315456 0.690725369903
0.933235867446 0.691086250451
0.933268387725 0.691447131
0.933300876339 0.691808011548
0.933333333333 0.692168892097
0.933365758755 0.692529772645
0.933398152649 0.692890653194
0.933430515063 0.693251533742
0.933462846042 0.693612414291
0.933495145631 0.693973294839
0.933527413877 0.694334175388
0.933559650824 0.694695055936
0.93359185652 0.695055936485
0.933624031008 0.695416817034
0.933656174334 0.695777697582
0.933688286544 0.696138578131
0.933720367683 0.696499458679
0.933268858801 0.696499458679
0.93281778637 0.696499458679
0.932850241546 0.696860339228
0.932882665379 0.697221219776
0.932915057915 0.697582100325
0.932947419199 0.697942980873
0.932979749277 0.698303861422
0.933012048193 0.69866474197
0.933044315992 0.699025622519
0.93307655272 0.699386503067
0.933108758422 0.699747383616
0.933140933141 0.700108264165
0.933173076923 0.700469144713
0.933205189813 0.700830025262
0.933237271854 0.70119090581
0.933269323092 0.701551786359
0.93330134357 0.701912666907
0.933333333333 0.702273547456
0.933365292426 0.702634428004
0.933397220891 0.702995308553
0.933429118774 0.703356189101
0.933460986118 0.70371706965
0.933014354067 0.70371706965
0.933046389287 0.704077950198
0.933078393881 0.704438830747
0.932632584806 0.704438830747
0.932187201528 0.704438830747
0.931742243437 0.704438830747
0.93177480916 0.704799711296
0.931807343825 0.705160591844
0.931363203051 0.705160591844
0.931395902811 0.705521472393
0.931428571429 0.705882352941
0.931461208948 0.70624323349
0.931493815414 0.706604114038
0.93152639087 0.706964994587
0.931558935361 0.707325875135
0.931591448931 0.707686755684
0.931623931624 0.708047636232
0.931656383484 0.708408516781
0.931688804554 0.708769397329
0.93124703651 0.708769397329
0.931279620853 0.709130277878
0.931312174325 0.709491158427
0.93134469697 0.709852038975
0.931377188831 0.710212919524
0.931409649953 0.710573800072
0.931442080378 0.710934680621
0.931474480151 0.711295561169
0.931034482759 0.711295561169
0.931067044381 0.711656441718
0.931099575271 0.712017322266
0.931132075472 0.712378202815
0.931164545026 0.712739083363
0.931196983977 0.713099963912
0.931229392369 0.71346084446
0.931261770245 0.713821725009
0.931294117647 0.714182605558
0.931326434619 0.714543486106
0.931358721204 0.714904366655
0.930921052632 0.714904366655
0.930953499295 0.715265247203
0.930985915493 0.715626127752
0.931018301267 0.7159870083
0.93105065666 0.716347888849
0.931082981716 0.716708769397
0.931115276476 0.717069649946
0.931147540984 0.717430530494
0.931179775281 0.717791411043
0.93121197941 0.718152291591
0.931244153414 0.71851317214
0.931276297335 0.718874052689
0.931308411215 0.719234933237
0.931340495096 0.719595813786
0.93137254902 0.719956694334
0.931404573028 0.720317574883
0.931436567164 0.720678455431
0.931468531469 0.72103933598
0.931500465983 0.721400216528
0.93153237075 0.721761097077
0.93156424581 0.722121977625
0.931596091205 0.722482858174
0.931627906977 0.722843738722
0.931659693166 0.723204619271
0.931691449814 0.72356549982
0.931723176962 0.723926380368
0.931754874652 0.724287260917
0.931786542923 0.724648141465
0.931818181818 0.725009022014
0.931849791377 0.725369902562
0.93188137164 0.725730783111
0.931912922649 0.726091663659
0.931944444444 0.726452544208
0.931975937066 0.726813424756
0.932007400555 0.727174305305
0.932038834951 0.727535185853
0.932070240296 0.727896066402
0.932101616628 0.728256946951
0.932132963989 0.728617827499
0.932164282418 0.728978708048
0.931734317343 0.728978708048
0.931765790687 0.729339588596
0.931797235023 0.729700469145
0.931828650392 0.730061349693
0.931860036832 0.730422230242
0.931891394386 0.73078311079
0.931922723091 0.731143991339
0.931494252874 0.731143991339
0.931525735294 0.731504871887
0.931557188792 0.731865752436
0.931588613407 0.732226632984
0.931620009179 0.732587513533
0.93119266055 0.732587513533
0.931224209078 0.732948394082
0.931255728689 0.73330927463
0.931287219423 0.733670155179
0.931318681319 0.734031035727
0.931350114416 0.734391916276
0.931381518756 0.734752796824
0.931412894376 0.735113677373
0.931444241316 0.735474557921
0.931018730014 0.735474557921
0.931050228311 0.73583543847
0.931081697855 0.736196319018
0.931113138686 0.736557199567
0.931144550844 0.736918080115
0.931175934366 0.737278960664
0.931207289294 0.737639841213
0.931238615665 0.738000721761
0.930814747383 0.738000721761
0.930391264786 0.738000721761
0.929968167349 0.738000721761
0.929545454545 0.738000721761
0.929577464789 0.73836160231
0.929609445958 0.738722482858
0.929641398094 0.739083363407
0.929673321234 0.739444243955
0.92970521542 0.739805124504
0.929737080689 0.740166005052
0.929768917082 0.740526885601
0.929800724638 0.740887766149
0.929832503395 0.741248646698
0.929864253394 0.741609527246
0.929895974672 0.741970407795
0.929927667269 0.742331288344
0.929959331225 0.742692168892
0.929990966576 0.743053049441
0.930022573363 0.743413929989
0.930054151625 0.743774810538
0.930085701398 0.744135691086
0.930117222723 0.744496571635
0.930148715638 0.744857452183
0.92972972973 0.744857452183
0.929761368753 0.745218332732
0.929792979298 0.74557921328
0.929824561404 0.745940093829
0.929856115108 0.746300974377
0.929887640449 0.746661854926
0.929919137466 0.747022735475
0.929501571621 0.747022735475
0.929533213645 0.747383616023
0.929564827277 0.747744496572
0.929596412556 0.74810537712
0.929179740027 0.74810537712
0.929211469534 0.748466257669
0.929243170622 0.748827138217
0.928827215756 0.748827138217
0.928859060403 0.749188018766
0.928890876565 0.749548899314
0.928922664283 0.749909779863
0.928954423592 0.750270660411
0.928986154533 0.75063154096
0.929017857143 0.750992421508
0.929049531459 0.751353302057
0.92908117752 0.751714182606
0.929112795363 0.752075063154
0.928698752228 0.752075063154
0.928730512249 0.752435943703
0.928762243989 0.752796824251
0.928348909657 0.752796824251
0.928380782918 0.7531577048
0.928412627835 0.753518585348
0.928444444444 0.753879465897
0.928476232785 0.754240346445
0.928063943162 0.754240346445
0.92809587217 0.754601226994
0.927684117125 0.754601226994
0.927272727273 0.754601226994
0.927304964539 0.754962107542
0.927337173239 0.755322988091
0.926926483614 0.755322988091
0.926958831341 0.755683868639
0.926991150442 0.756044749188
0.927023440955 0.756405629737
0.927055702918 0.756766510285
0.927087936368 0.757127390834
0.92667844523 0.757127390834
0.926710816777 0.757488271382
0.926743159753 0.757849151931
0.926775474195 0.758210032479
0.926807760141 0.758570913028
0.926840017629 0.758931793576
0.926872246696 0.759292674125
0.92690444738 0.759653554673
0.926496478873 0.759653554673
0.926528816542 0.760014435222
0.926121372032 0.760014435222
0.926153846154 0.76037531577
0.92618629174 0.760736196319
0.925779534475 0.760736196319
0.925373134328 0.760736196319
0.924967090829 0.760736196319
0.925 0.761097076868
0.925032880316 0.761457957416
0.925065731814 0.761818837965
0.925098554534 0.762179718513
0.925131348511 0.762540599062
0.924726477024 0.762540599062
0.924321959755 0.762540599062
0.924355050284 0.76290147961
0.923951048951 0.76290147961
0.923984272608 0.763262360159
0.924017467249 0.763623240707
0.923614142296 0.763623240707
0.923647469459 0.763984121256
0.923244657654 0.763984121256
0.923278116827 0.764345001804
0.923311546841 0.764705882353
0.923344947735 0.765066762901
0.923378319547 0.76542764345
0.923411662315 0.765788523999
0.92301000435 0.765788523999
0.922608695652 0.765788523999
0.922207735767 0.765788523999
0.92180712424 0.765788523999
0.921841076856 0.766149404547
0.921440972222 0.766149404547
0.921041214751 0.766149404547
0.921075455334 0.766510285096
0.921109666233 0.766871165644
0.920710571924 0.766871165644
0.920744911217 0.767232046193
0.920779220779 0.767592926741
0.920813500649 0.76795380729
0.920847750865 0.768314687838
0.920881971466 0.768675568387
0.920916162489 0.769036448935
0.920518358531 0.769036448935
0.920552677029 0.769397329484
0.920586965904 0.769758210032
0.920621225194 0.770119090581
0.920655454937 0.77047997113
0.92025862069 0.77047997113
0.920292977165 0.770840851678
0.920327304048 0.771201732227
0.920361601378 0.771562612775
0.919965576592 0.771562612775
0.919569892473 0.771562612775
0.919174548581 0.771562612775
0.919209282338 0.771923493324
0.919243986254 0.772284373872
0.918849291541 0.772284373872
0.918884120172 0.772645254421
0.91848991849 0.772645254421
0.918524871355 0.773006134969
0.918559794256 0.773367015518
0.918166238218 0.773367015518
0.918201284797 0.773727896066
0.91823630137 0.774088776615
0.91784338896 0.774088776615
0.91745081266 0.774088776615
0.917058572039 0.774088776615
0.916666666667 0.774088776615
0.916275096113 0.774088776615
0.916310845431 0.774449657163
0.916346564234 0.774810537712
0.915955631399 0.774810537712
0.915991471215 0.775171418261
0.915601023018 0.775171418261
0.915210907542 0.775171418261
0.915247018739 0.775532298809
0.915283099191 0.775893179358
0.914893617021 0.775893179358
0.914929817099 0.776254059906
0.914965986395 0.776614940455
0.915002124947 0.776975821003
0.915038232795 0.777336701552
0.915074309979 0.7776975821
0.915110356537 0.778058462649
0.91472210437 0.778058462649
0.91475826972 0.778419343197
0.914794404409 0.778780223746
0.914406779661 0.778780223746
0.914443032613 0.779141104294
0.914479254869 0.779501984843
0.914092255607 0.779501984843
0.914128595601 0.779862865392
0.914164904863 0.78022374594
0.913778529163 0.78022374594
0.91381495564 0.780584626489
0.913851351351 0.780945507037
0.913465597298 0.780945507037
0.913080168776 0.780945507037
0.913116828342 0.781306387586
0.913153456998 0.781667268134
0.913190054783 0.782028148683
0.912805391744 0.782028148683
0.912421052632 0.782028148683
0.912457912458 0.782389029231
0.912074042911 0.782389029231
0.911690496215 0.782389029231
0.911727616646 0.78274990978
0.911344537815 0.78274990978
0.911381772365 0.783110790328
0.911418975651 0.783471670877
0.911456147713 0.783832551425
0.911493288591 0.784193431974
0.911530398323 0.784554312523
0.911567476949 0.784915193071
0.911185588605 0.784915193071
0.91122278057 0.78527607362
0.911259941398 0.785636954168
0.91129707113 0.785997834717
0.910915934755 0.785997834717
0.910535117057 0.785997834717
0.910572503134 0.786358715265
0.910609857978 0.786719595814
0.910647181628 0.787080476362
0.910267111853 0.787080476362
0.910304547351 0.787441356911
0.910341951626 0.787802237459
0.910379324719 0.788163118008
0.910416666667 0.788523998556
0.910453977509 0.788884879105
0.910491257286 0.789245759654
0.910528506034 0.789606640202
0.910565723794 0.789967520751
0.910602910603 0.790328401299
0.9106400665 0.790689281848
0.910677191525 0.791050162396
0.910299003322 0.791050162396
0.909921129099 0.791050162396
0.909958506224 0.791411042945
0.909581086686 0.791411042945
0.909618573798 0.791771923493
0.909656029838 0.792132804042
0.90927920464 0.792132804042
0.909316770186 0.79249368459
0.908940397351 0.79249368459
0.908564335954 0.79249368459
