1.0 0.000360880548538
0.5 0.000360880548538
0.666666666667 0.000721761097077
0.75 0.00108264164562
0.8 0.00144352219415
0.833333333333 0.00180440274269
0.857142857143 0.00216528329123
0.875 0.00252616383977
0.888888888889 0.00288704438831
0.9 0.00324792493685
0.909090909091 0.00360880548538
0.916666666667 0.00396968603392
0.923076923077 0.00433056658246
0.928571428571 0.004691447131
0.933333333333 0.00505232767954
0.875 0.00505232767954
0.882352941176 0.00541320822808
0.888888888889 0.00577408877661
0.894736842105 0.00613496932515
0.9 0.00649584987369
0.904761904762 0.00685673042223
0.909090909091 0.00721761097077
0.913043478261 0.00757849151931
0.916666666667 0.00793937206785
0.92 0.00830025261638
0.923076923077 0.00866113316492
0.925925925926 0.00902201371346
0.928571428571 0.009382894262
0.931034482759 0.00974377481054
0.933333333333 0.0101046553591
0.935483870968 0.0104655359076
0.9375 0.0108264164562
0.939393939394 0.0111872970047
0.941176470588 0.0115481775532
0.942857142857 0.0119090581018
0.944444444444 0.0122699386503
0.945945945946 0.0126308191988
0.947368421053 0.0129916997474
0.948717948718 0.0133525802959
0.95 0.0137134608445
0.951219512195 0.014074341393
0.952380952381 0.0144352219415
0.953488372093 0.0147961024901
0.954545454545 0.0151569830386
0.955555555556 0.0155178635872
0.95652173913 0.0158787441357
0.957446808511 0.0162396246842
0.958333333333 0.0166005052328
0.959183673469 0.0169613857813
0.96 0.0173222663298
0.960784313725 0.0176831468784
0.961538461538 0.0180440274269
0.962264150943 0.0184049079755
0.962962962963 0.018765788524
0.963636363636 0.0191266690725
0.964285714286 0.0194875496211
0.964912280702 0.0198484301696
0.965517241379 0.0202093107182
0.966101694915 0.0205701912667
0.966666666667 0.0209310718152
0.950819672131 0.0209310718152
0.951612903226 0.0212919523638
0.952380952381 0.0216528329123
0.953125 0.0220137134608
0.953846153846 0.0223745940094
0.954545454545 0.0227354745579
0.940298507463 0.0227354745579
0.941176470588 0.0230963551065
0.942028985507 0.023457235655
0.942857142857 0.0238181162035
0.943661971831 0.0241789967521
0.944444444444 0.0245398773006
0.945205479452 0.0249007578492
0.945945945946 0.0252616383977
0.946666666667 0.0256225189462
0.947368421053 0.0259833994948
0.948051948052 0.0263442800433
0.948717948718 0.0267051605918
0.949367088608 0.0270660411404
0.95 0.0274269216889
0.950617283951 0.0277878022375
0.939024390244 0.0277878022375
0.927710843373 0.0277878022375
0.928571428571 0.028148682786
0.929411764706 0.0285095633345
0.93023255814 0.0288704438831
0.931034482759 0.0292313244316
0.931818181818 0.0295922049802
0.932584269663 0.0299530855287
0.933333333333 0.0303139660772
0.934065934066 0.0306748466258
0.934782608696 0.0310357271743
0.935483870968 0.0313966077228
0.936170212766 0.0317574882714
0.936842105263 0.0321183688199
0.9375 0.0324792493685
0.938144329897 0.032840129917
0.938775510204 0.0332010104655
0.939393939394 0.0335618910141
0.94 0.0339227715626
0.940594059406 0.0342836521112
0.941176470588 0.0346445326597
0.941747572816 0.0350054132082
0.942307692308 0.0353662937568
0.942857142857 0.0357271743053
0.943396226415 0.0360880548538
0.943925233645 0.0364489354024
0.944444444444 0.0368098159509
0.94495412844 0.0371706964995
0.945454545455 0.037531577048
0.945945945946 0.0378924575965
0.946428571429 0.0382533381451
0.946902654867 0.0386142186936
0.947368421053 0.0389750992422
0.947826086957 0.0393359797907
0.948275862069 0.0396968603392
0.948717948718 0.0400577408878
0.940677966102 0.0400577408878
0.941176470588 0.0404186214363
0.941666666667 0.0407795019848
0.942148760331 0.0411403825334
0.94262295082 0.0415012630819
0.943089430894 0.0418621436305
0.943548387097 0.042223024179
0.944 0.0425839047275
0.944444444444 0.0429447852761
0.944881889764 0.0433056658246
0.9453125 0.0436665463732
0.945736434109 0.0440274269217
0.946153846154 0.0443883074702
0.946564885496 0.0447491880188
0.94696969697 0.0451100685673
0.947368421053 0.0454709491158
0.94776119403 0.0458318296644
0.948148148148 0.0461927102129
0.948529411765 0.0465535907615
0.948905109489 0.04691447131
0.949275362319 0.0472753518585
0.94964028777 0.0476362324071
0.95 0.0479971129556
0.950354609929 0.0483579935042
0.950704225352 0.0487188740527
0.951048951049 0.0490797546012
0.951388888889 0.0494406351498
0.951724137931 0.0498015156983
0.945205479452 0.0498015156983
0.945578231293 0.0501623962468
0.945945945946 0.0505232767954
0.946308724832 0.0508841573439
0.946666666667 0.0512450378925
0.94701986755 0.051605918441
0.947368421053 0.0519667989895
0.947712418301 0.0523276795381
0.948051948052 0.0526885600866
0.948387096774 0.0530494406351
0.948717948718 0.0534103211837
0.949044585987 0.0537712017322
0.949367088608 0.0541320822808
0.949685534591 0.0544929628293
0.95 0.0548538433778
0.950310559006 0.0552147239264
0.950617283951 0.0555756044749
0.950920245399 0.0559364850235
0.951219512195 0.056297365572
0.951515151515 0.0566582461205
0.951807228916 0.0570191266691
0.952095808383 0.0573800072176
0.952380952381 0.0577408877661
0.952662721893 0.0581017683147
0.952941176471 0.0584626488632
0.953216374269 0.0588235294118
0.953488372093 0.0591844099603
0.953757225434 0.0595452905088
0.954022988506 0.0599061710574
0.954285714286 0.0602670516059
0.954545454545 0.0606279321545
0.954802259887 0.060988812703
0.955056179775 0.0613496932515
0.95530726257 0.0617105738001
0.955555555556 0.0620714543486
0.955801104972 0.0624323348971
0.956043956044 0.0627932154457
0.956284153005 0.0631540959942
0.95652173913 0.0635149765428
0.956756756757 0.0638758570913
0.956989247312 0.0642367376398
0.957219251337 0.0645976181884
0.957446808511 0.0649584987369
0.957671957672 0.0653193792855
0.957894736842 0.065680259834
0.958115183246 0.0660411403825
0.958333333333 0.0664020209311
0.958549222798 0.0667629014796
0.958762886598 0.0671237820281
0.958974358974 0.0674846625767
0.959183673469 0.0678455431252
0.959390862944 0.0682064236738
0.959595959596 0.0685673042223
0.959798994975 0.0689281847708
0.96 0.0692890653194
0.960199004975 0.0696499458679
0.960396039604 0.0700108264165
0.960591133005 0.070371706965
0.960784313725 0.0707325875135
0.960975609756 0.0710934680621
0.961165048544 0.0714543486106
0.961352657005 0.0718152291591
0.956730769231 0.0718152291591
0.956937799043 0.0721761097077
0.957142857143 0.0725369902562
0.957345971564 0.0728978708048
0.957547169811 0.0732587513533
0.957746478873 0.0736196319018
0.957943925234 0.0739805124504
0.958139534884 0.0743413929989
0.958333333333 0.0747022735475
0.958525345622 0.075063154096
0.95871559633 0.0754240346445
0.958904109589 0.0757849151931
0.959090909091 0.0761457957416
0.9592760181 0.0765066762901
0.959459459459 0.0768675568387
0.959641255605 0.0772284373872
0.959821428571 0.0775893179358
0.96 0.0779501984843
0.96017699115 0.0783110790328
0.960352422907 0.0786719595814
0.960526315789 0.0790328401299
0.960698689956 0.0793937206785
0.960869565217 0.079754601227
0.961038961039 0.0801154817755
0.961206896552 0.0804763623241
0.961373390558 0.0808372428726
0.961538461538 0.0811981234211
0.96170212766 0.0815590039697
0.96186440678 0.0819198845182
0.962025316456 0.0822807650668
0.96218487395 0.0826416456153
0.962343096234 0.0830025261638
0.9625 0.0833634067124
0.96265560166 0.0837242872609
0.962809917355 0.0840851678095
0.962962962963 0.084446048358
0.963114754098 0.0848069289065
0.963265306122 0.0851678094551
0.963414634146 0.0855286900036
0.963562753036 0.0858895705521
0.963709677419 0.0862504511007
0.963855421687 0.0866113316492
0.964 0.0869722121978
0.964143426295 0.0873330927463
0.964285714286 0.0876939732948
0.96442687747 0.0880548538434
0.964566929134 0.0884157343919
0.964705882353 0.0887766149405
0.96484375 0.089137495489
0.964980544747 0.0894983760375
0.96511627907 0.0898592565861
0.965250965251 0.0902201371346
0.965384615385 0.0905810176831
0.965517241379 0.0909418982317
0.965648854962 0.0913027787802
0.965779467681 0.0916636593288
0.965909090909 0.0920245398773
0.966037735849 0.0923854204258
0.966165413534 0.0927463009744
0.966292134831 0.0931071815229
0.966417910448 0.0934680620715
0.966542750929 0.09382894262
0.966666666667 0.0941898231685
0.966789667897 0.0945507037171
0.966911764706 0.0949115842656
0.967032967033 0.0952724648141
0.967153284672 0.0956333453627
0.967272727273 0.0959942259112
0.967391304348 0.0963551064598
0.967509025271 0.0967159870083
0.967625899281 0.0970768675568
0.967741935484 0.0974377481054
0.967857142857 0.0977986286539
0.967971530249 0.0981595092025
0.968085106383 0.098520389751
0.968197879859 0.0988812702995
0.968309859155 0.0992421508481
0.968421052632 0.0996030313966
0.968531468531 0.0999639119451
0.968641114983 0.100324792494
0.96875 0.100685673042
0.968858131488 0.101046553591
0.965517241379 0.101046553591
0.965635738832 0.101407434139
0.965753424658 0.101768314688
0.965870307167 0.102129195236
0.965986394558 0.102490075785
0.966101694915 0.102850956333
0.966216216216 0.103211836882
0.96632996633 0.103572717431
0.96644295302 0.103933597979
0.966555183946 0.104294478528
0.966666666667 0.104655359076
0.966777408638 0.105016239625
0.966887417219 0.105377120173
0.96699669967 0.105738000722
0.967105263158 0.10609888127
0.967213114754 0.106459761819
0.967320261438 0.106820642367
0.967426710098 0.107181522916
0.967532467532 0.107542403464
0.967637540453 0.107903284013
0.967741935484 0.108264164562
0.967845659164 0.10862504511
0.967948717949 0.108985925659
0.968051118211 0.109346806207
0.968152866242 0.109707686756
0.968253968254 0.110068567304
0.96835443038 0.110429447853
0.968454258675 0.110790328401
0.968553459119 0.11115120895
0.968652037618 0.111512089498
0.96875 0.111872970047
0.968847352025 0.112233850595
0.968944099379 0.112594731144
0.969040247678 0.112955611693
0.969135802469 0.113316492241
0.969230769231 0.11367737279
0.969325153374 0.114038253338
0.969418960245 0.114399133887
0.969512195122 0.114760014435
0.969604863222 0.115120894984
0.969696969697 0.115481775532
0.966767371601 0.115481775532
0.96686746988 0.115842656081
0.966966966967 0.116203536629
0.967065868263 0.116564417178
0.967164179104 0.116925297726
0.967261904762 0.117286178275
0.967359050445 0.117647058824
0.967455621302 0.118007939372
0.967551622419 0.118368819921
0.967647058824 0.118729700469
0.967741935484 0.119090581018
0.964912280702 0.119090581018
0.965014577259 0.119451461566
0.96511627907 0.119812342115
0.965217391304 0.120173222663
0.965317919075 0.120534103212
0.965417867435 0.12089498376
0.965517241379 0.121255864309
0.965616045845 0.121616744857
0.965714285714 0.121977625406
0.965811965812 0.122338505955
0.965909090909 0.122699386503
0.966005665722 0.123060267052
0.966101694915 0.1234211476
0.966197183099 0.123782028149
0.966292134831 0.124142908697
0.966386554622 0.124503789246
0.966480446927 0.124864669794
0.966573816156 0.125225550343
0.966666666667 0.125586430891
0.96675900277 0.12594731144
0.966850828729 0.126308191988
0.96694214876 0.126669072537
0.967032967033 0.127029953086
0.967123287671 0.127390833634
0.967213114754 0.127751714183
0.967302452316 0.128112594731
0.967391304348 0.12847347528
0.967479674797 0.128834355828
0.967567567568 0.129195236377
0.967654986523 0.129556116925
0.965053763441 0.129556116925
0.965147453083 0.129916997474
0.965240641711 0.130277878022
0.965333333333 0.130638758571
0.965425531915 0.130999639119
0.965517241379 0.131360519668
0.965608465608 0.131721400217
0.965699208443 0.132082280765
0.965789473684 0.132443161314
0.965879265092 0.132804041862
0.965968586387 0.133164922411
0.966057441253 0.133525802959
0.966145833333 0.133886683508
0.966233766234 0.134247564056
0.966321243523 0.134608444605
0.966408268734 0.134969325153
0.966494845361 0.135330205702
0.966580976864 0.13569108625
0.966666666667 0.136051966799
0.964194373402 0.136051966799
0.964285714286 0.136412847348
0.964376590331 0.136773727896
0.964467005076 0.137134608445
0.964556962025 0.137495488993
0.964646464646 0.137856369542
0.964735516373 0.13821725009
0.964824120603 0.138578130639
0.964912280702 0.138939011187
0.965 0.139299891736
0.965087281796 0.139660772284
0.965174129353 0.140021652833
0.965260545906 0.140382533381
0.965346534653 0.14074341393
0.965432098765 0.141104294479
0.965517241379 0.141465175027
0.965601965602 0.141826055576
0.96568627451 0.142186936124
0.965770171149 0.142547816673
0.965853658537 0.142908697221
0.965936739659 0.14326957777
0.966019417476 0.143630458318
0.966101694915 0.143991338867
0.966183574879 0.144352219415
0.966265060241 0.144713099964
0.966346153846 0.145073980512
0.966426858513 0.145434861061
0.966507177033 0.14579574161
0.966587112172 0.146156622158
0.966666666667 0.146517502707
0.96674584323 0.146878383255
0.964454976303 0.146878383255
0.962174940898 0.146878383255
0.962264150943 0.147239263804
0.962352941176 0.147600144352
0.962441314554 0.147961024901
0.962529274005 0.148321905449
0.96261682243 0.148682785998
0.962703962704 0.149043666546
0.962790697674 0.149404547095
0.962877030162 0.149765427643
0.962962962963 0.150126308192
0.963048498845 0.150487188741
0.963133640553 0.150848069289
0.963218390805 0.151208949838
0.963302752294 0.151569830386
0.963386727689 0.151930710935
0.963470319635 0.152291591483
0.963553530752 0.152652472032
0.963636363636 0.15301335258
0.963718820862 0.153374233129
0.963800904977 0.153735113677
0.96388261851 0.154095994226
0.963963963964 0.154456874774
0.96404494382 0.154817755323
0.964125560538 0.155178635872
0.964205816555 0.15553951642
0.964285714286 0.155900396969
0.964365256125 0.156261277517
0.964444444444 0.156622158066
0.964523281596 0.156983038614
0.964601769912 0.157343919163
0.9646799117 0.157704799711
0.964757709251 0.15806568026
0.964835164835 0.158426560808
0.964912280702 0.158787441357
0.964989059081 0.159148321905
0.965065502183 0.159509202454
0.9651416122 0.159870083003
0.965217391304 0.160230963551
0.965292841649 0.1605918441
0.965367965368 0.160952724648
0.965442764579 0.161313605197
0.965517241379 0.161674485745
0.965591397849 0.162035366294
0.965665236052 0.162396246842
0.96573875803 0.162757127391
0.965811965812 0.163118007939
0.965884861407 0.163478888488
0.965957446809 0.163839769036
0.966029723992 0.164200649585
0.966101694915 0.164561530134
0.964059196617 0.164561530134
0.964135021097 0.164922410682
0.964210526316 0.165283291231
0.964285714286 0.165644171779
0.964360587002 0.166005052328
0.964435146444 0.166365932876
0.964509394572 0.166726813425
0.964583333333 0.167087693973
0.964656964657 0.167448574522
0.964730290456 0.16780945507
0.964803312629 0.168170335619
0.964876033058 0.168531216167
0.964948453608 0.168892096716
0.965020576132 0.169252977265
0.965092402464 0.169613857813
0.965163934426 0.169974738362
0.965235173824 0.17033561891
0.965306122449 0.170696499459
0.965376782077 0.171057380007
0.965447154472 0.171418260556
0.965517241379 0.171779141104
0.965587044534 0.172140021653
0.965656565657 0.172500902201
0.965725806452 0.17286178275
0.965794768612 0.173222663298
0.963855421687 0.173222663298
0.963927855711 0.173583543847
0.964 0.173944424396
0.964071856287 0.174305304944
0.964143426295 0.174666185493
0.96421471173 0.175027066041
0.964285714286 0.17538794659
0.964356435644 0.175748827138
0.96442687747 0.176109707687
0.96449704142 0.176470588235
0.964566929134 0.176831468784
0.96463654224 0.177192349332
0.964705882353 0.177553229881
0.964774951076 0.177914110429
0.96484375 0.178274990978
0.964912280702 0.178635871527
0.964980544747 0.178996752075
0.965048543689 0.179357632624
0.96511627907 0.179718513172
0.965183752418 0.180079393721
0.965250965251 0.180440274269
0.965317919075 0.180801154818
0.965384615385 0.181162035366
0.965451055662 0.181522915915
0.965517241379 0.181883796463
0.965583173996 0.182244677012
0.965648854962 0.18260555756
0.965714285714 0.182966438109
0.965779467681 0.183327318658
0.965844402277 0.183688199206
0.965909090909 0.184049079755
0.965973534972 0.184409960303
0.966037735849 0.184770840852
0.966101694915 0.1851317214
0.966165413534 0.185492601949
0.966228893058 0.185853482497
0.966292134831 0.186214363046
0.966355140187 0.186575243594
0.966417910448 0.186936124143
0.966480446927 0.187297004691
0.96468401487 0.187297004691
0.964749536178 0.18765788524
0.964814814815 0.188018765789
0.964879852126 0.188379646337
0.964944649446 0.188740526886
0.965009208103 0.189101407434
0.965073529412 0.189462287983
0.965137614679 0.189823168531
0.965201465201 0.19018404908
0.965265082267 0.190544929628
0.965328467153 0.190905810177
0.965391621129 0.191266690725
0.965454545455 0.191627571274
0.965517241379 0.191988451822
0.965579710145 0.192349332371
0.965641952984 0.19271021292
0.965703971119 0.193071093468
0.965765765766 0.193431974017
0.965827338129 0.193792854565
0.965888689408 0.194153735114
0.965949820789 0.194514615662
0.966010733453 0.194875496211
0.966071428571 0.195236376759
0.966131907308 0.195597257308
0.966192170819 0.195958137856
0.966252220249 0.196319018405
0.964539007092 0.196319018405
0.962831858407 0.196319018405
0.962897526502 0.196679898953
0.962962962963 0.197040779502
0.963028169014 0.197401660051
0.96309314587 0.197762540599
0.961403508772 0.197762540599
0.959719789842 0.197762540599
0.95979020979 0.198123421148
0.959860383944 0.198484301696
0.959930313589 0.198845182245
0.96 0.199206062793
0.960069444444 0.199566943342
0.96013864818 0.19992782389
0.960207612457 0.200288704439
0.960276338515 0.200649584987
0.960344827586 0.201010465536
0.960413080895 0.201371346084
0.960481099656 0.201732226633
0.960548885077 0.202093107182
0.960616438356 0.20245398773
0.960683760684 0.202814868279
0.960750853242 0.203175748827
0.960817717206 0.203536629376
0.960884353741 0.203897509924
0.960950764007 0.204258390473
0.961016949153 0.204619271021
0.961082910321 0.20498015157
0.961148648649 0.205341032118
0.961214165261 0.205701912667
0.961279461279 0.206062793215
0.961344537815 0.206423673764
0.959731543624 0.206423673764
0.959798994975 0.206784554313
0.959866220736 0.207145434861
0.959933222037 0.20750631541
0.96 0.207867195958
0.96006655574 0.208228076507
0.960132890365 0.208588957055
0.960199004975 0.208949837604
0.960264900662 0.209310718152
0.95867768595 0.209310718152
0.958745874587 0.209671598701
0.95881383855 0.210032479249
0.958881578947 0.210393359798
0.95894909688 0.210754240346
0.95737704918 0.210754240346
0.957446808511 0.211115120895
0.957516339869 0.211476001444
0.957585644372 0.211836881992
0.957654723127 0.212197762541
0.957723577236 0.212558643089
0.957792207792 0.212919523638
0.957860615883 0.213280404186
0.957928802589 0.213641284735
0.957996768982 0.214002165283
0.958064516129 0.214363045832
0.958132045089 0.21472392638
0.958199356913 0.215084806929
0.958266452648 0.215445687477
0.958333333333 0.215806568026
0.9584 0.216167448575
0.958466453674 0.216528329123
0.958532695375 0.216889209672
0.958598726115 0.21725009022
0.9586645469 0.217610970769
0.95873015873 0.217971851317
0.958795562599 0.218332731866
0.958860759494 0.218693612414
0.958925750395 0.219054492963
0.958990536278 0.219415373511
0.957480314961 0.219415373511
0.957547169811 0.21977625406
0.957613814757 0.220137134608
0.957680250784 0.220498015157
0.957746478873 0.220858895706
0.9578125 0.221219776254
0.957878315133 0.221580656803
0.957943925234 0.221941537351
0.95800933126 0.2223024179
0.958074534161 0.222663298448
0.958139534884 0.223024178997
0.958204334365 0.223385059545
0.958268933539 0.223745940094
0.956790123457 0.223745940094
0.956856702619 0.224106820642
0.956923076923 0.224467701191
0.956989247312 0.224828581739
0.957055214724 0.225189462288
0.957120980092 0.225550342837
0.957186544343 0.225911223385
0.957251908397 0.226272103934
0.957317073171 0.226632984482
0.957382039574 0.226993865031
0.957446808511 0.227354745579
0.95751138088 0.227715626128
0.957575757576 0.228076506676
0.957639939486 0.228437387225
0.957703927492 0.228798267773
0.957767722474 0.229159148322
0.957831325301 0.22952002887
0.957894736842 0.229880909419
0.957957957958 0.230241789968
0.958020989505 0.230602670516
0.958083832335 0.230963551065
0.958146487294 0.231324431613
0.958208955224 0.231685312162
0.95827123696 0.23204619271
0.958333333333 0.232407073259
0.958395245171 0.232767953807
0.958456973294 0.233128834356
0.958518518519 0.233489714904
0.958579881657 0.233850595453
0.958641063516 0.234211476001
0.958702064897 0.23457235655
0.958762886598 0.234933237099
0.958823529412 0.235294117647
0.958883994126 0.235654998196
0.958944281525 0.236015878744
0.959004392387 0.236376759293
0.959064327485 0.236737639841
0.959124087591 0.23709852039
0.959183673469 0.237459400938
0.959243085881 0.237820281487
0.959302325581 0.238181162035
0.959361393324 0.238542042584
0.959420289855 0.238902923132
0.959479015919 0.239263803681
0.959537572254 0.23962468423
0.959595959596 0.239985564778
0.959654178674 0.240346445327
0.959712230216 0.240707325875
0.959770114943 0.241068206424
0.959827833572 0.241429086972
0.959885386819 0.241789967521
0.959942775393 0.242150848069
0.96 0.242511728618
0.960057061341 0.242872609166
0.960113960114 0.243233489715
0.960170697013 0.243594370263
0.960227272727 0.243955250812
0.960283687943 0.244316131361
0.960339943343 0.244677011909
0.960396039604 0.245037892458
0.960451977401 0.245398773006
0.960507757405 0.245759653555
0.960563380282 0.246120534103
0.960618846695 0.246481414652
0.960674157303 0.2468422952
0.959326788219 0.2468422952
0.957983193277 0.2468422952
0.958041958042 0.247203175749
0.958100558659 0.247564056297
0.958158995816 0.247924936846
0.958217270195 0.248285817394
0.958275382476 0.248646697943
0.958333333333 0.249007578492
0.95839112344 0.24936845904
0.958448753463 0.249729339589
0.958506224066 0.250090220137
0.958563535912 0.250451100686
0.95724137931 0.250451100686
0.955922865014 0.250451100686
0.95598349381 0.250811981234
0.956043956044 0.251172861783
0.956104252401 0.251533742331
0.956164383562 0.25189462288
0.956224350205 0.252255503428
0.956284153005 0.252616383977
0.956343792633 0.252977264525
0.956403269755 0.253338145074
0.956462585034 0.253699025623
0.95652173913 0.254059906171
0.9565807327 0.25442078672
0.956639566396 0.254781667268
0.956698240866 0.255142547817
0.956756756757 0.255503428365
0.95681511471 0.255864308914
0.956873315364 0.256225189462
0.956931359354 0.256586070011
0.956989247312 0.256946950559
0.957046979866 0.257307831108
0.957104557641 0.257668711656
0.957161981258 0.258029592205
0.957219251337 0.258390472754
0.955941255007 0.258390472754
0.956 0.258751353302
0.956058588549 0.259112233851
0.956117021277 0.259473114399
0.956175298805 0.259833994948
0.956233421751 0.260194875496
0.956291390728 0.260555756045
0.956349206349 0.260916636593
0.956406869221 0.261277517142
0.956464379947 0.26163839769
0.95652173913 0.261999278239
0.956578947368 0.262360158787
0.956636005256 0.262721039336
0.956692913386 0.263081919885
0.956749672346 0.263442800433
0.956806282723 0.263803680982
0.956862745098 0.26416456153
0.956919060052 0.264525442079
0.956975228162 0.264886322627
0.95703125 0.265247203176
0.957087126138 0.265608083724
0.957142857143 0.265968964273
0.95719844358 0.266329844821
0.95725388601 0.26669072537
0.957309184994 0.267051605918
0.957364341085 0.267412486467
0.957419354839 0.267773367016
0.957474226804 0.268134247564
0.957528957529 0.268495128113
0.957583547558 0.268856008661
0.957637997433 0.26921688921
0.957692307692 0.269577769758
0.957746478873 0.269938650307
0.957800511509 0.270299530855
0.95785440613 0.270660411404
0.957908163265 0.271021291952
0.957961783439 0.271382172501
0.958015267176 0.271743053049
0.958068614994 0.272103933598
0.958121827411 0.272464814147
0.958174904943 0.272825694695
0.958227848101 0.273186575244
0.958280657396 0.273547455792
0.958333333333 0.273908336341
0.958385876419 0.274269216889
0.958438287154 0.274630097438
0.958490566038 0.274990977986
0.958542713568 0.275351858535
0.957340025094 0.275351858535
0.957393483709 0.275712739083
0.957446808511 0.276073619632
0.9575 0.27643450018
0.957553058677 0.276795380729
0.957605985037 0.277156261278
0.957658779577 0.277517141826
0.957711442786 0.277878022375
0.957763975155 0.278238902923
0.957816377171 0.278599783472
0.956629491945 0.278599783472
0.956683168317 0.27896066402
0.95673671199 0.279321544569
0.956790123457 0.279682425117
0.956843403206 0.280043305666
0.956896551724 0.280404186214
0.956949569496 0.280765066763
0.957002457002 0.281125947311
0.957055214724 0.28148682786
0.957107843137 0.281847708409
0.957160342717 0.282208588957
0.957212713936 0.282569469506
0.957264957265 0.282930350054
0.957317073171 0.283291230603
0.957369062119 0.283652111151
0.957420924574 0.2840129917
0.957472660996 0.284373872248
0.957524271845 0.284734752797
0.957575757576 0.285095633345
0.957627118644 0.285456513894
0.957678355502 0.285817394442
0.957729468599 0.286178274991
0.957780458384 0.28653915554
0.957831325301 0.286900036088
0.957882069795 0.287260916637
0.957932692308 0.287621797185
0.957983193277 0.287982677734
0.958033573141 0.288343558282
0.958083832335 0.288704438831
0.958133971292 0.289065319379
0.958183990442 0.289426199928
0.958233890215 0.289787080476
0.958283671037 0.290147961025
0.958333333333 0.290508841573
0.958382877527 0.290869722122
0.958432304038 0.291230602671
0.958481613286 0.291591483219
0.958530805687 0.291952363768
0.958579881657 0.292313244316
0.958628841608 0.292674124865
0.95867768595 0.293035005413
0.958726415094 0.293395885962
0.957597173145 0.293395885962
0.956470588235 0.293395885962
0.95652173913 0.29375676651
0.956572769953 0.294117647059
0.956623681125 0.294478527607
0.956674473068 0.294839408156
0.956725146199 0.295200288704
0.956775700935 0.295561169253
0.95682613769 0.295922049802
0.956876456876 0.29628293035
0.956926658906 0.296643810899
0.956976744186 0.297004691447
0.957026713124 0.297365571996
0.957076566125 0.297726452544
0.957126303592 0.298087333093
0.957175925926 0.298448213641
0.957225433526 0.29880909419
0.95727482679 0.299169974738
0.957324106113 0.299530855287
0.957373271889 0.299891735835
0.957422324511 0.300252616384
0.957471264368 0.300613496933
0.957520091848 0.300974377481
0.957568807339 0.30133525803
0.957617411226 0.301696138578
0.95766590389 0.302057019127
0.957714285714 0.302417899675
0.957762557078 0.302778780224
0.957810718358 0.303139660772
0.957858769932 0.303500541321
0.957906712173 0.303861421869
0.957954545455 0.304222302418
0.958002270148 0.304583182966
0.958049886621 0.304944063515
0.958097395243 0.305304944064
0.95814479638 0.305665824612
0.958192090395 0.306026705161
0.958239277652 0.306387585709
0.958286358512 0.306748466258
0.958333333333 0.307109346806
0.958380202475 0.307470227355
0.958426966292 0.307831107903
0.95847362514 0.308191988452
0.958520179372 0.308552869
0.958566629339 0.308913749549
0.958612975391 0.309274630097
0.958659217877 0.309635510646
0.958705357143 0.309996391195
0.958751393534 0.310357271743
0.958797327394 0.310718152292
0.957730812013 0.310718152292
0.957777777778 0.31107903284
0.95782463929 0.311439913389
0.957871396896 0.311800793937
0.957918050941 0.312161674486
0.95796460177 0.312522555034
0.958011049724 0.312883435583
0.958057395143 0.313244316131
0.958103638368 0.31360519668
0.958149779736 0.313966077228
0.958195819582 0.314326957777
0.958241758242 0.314687838326
0.958287596048 0.315048718874
0.958333333333 0.315409599423
0.958378970427 0.315770479971
0.958424507659 0.31613136052
0.958469945355 0.316492241068
0.958515283843 0.316853121617
0.958560523446 0.317214002165
0.958605664488 0.317574882714
0.958650707291 0.317935763262
0.958695652174 0.318296643811
0.958740499457 0.318657524359
0.958785249458 0.319018404908
0.958829902492 0.319379285457
0.958874458874 0.319740166005
0.958918918919 0.320101046554
0.958963282937 0.320461927102
0.959007551241 0.320822807651
0.959051724138 0.321183688199
0.959095801938 0.321544568748
0.959139784946 0.321905449296
0.959183673469 0.322266329845
0.959227467811 0.322627210393
0.959271168274 0.322988090942
0.959314775161 0.32334897149
0.95935828877 0.323709852039
0.959401709402 0.324070732588
0.959445037353 0.324431613136
0.959488272921 0.324792493685
0.9595314164 0.325153374233
0.959574468085 0.325514254782
0.959617428268 0.32587513533
0.95966029724 0.326236015879
0.959703075292 0.326596896427
0.959745762712 0.326957776976
0.959788359788 0.327318657524
0.959830866808 0.327679538073
0.959873284055 0.328040418621
0.959915611814 0.32840129917
0.959957850369 0.328762179719
0.96 0.329123060267
0.960042060988 0.329483940816
0.960084033613 0.329844821364
0.960125918153 0.330205701913
0.960167714885 0.330566582461
0.960209424084 0.33092746301
0.960251046025 0.331288343558
0.960292580982 0.331649224107
0.960334029228 0.332010104655
0.960375391032 0.332370985204
0.959375 0.332370985204
0.958376690947 0.332370985204
0.95841995842 0.332731865752
0.958463136033 0.333092746301
0.958506224066 0.33345362685
0.958549222798 0.333814507398
0.958592132505 0.334175387947
0.958634953464 0.334536268495
0.95867768595 0.334897149044
0.958720330237 0.335258029592
0.958762886598 0.335618910141
0.958805355304 0.335979790689
0.958847736626 0.336340671238
0.958890030832 0.336701551786
0.958932238193 0.337062432335
0.958974358974 0.337423312883
0.959016393443 0.337784193432
0.959058341863 0.338145073981
0.959100204499 0.338505954529
0.959141981614 0.338866835078
0.959183673469 0.339227715626
0.959225280326 0.339588596175
0.959266802444 0.339949476723
0.959308240081 0.340310357272
0.959349593496 0.34067123782
0.959390862944 0.341032118369
0.959432048682 0.341392998917
0.959473150963 0.341753879466
0.95951417004 0.342114760014
0.959555106168 0.342475640563
0.959595959596 0.342836521112
0.959636730575 0.34319740166
0.959677419355 0.343558282209
0.959718026183 0.343919162757
0.959758551308 0.344280043306
0.959798994975 0.344640923854
0.95983935743 0.345001804403
0.959879638917 0.345362684951
0.959919839679 0.3457235655
0.95995995996 0.346084446048
0.96 0.346445326597
0.96003996004 0.346806207145
0.960079840319 0.347167087694
0.960119641077 0.347527968243
0.96015936255 0.347888848791
0.960199004975 0.34824972934
0.960238568588 0.348610609888
0.960278053625 0.348971490437
0.960317460317 0.349332370985
0.9603567889 0.349693251534
0.960396039604 0.350054132082
0.960435212661 0.350415012631
0.9604743083 0.350775893179
0.959526159921 0.350775893179
0.958579881657 0.350775893179
0.958620689655 0.351136773728
0.958661417323 0.351497654276
0.958702064897 0.351858534825
0.958742632613 0.352219415374
0.958783120707 0.352580295922
0.958823529412 0.352941176471
0.958863858962 0.353302057019
0.958904109589 0.353662937568
0.958944281525 0.354023818116
0.958984375 0.354384698665
0.959024390244 0.354745579213
0.959064327485 0.355106459762
0.959104186952 0.35546734031
0.959143968872 0.355828220859
0.959183673469 0.356189101407
0.959223300971 0.356549981956
0.9592628516 0.356910862505
0.959302325581 0.357271743053
0.959341723136 0.357632623602
0.959381044487 0.35799350415
0.959420289855 0.358354384699
0.959459459459 0.358715265247
0.95949855352 0.359076145796
0.959537572254 0.359437026344
0.959576515881 0.359797906893
0.958653846154 0.359797906893
0.958693563881 0.360158787441
0.958733205374 0.36051966799
0.958772770853 0.360880548538
0.958812260536 0.361241429087
0.958851674641 0.361602309636
0.958891013384 0.361963190184
0.958930276982 0.362324070733
0.958969465649 0.362684951281
0.9590085796 0.36304583183
0.959047619048 0.363406712378
0.959086584206 0.363767592927
0.959125475285 0.364128473475
0.959164292498 0.364489354024
0.959203036053 0.364850234572
0.959241706161 0.365211115121
0.95928030303 0.365571995669
0.959318826868 0.365932876218
0.959357277883 0.366293756767
0.95939565628 0.366654637315
0.959433962264 0.367015517864
0.959472196041 0.367376398412
0.959510357815 0.367737278961
0.959548447789 0.368098159509
0.959586466165 0.368459040058
0.959624413146 0.368819920606
0.959662288931 0.369180801155
0.959700093721 0.369541681703
0.959737827715 0.369902562252
0.959775491113 0.3702634428
0.959813084112 0.370624323349
0.959850606909 0.370985203898
0.959888059701 0.371346084446
0.958993476235 0.371346084446
0.959031657356 0.371706964995
0.959069767442 0.372067845543
0.959107806691 0.372428726092
0.959145775302 0.37278960664
0.959183673469 0.373150487189
0.95922150139 0.373511367737
0.959259259259 0.373872248286
0.959296947271 0.374233128834
0.959334565619 0.374594009383
0.959372114497 0.374954889931
0.959409594096 0.37531577048
0.959447004608 0.375676651029
0.959484346225 0.376037531577
0.959521619135 0.376398412126
0.959558823529 0.376759292674
0.959595959596 0.377120173223
0.959633027523 0.377481053771
0.959670027498 0.37784193432
0.959706959707 0.378202814868
0.959743824337 0.378563695417
0.959780621572 0.378924575965
0.959817351598 0.379285456514
0.959854014599 0.379646337062
0.959890610757 0.380007217611
0.959927140255 0.38036809816
0.959963603276 0.380728978708
0.96 0.381089859257
0.960036330609 0.381450739805
0.960072595281 0.381811620354
0.960108794198 0.382172500902
0.960144927536 0.382533381451
0.960180995475 0.382894261999
0.960216998192 0.383255142548
0.960252935863 0.383616023096
0.960288808664 0.383976903645
0.960324616772 0.384337784193
0.96036036036 0.384698664742
0.960396039604 0.385059545291
0.960431654676 0.385420425839
0.96046720575 0.385781306388
0.960502692998 0.386142186936
0.960538116592 0.386503067485
0.960573476703 0.386863948033
0.9606087735 0.387224828582
0.960644007156 0.38758570913
0.960679177837 0.387946589679
0.959821428571 0.387946589679
0.959857270294 0.388307470227
0.959893048128 0.388668350776
0.959928762244 0.389029231324
0.959964412811 0.389390111873
0.96 0.389750992422
0.960035523979 0.39011187297
0.960070984916 0.390472753519
0.960106382979 0.390833634067
0.960141718335 0.391194514616
0.96017699115 0.391555395164
0.960212201592 0.391916275713
0.960247349823 0.392277156261
0.960282436011 0.39263803681
0.960317460317 0.392998917358
0.960352422907 0.393359797907
0.960387323944 0.393720678455
0.960422163588 0.394081559004
0.960456942004 0.394442439553
0.96049165935 0.394803320101
0.960526315789 0.39516420065
0.960560911481 0.395525081198
0.960595446585 0.395885961747
0.959755030621 0.395885961747
0.95979020979 0.396246842295
0.959825327511 0.396607722844
0.959860383944 0.396968603392
0.95989537925 0.397329483941
0.959930313589 0.397690364489
0.959965187119 0.398051245038
0.96 0.398412125586
0.960034752389 0.398773006135
0.960069444444 0.399133886684
0.960104076323 0.399494767232
0.96013864818 0.399855647781
0.960173160173 0.400216528329
0.960207612457 0.400577408878
0.960242005186 0.400938289426
0.960276338515 0.401299169975
0.960310612597 0.401660050523
0.960344827586 0.402020931072
0.960378983635 0.40238181162
0.960413080895 0.402742692169
0.960447119518 0.403103572717
0.960481099656 0.403464453266
0.960515021459 0.403825333815
0.960548885077 0.404186214363
0.96058269066 0.404547094912
0.960616438356 0.40490797546
0.960650128315 0.405268856009
0.960683760684 0.405629736557
0.960717335611 0.405990617106
0.960750853242 0.406351497654
0.960784313725 0.406712378203
0.960817717206 0.407073258751
0.96085106383 0.4074341393
0.960884353741 0.407795019848
0.960917587086 0.408155900397
0.960950764007 0.408516780946
0.960983884648 0.408877661494
0.961016949153 0.409238542043
0.961049957663 0.409599422591
0.961082910321 0.40996030314
0.96111580727 0.410321183688
0.961148648649 0.410682064237
0.961181434599 0.411042944785
0.961214165261 0.411403825334
0.961246840775 0.411764705882
0.960437710438 0.411764705882
0.959629941127 0.411764705882
0.959663865546 0.412125586431
0.959697732997 0.412486466979
0.959731543624 0.412847347528
0.959765297569 0.413208228077
0.959798994975 0.413569108625
0.959832635983 0.413929989174
0.959866220736 0.414290869722
0.959899749373 0.414651750271
0.959933222037 0.415012630819
0.959966638866 0.415373511368
0.959166666667 0.415373511368
0.959200666112 0.415734391916
0.959234608985 0.416095272465
0.959268495428 0.416456153013
0.959302325581 0.416817033562
0.959336099585 0.41717791411
0.959369817579 0.417538794659
0.959403479702 0.417899675208
0.959437086093 0.418260555756
0.95947063689 0.418621436305
0.95867768595 0.418621436305
0.957886044591 0.418621436305
0.957920792079 0.418982316853
0.957955482275 0.419343197402
0.957990115321 0.41970407795
0.958024691358 0.420064958499
0.958059210526 0.420425839047
0.958093672966 0.420786719596
0.958128078818 0.421147600144
0.957342083675 0.421147600144
0.95737704918 0.421508480693
0.957411957412 0.421869361241
0.957446808511 0.42223024179
0.957481602617 0.422591122339
0.957516339869 0.422952002887
0.956734693878 0.422952002887
0.956769983687 0.423312883436
0.956805215974 0.423673763984
0.956840390879 0.424034644533
0.956875508544 0.424395525081
0.956910569106 0.42475640563
0.956945572705 0.425117286178
0.956980519481 0.425478166727
0.95701540957 0.425839047275
0.957050243112 0.426199927824
0.957085020243 0.426560808372
0.9571197411 0.426921688921
0.957154405821 0.42728256947
0.95718901454 0.427643450018
0.957223567393 0.428004330567
0.956451612903 0.428004330567
0.955680902498 0.428004330567
0.954911433172 0.428004330567
0.95494770716 0.428365211115
0.95498392283 0.428726091664
0.955020080321 0.429086972212
0.955056179775 0.429447852761
0.955092221331 0.429808733309
0.955128205128 0.430169613858
0.955164131305 0.430530494406
0.9552 0.430891374955
0.955235811351 0.431252255503
0.955271565495 0.431613136052
0.95530726257 0.431974016601
0.955342902711 0.432334897149
0.954581673307 0.432334897149
0.954617834395 0.432695777698
0.954653937947 0.433056658246
0.954689984102 0.433417538795
0.954725972994 0.433778419343
0.954761904762 0.434139299892
0.95479777954 0.43450018044
0.954833597464 0.434861060989
0.95486935867 0.435221941537
0.954905063291 0.435582822086
0.954940711462 0.435943702634
0.954976303318 0.436304583183
0.95501183899 0.436665463732
0.955047318612 0.43702634428
0.955082742317 0.437387224829
0.955118110236 0.437748105377
0.955153422502 0.438108985926
0.955188679245 0.438469866474
0.955223880597 0.438830747023
0.954474097331 0.438830747023
0.954509803922 0.439191627571
0.954545454545 0.43955250812
0.954581049334 0.439913388668
0.954616588419 0.440274269217
0.954652071931 0.440635149765
0.9546875 0.440996030314
0.954722872756 0.441356910863
0.954758190328 0.441717791411
0.954793452845 0.44207867196
0.954828660436 0.442439552508
0.95486381323 0.442800433057
0.954898911353 0.443161313605
0.954933954934 0.443522194154
0.954968944099 0.443883074702
0.954228083786 0.443883074702
0.954263565891 0.444243955251
0.954298993029 0.444604835799
0.954334365325 0.444965716348
0.954369682908 0.445326596896
0.954404945904 0.445687477445
0.95444015444 0.446048357994
0.954475308642 0.446409238542
0.954510408635 0.446770119091
0.954545454545 0.447130999639
0.954580446497 0.447491880188
0.954615384615 0.447852760736
0.954650269024 0.448213641285
0.954685099846 0.448574521833
0.954719877206 0.448935402382
0.954754601227 0.44929628293
0.954789272031 0.449657163479
0.95482388974 0.450018044027
0.954858454476 0.450378924576
0.954892966361 0.450739805125
0.954163483575 0.450739805125
0.953435114504 0.450739805125
0.953470633105 0.451100685673
0.953506097561 0.451461566222
0.953541507997 0.45182244677
0.953576864536 0.452183327319
0.9536121673 0.452544207867
0.953647416413 0.452905088416
0.953682611997 0.453265968964
0.953717754173 0.453626849513
0.953752843063 0.453987730061
0.953787878788 0.45434861061
0.953822861469 0.454709491158
0.953101361573 0.454709491158
0.95313681028 0.455070371707
0.953172205438 0.455431252256
0.95320754717 0.455792132804
0.953242835596 0.456153013353
0.953278070836 0.456513893901
0.953313253012 0.45687477445
0.953348382242 0.457235654998
0.953383458647 0.457596535547
0.953418482344 0.457957416095
0.953453453453 0.458318296644
0.953488372093 0.458679177192
0.953523238381 0.459040057741
0.953558052434 0.459400938289
0.953592814371 0.459761818838
0.953627524308 0.460122699387
0.953662182362 0.460483579935
0.953696788648 0.460844460484
0.953731343284 0.461205341032
0.953020134228 0.461205341032
0.952309985097 0.461205341032
0.95234549516 0.461566221581
0.952380952381 0.461927102129
0.952416356877 0.462287982678
0.952451708767 0.462648863226
0.952487008166 0.463009743775
0.952522255193 0.463370624323
0.952557449963 0.463731504872
0.952592592593 0.46409238542
0.952627683198 0.464453265969
0.952662721893 0.464814146518
0.952697708795 0.465175027066
0.952732644018 0.465535907615
0.952767527675 0.465896788163
0.952802359882 0.466257668712
0.952837140752 0.46661854926
0.952871870398 0.466979429809
0.952906548933 0.467340310357
0.952941176471 0.467701190906
0.952240999265 0.467701190906
0.952276064611 0.468062071454
0.952311078503 0.468422952003
0.952346041056 0.468783832551
0.952380952381 0.4691447131
0.952415812592 0.469505593649
0.9524506218 0.469866474197
0.952485380117 0.470227354746
0.952520087655 0.470588235294
0.952554744526 0.470949115843
0.952589350839 0.471309996391
0.952623906706 0.47167087694
0.952658412236 0.472031757488
0.95269286754 0.472392638037
0.952727272727 0.472753518585
0.952761627907 0.473114399134
0.952795933188 0.473475279682
0.952830188679 0.473836160231
0.952864394489 0.47419704078
0.952898550725 0.474557921328
0.952932657495 0.474918801877
0.952966714906 0.475279682425
0.952277657267 0.475279682425
0.952312138728 0.475640562974
0.952346570397 0.476001443522
0.952380952381 0.476362324071
0.952415284787 0.476723204619
0.952449567723 0.477084085168
0.952483801296 0.477444965716
0.952517985612 0.477805846265
0.952552120776 0.478166726813
0.952586206897 0.478527607362
0.952620244078 0.478888487911
0.952654232425 0.479249368459
0.952688172043 0.479610249008
0.952722063037 0.479971129556
0.952755905512 0.480332010105
0.952789699571 0.480692890653
0.952823445318 0.481053771202
0.952857142857 0.48141465175
0.952890792291 0.481775532299
0.952924393723 0.482136412847
0.952957947256 0.482497293396
0.952991452991 0.482858173944
0.953024911032 0.483219054493
0.953058321479 0.483579935042
0.953091684435 0.48394081559
0.953125 0.484301696139
0.953158268275 0.484662576687
0.952482269504 0.484662576687
0.952515946137 0.485023457236
0.952549575071 0.485384337784
0.952583156405 0.485745218333
0.95261669024 0.486106098881
0.952650176678 0.48646697943
0.95197740113 0.48646697943
0.952011291461 0.486827859978
0.952045133992 0.487188740527
0.952078928823 0.487549621075
0.952112676056 0.487910501624
0.952146375792 0.488271382173
0.952180028129 0.488632262721
0.952213633169 0.48899314327
0.952247191011 0.489354023818
0.952280701754 0.489714904367
0.952314165498 0.490075784915
0.952347582341 0.490436665464
0.952380952381 0.490797546012
0.952414275717 0.491158426561
0.952447552448 0.491519307109
0.952480782669 0.491880187658
0.95251396648 0.492241068206
0.951849267271 0.492241068206
0.951882845188 0.492601948755
0.951916376307 0.492962829304
0.951949860724 0.493323709852
0.951983298539 0.493684590401
0.952016689847 0.494045470949
0.952050034746 0.494406351498
0.952083333333 0.494767232046
0.952116585704 0.495128112595
0.952149791956 0.495488993143
0.952182952183 0.495849873692
0.952216066482 0.49621075424
0.952249134948 0.496571634789
0.952282157676 0.496932515337
0.952315134762 0.497293395886
0.952348066298 0.497654276435
0.952380952381 0.498015156983
0.952413793103 0.498376037532
0.95244658856 0.49873691808
0.952479338843 0.499097798629
0.952512044047 0.499458679177
0.952544704264 0.499819559726
0.952577319588 0.500180440274
0.95260989011 0.500541320823
0.952642415923 0.500902201371
0.952674897119 0.50126308192
0.95270733379 0.501623962468
0.952739726027 0.501984843017
0.952772073922 0.502345723565
0.952804377565 0.502706604114
0.952836637047 0.503067484663
0.952868852459 0.503428365211
0.952901023891 0.50378924576
0.952933151432 0.504150126308
0.952965235174 0.504511006857
0.952997275204 0.504871887405
0.953029271613 0.505232767954
0.95306122449 0.505593648502
0.953093133923 0.505954529051
0.952445652174 0.505954529051
0.952477936185 0.506315409599
0.952510176391 0.506676290148
0.952542372881 0.507037170696
0.952574525745 0.507398051245
0.952606635071 0.507758931794
0.952638700947 0.508119812342
0.952670723462 0.508480692891
0.952702702703 0.508841573439
0.952734638758 0.509202453988
0.952766531714 0.509563334536
0.952798381659 0.509924215085
0.952830188679 0.510285095633
0.952861952862 0.510645976182
0.952893674293 0.51100685673
0.952252858104 0.51100685673
0.952284946237 0.511367737279
0.952316991269 0.511728617827
0.952348993289 0.512089498376
0.952380952381 0.512450378925
0.952412868633 0.512811259473
0.95244474213 0.513172140022
0.952476572959 0.51353302057
0.952508361204 0.513893901119
0.952540106952 0.514254781667
0.952571810287 0.514615662216
0.952603471295 0.514976542764
0.95263509006 0.515337423313
0.952666666667 0.515698303861
0.952698201199 0.51605918441
0.952729693742 0.516420064958
0.952761144378 0.516780945507
0.952792553191 0.517141826056
0.952823920266 0.517502706604
0.952855245684 0.517863587153
0.952886529529 0.518224467701
0.952917771883 0.51858534825
0.95294897283 0.518946228798
0.95298013245 0.519307109347
0.953011250827 0.519667989895
0.953042328042 0.520028870444
0.953073364177 0.520389750992
0.953104359313 0.520750631541
0.953135313531 0.521111512089
0.953166226913 0.521472392638
0.953197099539 0.521833273187
0.953227931489 0.522194153735
0.953258722844 0.522555034284
0.953289473684 0.522915914832
0.953320184089 0.523276795381
0.953350854139 0.523637675929
0.953381483913 0.523998556478
0.953412073491 0.524359437026
0.953442622951 0.524720317575
0.953473132372 0.525081198123
0.953503601834 0.525442078672
0.953534031414 0.52580295922
0.95356442119 0.526163839769
0.953594771242 0.526524720318
0.953625081646 0.526885600866
0.95365535248 0.527246481415
0.953685583823 0.527607361963
0.95371577575 0.527968242512
0.953745928339 0.52832912306
0.953776041667 0.528690003609
0.95380611581 0.529050884157
0.953836150845 0.529411764706
0.953866146849 0.529772645254
0.953896103896 0.530133525803
0.953926022064 0.530494406351
0.953955901427 0.5308552869
0.953985742061 0.531216167449
0.954015544041 0.531577047997
0.954045307443 0.531937928546
0.954075032342 0.532298809094
0.954104718811 0.532659689643
0.954134366925 0.533020570191
0.954163976759 0.53338145074
0.954193548387 0.533742331288
0.954223081883 0.534103211837
0.95425257732 0.534464092385
0.954282034771 0.534824972934
0.954311454311 0.535185853482
0.954340836013 0.535546734031
0.954370179949 0.53590761458
0.954399486191 0.536268495128
0.954428754814 0.536629375677
0.954457985888 0.536990256225
0.954487179487 0.537351136774
0.954516335682 0.537712017322
0.954545454545 0.538072897871
0.954574536148 0.538433778419
0.954603580563 0.538794658968
0.954632587859 0.539155539516
0.95466155811 0.539516420065
0.954690491385 0.539877300613
0.954719387755 0.540238181162
0.954748247291 0.540599061711
0.954777070064 0.540959942259
0.954805856143 0.541320822808
0.954198473282 0.541320822808
0.954227590591 0.541681703356
0.954256670902 0.542042583905
0.954285714286 0.542403464453
0.954314720812 0.542764345002
0.954343690552 0.54312522555
0.953738910013 0.54312522555
0.953134895503 0.54312522555
0.953164556962 0.543486106099
0.953194180898 0.543846986647
0.953223767383 0.544207867196
0.953253316488 0.544568747744
0.953282828283 0.544929628293
0.952681388013 0.544929628293
0.952711223203 0.545290508842
0.952741020794 0.54565138939
0.952770780856 0.546012269939
0.952800503461 0.546373150487
0.952830188679 0.546734031036
0.952859836581 0.547094911584
0.952889447236 0.547455792133
0.952919020716 0.547816672681
0.952948557089 0.54817755323
0.952978056426 0.548538433778
0.953007518797 0.548899314327
0.953036944271 0.549260194875
0.953066332916 0.549621075424
0.953095684803 0.549981955973
0.953125 0.550342836521
0.952529668957 0.550342836521
0.952559300874 0.55070371707
0.95258889582 0.551064597618
0.952618453865 0.551425478167
0.952647975078 0.551786358715
0.952677459527 0.552147239264
0.952706907281 0.552508119812
0.952736318408 0.552869000361
0.952765692977 0.553229880909
0.952795031056 0.553590761458
0.952824332713 0.553951642006
0.952853598015 0.554312522555
0.952262864228 0.554312522555
0.951672862454 0.554312522555
0.951702786378 0.554673403104
0.951732673267 0.555034283652
0.951762523191 0.555395164201
0.951792336218 0.555756044749
0.951822112415 0.556116925298
0.951851851852 0.556477805846
0.951881554596 0.556838686395
0.951911220715 0.557199566943
0.951940850277 0.557560447492
0.95197044335 0.55792132804
0.952 0.558282208589
0.952029520295 0.558643089137
0.952059004302 0.559003969686
0.952088452088 0.559364850235
0.95211786372 0.559725730783
0.952147239264 0.560086611332
0.952176578786 0.56044749188
0.952205882353 0.560808372429
0.952235150031 0.561169252977
0.952264381885 0.561530133526
0.952293577982 0.561891014074
0.952322738386 0.562251894623
0.952351863164 0.562612775171
0.952380952381 0.56297365572
0.951799877974 0.56297365572
0.951219512195 0.56297365572
0.951249238269 0.563334536268
0.951278928136 0.563695416817
0.951308581862 0.564056297366
0.951338199513 0.564417177914
0.951367781155 0.564778058463
0.951397326853 0.565138939011
0.951426836673 0.56549981956
0.95145631068 0.565860700108
0.951485748939 0.566221580657
0.951515151515 0.566582461205
0.951544518474 0.566943341754
0.951573849879 0.567304222302
0.951603145796 0.567665102851
0.951632406288 0.568025983399
0.95166163142 0.568386863948
0.951690821256 0.568747744497
0.95171997586 0.569108625045
0.951749095296 0.569469505594
0.951778179626 0.569830386142
0.951807228916 0.570191266691
0.951836243227 0.570552147239
0.951865222623 0.570913027788
0.951894167168 0.571273908336
0.951923076923 0.571634788885
0.951951951952 0.571995669433
0.951980792317 0.572356549982
0.95200959808 0.57271743053
0.952038369305 0.573078311079
0.952067106052 0.573439191628
0.952095808383 0.573800072176
0.952124476361 0.574160952725
0.952153110048 0.574521833273
0.952181709504 0.574882713822
0.952210274791 0.57524359437
0.95223880597 0.575604474919
0.952267303103 0.575965355467
0.952295766249 0.576326236016
0.952324195471 0.576687116564
0.951756998213 0.576687116564
0.95119047619 0.576687116564
0.950624628198 0.576687116564
0.950653983353 0.577047997113
0.950683303624 0.577408877661
0.950712589074 0.57776975821
0.950741839763 0.578130638759
0.950771055753 0.578491519307
0.950800237107 0.578852399856
0.950829383886 0.579213280404
0.950858496152 0.579574160953
0.950887573964 0.579935041501
0.950325251331 0.579935041501
0.950354609929 0.58029592205
0.950383933845 0.580656802598
0.95041322314 0.581017683147
0.950442477876 0.581378563695
0.950471698113 0.581739444244
0.950500883913 0.582100324792
0.950530035336 0.582461205341
0.950559152443 0.58282208589
0.950588235294 0.583182966438
0.950617283951 0.583543846987
0.950646298472 0.583904727535
0.95067527892 0.584265608084
0.950704225352 0.584626488632
0.95073313783 0.584987369181
0.950762016413 0.585348249729
0.950205038079 0.585348249729
0.950234192037 0.585709130278
0.950263311878 0.586070010826
0.950292397661 0.586430891375
0.950321449445 0.586791771923
0.95035046729 0.587152652472
0.950379451255 0.587513533021
0.9504084014 0.587874413569
0.950437317784 0.588235294118
0.950466200466 0.588596174666
0.950495049505 0.588957055215
0.950523864959 0.589317935763
0.950552646888 0.589678816312
0.950581395349 0.59003969686
0.950029052876 0.59003969686
0.950058072009 0.590400577409
0.950087057458 0.590761457957
0.950116009281 0.591122338506
0.950144927536 0.591483219054
0.950173812283 0.591844099603
0.950202663578 0.592204980152
0.950231481481 0.5925658607
0.95026026605 0.592926741249
0.950289017341 0.593287621797
0.950317735413 0.593648502346
0.950346420323 0.594009382894
0.950375072129 0.594370263443
0.950403690888 0.594731143991
0.950432276657 0.59509202454
0.950460829493 0.595452905088
0.950489349453 0.595813785637
0.950517836594 0.596174666185
0.950546290972 0.596535546734
0.950574712644 0.596896427283
0.950603101666 0.597257307831
0.950631458094 0.59761818838
0.950659781985 0.597979068928
0.950688073394 0.598339949477
0.950716332378 0.598700830025
0.950744558992 0.599061710574
0.950772753291 0.599422591122
0.950800915332 0.599783471671
0.95025728988 0.599783471671
0.949714285714 0.599783471671
0.949743003998 0.600144352219
0.949771689498 0.600505232768
0.94980034227 0.600866113316
0.949828962372 0.601226993865
0.949857549858 0.601587874414
0.949886104784 0.601948754962
0.949914627205 0.602309635511
0.949943117179 0.602670516059
0.949403069926 0.602670516059
0.948863636364 0.602670516059
0.948324815446 0.602670516059
0.948354143019 0.603031396608
0.948383437323 0.603392277156
0.948412698413 0.603753157705
0.948441926346 0.604114038253
0.948471121178 0.604474918802
0.948500282965 0.60483579935
0.948529411765 0.605196679899
0.948558507631 0.605557560447
0.94802259887 0.605557560447
0.948051948052 0.605918440996
0.948081264108 0.606279321545
0.948110547095 0.606640202093
0.948139797069 0.607001082642
0.948169014085 0.60736196319
0.948198198198 0.607722843739
0.948227349465 0.608083724287
0.948256467942 0.608444604836
0.948285553682 0.608805485384
0.948314606742 0.609166365933
0.948343627176 0.609527246481
0.947811447811 0.609527246481
0.947840717891 0.60988812703
0.947869955157 0.610249007578
0.947899159664 0.610609888127
0.947928331467 0.610970768676
0.947957470621 0.611331649224
0.947986577181 0.611692529773
0.948015651202 0.612053410321
0.94748603352 0.612053410321
0.946957007259 0.612053410321
0.946428571429 0.612053410321
0.946458449526 0.61241429087
0.946488294314 0.612775171418
0.94651810585 0.613136051967
0.946547884187 0.613496932515
0.946577629382 0.613857813064
0.946607341491 0.614218693612
0.946637020567 0.614579574161
0.946666666667 0.614940454709
0.946696279845 0.615301335258
0.946725860155 0.615662215807
0.946755407654 0.616023096355
0.946784922395 0.616383976904
0.946814404432 0.616744857452
0.946843853821 0.617105738001
0.946873270614 0.617466618549
0.946349557522 0.617466618549
0.946379215036 0.617827499098
0.946408839779 0.618188379646
0.946438431806 0.618549260195
0.94646799117 0.618910140743
0.946497517926 0.619271021292
0.946527012128 0.61963190184
0.946556473829 0.619992782389
0.946585903084 0.620353662938
0.946615299945 0.620714543486
0.946644664466 0.621075424035
0.946673996701 0.621436304583
0.946703296703 0.621797185132
0.946732564525 0.62215806568
0.94676180022 0.622518946229
0.94679100384 0.622879826777
0.946820175439 0.623240707326
0.946849315068 0.623601587874
0.946330777656 0.623601587874
0.945812807882 0.623601587874
0.945842450766 0.623962468423
0.945872061236 0.624323348971
0.945901639344 0.62468422952
0.945931185145 0.625045110069
0.94596069869 0.625405990617
0.945990180033 0.625766871166
0.946019629226 0.626127751714
0.946049046322 0.626488632263
0.946078431373 0.626849512811
0.946107784431 0.62721039336
0.94613710555 0.627571273908
0.94616639478 0.627932154457
0.946195652174 0.628293035005
0.946224877784 0.628653915554
0.946254071661 0.629014796102
0.946283233858 0.629375676651
0.946312364425 0.6297365572
0.946341463415 0.630097437748
0.945828819068 0.630097437748
0.945858148349 0.630458318297
0.945887445887 0.630819198845
0.945916711736 0.631180079394
0.945945945946 0.631540959942
0.945975148568 0.631901840491
0.946004319654 0.632262721039
0.946033459255 0.632623601588
0.946062567422 0.632984482136
0.946091644205 0.633345362685
0.946120689655 0.633706243233
0.946149703823 0.634067123782
0.94617868676 0.634428004331
0.946207638515 0.634788884879
0.94623655914 0.635149765428
0.946265448684 0.635510645976
0.946294307197 0.635871526525
0.946323134729 0.636232407073
0.945815450644 0.636232407073
0.945308310992 0.636232407073
0.945337620579 0.636593287622
0.945366898768 0.63695416817
0.94539614561 0.637315048719
0.945425361156 0.637675929267
0.945454545455 0.638036809816
0.945483698557 0.638397690364
0.945512820513 0.638758570913
0.945541911372 0.639119451462
0.945570971185 0.63948033201
0.9456 0.639841212559
0.945628997868 0.640202093107
0.945657964838 0.640562973656
0.945686900958 0.640923854204
0.94571580628 0.641284734753
0.945744680851 0.641645615301
0.94524189261 0.641645615301
0.94527098831 0.64200649585
0.945300053107 0.642367376398
0.945329087049 0.642728256947
0.945358090186 0.643089137495
0.945387062566 0.643450018044
0.94541600424 0.643810898593
0.945444915254 0.644171779141
0.945473795659 0.64453265969
0.945502645503 0.644893540238
0.945531464833 0.645254420787
0.9455602537 0.645615301335
0.945060750132 0.645615301335
0.945089757128 0.645976181884
0.945118733509 0.646337062432
0.945147679325 0.646697942981
0.945176594623 0.647058823529
0.945205479452 0.647419704078
0.94523433386 0.647780584626
0.945263157895 0.648141465175
0.945291951604 0.648502345724
0.945320715037 0.648863226272
0.94534944824 0.649224106821
0.945378151261 0.649584987369
0.944881889764 0.649584987369
0.944910807975 0.649945867918
0.944939695857 0.650306748466
0.944968553459 0.650667629015
0.944473546359 0.650667629015
0.944502617801 0.651028509563
0.944531658817 0.651389390112
0.944560669456 0.65175027066
0.944589649765 0.652111151209
0.944618599791 0.652472031757
0.944647519582 0.652832912306
0.944154488518 0.652832912306
0.94418362024 0.653193792855
0.944212721585 0.653554673403
0.9442417926 0.653915553952
0.944270833333 0.6542764345
0.944299843831 0.654637315049
0.944328824142 0.654998195597
0.944357774311 0.655359076146
0.943866943867 0.655359076146
0.943896103896 0.655719956694
0.943406022845 0.655719956694
0.942916450441 0.655719956694
0.942946058091 0.656080837243
0.942457231726 0.656080837243
0.942487046632 0.656441717791
0.942516830658 0.65680259834
0.942546583851 0.657163478888
0.94257630626 0.657524359437
0.942605997932 0.657885239986
0.942635658915 0.658246120534
0.942665289256 0.658607001083
0.942694889004 0.658967881631
0.942724458204 0.65932876218
0.942238267148 0.65932876218
0.942268041237 0.659689642728
0.942297784647 0.660050523277
0.942327497425 0.660411403825
0.942357179619 0.660772284374
0.942386831276 0.661133164922
0.942416452442 0.661494045471
0.942446043165 0.661854926019
0.942475603493 0.662215806568
0.94250513347 0.662576687117
0.942534633145 0.662937567665
0.942564102564 0.663298448214
0.942593541773 0.663659328762
0.94262295082 0.664020209311
0.942652329749 0.664381089859
0.942681678608 0.664741970408
0.942199488491 0.664741970408
0.942229038855 0.665102850956
0.942258559019 0.665463731505
0.94228804903 0.665824612053
0.942317508933 0.666185492602
0.942346938776 0.66654637315
0.942376338603 0.666907253699
0.942405708461 0.667268134248
0.942435048395 0.667629014796
0.941955193483 0.667629014796
0.941984732824 0.667989895345
0.942014242116 0.668350775893
0.942043721403 0.668711656442
0.942073170732 0.66907253699
0.942102590147 0.669433417539
0.942131979695 0.669794298087
0.942161339422 0.670155178636
0.942190669371 0.670516059184
0.942219969589 0.670876939733
0.942249240122 0.671237820281
0.942278481013 0.67159870083
0.942307692308 0.671959581379
0.942336874052 0.672320461927
0.942366026289 0.672681342476
0.942395149065 0.673042223024
0.942424242424 0.673403103573
0.942453306411 0.673763984121
0.94248234107 0.67412486467
0.94200706001 0.67412486467
0.941532258065 0.67412486467
0.941057934509 0.67412486467
0.941087613293 0.674485745218
0.941117262204 0.674846625767
0.941146881288 0.675207506315
0.941176470588 0.675568386864
0.941206030151 0.675929267412
0.94123556002 0.676290147961
0.940763052209 0.676290147961
0.940792774711 0.67665102851
0.940320962889 0.67665102851
0.940350877193 0.677011909058
0.940380761523 0.677372789607
0.940410615924 0.677733670155
0.94044044044 0.678094550704
0.940470235118 0.678455431252
0.9405 0.678816311801
0.940529735132 0.679177192349
0.940559440559 0.679538072898
0.940089865202 0.679538072898
0.939620758483 0.679538072898
0.939650872818 0.679898953446
0.939680957129 0.680259833995
0.93971101146 0.680620714543
0.939741035857 0.680981595092
0.939771030363 0.681342475641
0.939800995025 0.681703356189
0.939830929886 0.682064236738
0.93986083499 0.682425117286
0.939890710383 0.682785997835
0.939920556107 0.683146878383
0.939454094293 0.683146878383
0.938988095238 0.683146878383
0.939018344075 0.683507758932
0.939048562934 0.68386863948
0.939078751857 0.684229520029
0.939108910891 0.684590400577
0.939139040079 0.684951281126
0.939169139466 0.685312161674
0.938704893722 0.685312161674
0.938735177866 0.685673042223
0.938765432099 0.686033922772
0.938795656466 0.68639480332
0.938825851011 0.686755683869
0.938856015779 0.687116564417
0.938886150813 0.687477444966
0.93842364532 0.687477444966
0.938453963565 0.687838325514
0.938484251969 0.688199206063
0.938514510576 0.688560086611
0.93854473943 0.68892096716
0.938574938575 0.689281847708
0.938605108055 0.689642728257
0.938635247914 0.690003608805
0.93817468106 0.690003608805
0.938205002452 0.690364489354
0.938235294118 0.690725369903
0.937775600196 0.690725369903
0.937806072478 0.691086250451
0.937836514929 0.691447131
0.937866927593 0.691808011548
0.937408312958 0.691808011548
0.937438905181 0.692168892097
0.937469467513 0.692529772645
0.9375 0.692890653194
0.937530502684 0.693251533742
0.93756097561 0.693612414291
0.93759141882 0.693973294839
0.937621832359 0.694334175388
0.937652216269 0.694695055936
0.937682570594 0.695055936485
0.937712895377 0.695416817034
0.937743190661 0.695777697582
0.93777345649 0.696138578131
0.937317784257 0.696138578131
0.937348227295 0.696499458679
0.937378640777 0.696860339228
0.937409024745 0.697221219776
0.937439379243 0.697582100325
0.937469704314 0.697942980873
0.9375 0.698303861422
0.937530266344 0.69866474197
0.937560503388 0.699025622519
0.937106918239 0.699025622519
0.937137330754 0.699386503067
0.937167713871 0.699747383616
0.937198067633 0.700108264165
0.937228392081 0.700469144713
0.937258687259 0.700830025262
0.937288953208 0.70119090581
0.937319189971 0.701551786359
0.93734939759 0.701912666907
0.937379576108 0.702273547456
0.937409725566 0.702634428004
0.937439846006 0.702995308553
0.93746993747 0.703356189101
0.9375 0.70371706965
0.937530033638 0.704077950198
0.937560038425 0.704438830747
0.937590014402 0.704799711296
0.937619961612 0.705160591844
0.937649880096 0.705521472393
0.937679769895 0.705882352941
0.937230474365 0.705882352941
0.937260536398 0.70624323349
0.937290569651 0.706604114038
0.937320574163 0.706964994587
0.937350549976 0.707325875135
0.937380497132 0.707686755684
0.937410415671 0.708047636232
0.937440305635 0.708408516781
0.937470167064 0.708769397329
0.9375 0.709130277878
0.937529804483 0.709491158427
0.937559580553 0.709852038975
0.937589328252 0.710212919524
0.937142857143 0.710212919524
0.937172774869 0.710573800072
0.937202664129 0.710934680621
0.937232524964 0.711295561169
0.937262357414 0.711656441718
0.93729216152 0.712017322266
0.936847103514 0.712017322266
0.936877076412 0.712378202815
0.936907020873 0.712739083363
0.936936936937 0.713099963912
0.936966824645 0.71346084446
0.936996684036 0.713821725009
0.937026515152 0.714182605558
0.937056318031 0.714543486106
0.937086092715 0.714904366655
0.937115839243 0.715265247203
0.937145557656 0.715626127752
0.936702881436 0.715626127752
0.936260623229 0.715626127752
0.936290703162 0.7159870083
0.936320754717 0.716347888849
0.936350777935 0.716708769397
0.936380772856 0.717069649946
0.93641073952 0.717430530494
0.935969868173 0.717430530494
0.936 0.717791411043
0.936030103481 0.718152291591
0.93559003291 0.718152291591
0.935620300752 0.71851317214
0.93565054016 0.718874052689
0.935680751174 0.719234933237
0.935710933834 0.719595813786
0.93574108818 0.719956694334
0.935771214252 0.720317574883
0.93580131209 0.720678455431
0.935831381733 0.72103933598
0.935861423221 0.721400216528
0.935891436593 0.721761097077
0.93592142189 0.722121977625
0.935951379149 0.722482858174
0.935981308411 0.722843738722
0.936011209715 0.723204619271
0.9360410831 0.72356549982
0.936070928605 0.723926380368
0.935634328358 0.723926380368
0.935198135198 0.723926380368
0.93522833178 0.724287260917
0.935258500233 0.724648141465
0.935288640596 0.725009022014
0.935318752908 0.725369902562
0.935348837209 0.725730783111
0.935378893538 0.726091663659
0.935408921933 0.726452544208
0.935438922434 0.726813424756
0.935468895079 0.727174305305
0.935498839907 0.727535185853
0.935528756957 0.727896066402
0.935558646268 0.728256946951
0.935588507878 0.728617827499
0.935155164428 0.728617827499
0.935185185185 0.728978708048
0.935215178158 0.729339588596
0.935245143386 0.729700469145
0.935275080906 0.730061349693
0.935304990758 0.730422230242
0.935334872979 0.73078311079
0.935364727608 0.731143991339
0.935394554684 0.731504871887
0.935424354244 0.731865752436
0.935454126325 0.732226632984
0.935483870968 0.732587513533
0.935052970981 0.732587513533
0.935082872928 0.732948394082
0.934652554073 0.732948394082
0.934682612695 0.73330927463
0.934712643678 0.733670155179
0.934283088235 0.733670155179
0.933853927423 0.733670155179
0.933425160698 0.733670155179
0.93345571363 0.734031035727
0.933486238532 0.734391916276
0.933516735442 0.734752796824
0.9335472044 0.735113677373
0.933577645442 0.735474557921
0.933608058608 0.73583543847
0.933638443936 0.736196319018
0.933668801464 0.736557199567
0.93369913123 0.736918080115
0.933729433272 0.737278960664
0.933759707629 0.737639841213
0.933333333333 0.737639841213
0.93336376084 0.738000721761
0.933394160584 0.73836160231
0.932968536252 0.73836160231
0.932999088423 0.738722482858
0.933029612756 0.739083363407
0.93306010929 0.739444243955
0.933090578061 0.739805124504
0.932666060055 0.739805124504
0.932696680309 0.740166005052
0.932727272727 0.740526885601
0.932757837347 0.740887766149
0.932334241599 0.740887766149
0.932364956877 0.741248646698
0.932395644283 0.741609527246
0.932426303855 0.741970407795
0.93245693563 0.742331288344
0.932487539647 0.742692168892
0.932518115942 0.743053049441
0.932548664554 0.743413929989
0.932126696833 0.743413929989
0.932157394844 0.743774810538
0.931735985533 0.743774810538
0.931766832354 0.744135691086
0.93179765131 0.744496571635
0.931828442438 0.744857452183
0.931407942238 0.744857452183
0.931438881371 0.745218332732
0.931469792606 0.74557921328
0.93150067598 0.745940093829
0.931531531532 0.746300974377
0.931562359298 0.746661854926
0.931143114311 0.746661854926
0.931174089069 0.747022735475
0.931205035971 0.747383616023
0.930786516854 0.747383616023
0.930368373765 0.747383616023
0.930399640772 0.747744496572
0.929982046679 0.747744496572
0.93001345895 0.74810537712
0.930044843049 0.748466257669
0.930076199014 0.748827138217
0.930107526882 0.749188018766
0.930138826691 0.749548899314
0.930170098478 0.749909779863
0.930201342282 0.750270660411
0.93023255814 0.75063154096
0.930263746089 0.750992421508
0.929848078642 0.750992421508
0.929879410451 0.751353302057
0.929464285714 0.751353302057
0.929495760821 0.751714182606
0.92952720785 0.752075063154
0.929112795363 0.752075063154
0.928698752228 0.752075063154
0.928285077951 0.752075063154
0.927871772039 0.752075063154
0.927458834001 0.752075063154
0.927491103203 0.752435943703
0.927523343708 0.752796824251
0.927555555556 0.7531577048
0.927143491781 0.7531577048
0.927175843694 0.753518585348
0.927208166889 0.753879465897
0.926796805679 0.753879465897
0.926829268293 0.754240346445
0.926861702128 0.754601226994
0.926894107222 0.754962107542
0.926926483614 0.755322988091
0.926958831341 0.755683868639
0.926991150442 0.756044749188
0.926581158779 0.756044749188
0.92617152962 0.756044749188
0.925762262483 0.756044749188
0.925795053004 0.756405629737
0.92582781457 0.756766510285
0.92586054722 0.757127390834
0.925893250993 0.757488271382
0.925925925926 0.757849151931
0.925517849273 0.757849151931
0.925110132159 0.757849151931
0.925143108763 0.758210032479
0.925176056338 0.758570913028
0.925208974923 0.758931793576
0.925241864556 0.759292674125
0.924835164835 0.759292674125
0.924428822496 0.759292674125
0.924022837066 0.759292674125
0.92405618964 0.759653554673
0.923650724002 0.759653554673
0.923684210526 0.760014435222
0.92371766769 0.76037531577
0.923312883436 0.76037531577
0.922908453789 0.76037531577
0.922942206655 0.760736196319
0.922975929978 0.761097076868
0.923009623797 0.761457957416
0.922606034106 0.761457957416
0.92263986014 0.761818837965
0.922236784622 0.761818837965
0.922270742358 0.762179718513
0.92230467045 0.762540599062
0.922338568935 0.76290147961
0.922372437854 0.763262360159
0.922406277245 0.763623240707
0.922440087146 0.763984121256
0.922038327526 0.763984121256
0.922072268176 0.764345001804
0.922106179286 0.764705882353
0.922140060896 0.765066762901
0.922173913043 0.76542764345
0.921773142112 0.76542764345
0.921372719374 0.76542764345
0.921406860617 0.765788523999
0.921440972222 0.766149404547
0.921041214751 0.766149404547
0.921075455334 0.766510285096
0.921109666233 0.766871165644
0.921143847487 0.767232046193
0.921177999134 0.767592926741
0.921212121212 0.76795380729
0.920813500649 0.76795380729
0.920415224913 0.76795380729
0.920449632512 0.768314687838
0.920484010372 0.768675568387
0.920518358531 0.769036448935
0.9201208981 0.769036448935
0.920155373328 0.769397329484
0.919758412425 0.769397329484
0.919361793877 0.769397329484
0.918965517241 0.769397329484
0.919000430849 0.769758210032
0.918604651163 0.769758210032
0.918639690056 0.770119090581
0.918244406196 0.770119090581
0.917849462366 0.770119090581
0.917884780739 0.77047997113
0.917920068758 0.770840851678
0.91795532646 0.771201732227
0.917990553886 0.771562612775
0.918025751073 0.771923493324
0.918060918061 0.772284373872
0.918096054889 0.772645254421
0.917702528933 0.772645254421
0.917737789203 0.773006134969
0.917773019272 0.773367015518
0.917380136986 0.773367015518
0.916987590929 0.773367015518
0.916595380667 0.773367015518
0.916631038906 0.773727896066
0.916666666667 0.774088776615
0.91670226399 0.774449657163
0.916737830914 0.774810537712
0.916773367478 0.775171418261
0.91638225256 0.775171418261
0.916417910448 0.775532298809
0.916453537937 0.775893179358
0.916063059225 0.775893179358
0.916098807496 0.776254059906
0.91613452533 0.776614940455
0.916170212766 0.776975821003
0.916205869843 0.777336701552
0.915816326531 0.777336701552
0.915427114322 0.777336701552
0.915038232795 0.777336701552
0.915074309979 0.7776975821
0.914685908319 0.7776975821
0.91472210437 0.778058462649
0.91475826972 0.778419343197
0.914794404409 0.778780223746
0.914830508475 0.779141104294
0.914866581957 0.779501984843
0.914479254869 0.779501984843
0.914515446466 0.779862865392
0.914128595601 0.779862865392
0.914164904863 0.78022374594
0.914201183432 0.780584626489
0.91381495564 0.780584626489
0.913851351351 0.780945507037
0.913887716336 0.781306387586
0.913502109705 0.781306387586
0.913116828342 0.781306387586
0.913153456998 0.781667268134
0.912768647282 0.781667268134
0.912805391744 0.782028148683
0.912842105263 0.782389029231
0.912878787879 0.78274990978
0.91291543963 0.783110790328
0.912952060555 0.783471670877
0.912568306011 0.783471670877
0.912605042017 0.783832551425
0.912221755565 0.783832551425
0.911838790932 0.783832551425
0.911875786823 0.784193431974
0.911912751678 0.784554312523
0.911949685535 0.784915193071
0.911986588433 0.78527607362
0.911604524508 0.78527607362
0.911641541039 0.785636954168
0.91167852658 0.785997834717
0.911715481172 0.786358715265
0.911334169803 0.786358715265
0.910953177258 0.786358715265
0.910990388634 0.786719595814
0.911027568922 0.787080476362
0.911064718163 0.787441356911
0.911101836394 0.787802237459
0.910721735503 0.787802237459
0.910758965805 0.788163118008
0.910796165069 0.788523998556
0.910833333333 0.788884879105
0.910870470637 0.789245759654
0.910491257286 0.789245759654
0.910528506034 0.789606640202
0.910565723794 0.789967520751
0.910602910603 0.790328401299
0.9106400665 0.790689281848
0.910261736602 0.790689281848
0.90988372093 0.790689281848
0.909921129099 0.791050162396
0.909958506224 0.791411042945
0.909995852343 0.791771923493
0.910033167496 0.792132804042
0.909656029838 0.792132804042
0.909693454847 0.79249368459
0.909316770186 0.79249368459
0.909354304636 0.792854565139
0.909391808026 0.793215445687
0.909429280397 0.793576326236
0.909466721786 0.793937206785
0.909090909091 0.793937206785
0.908715406857 0.793937206785
0.908753096614 0.794298087333
0.908790755262 0.794658967882
0.908828382838 0.79501984843
0.908865979381 0.795380728979
0.908491343776 0.795380728979
0.908117016893 0.795380728979
0.908154859967 0.795741609527
0.908192671881 0.796102490076
0.908230452675 0.796463370624
0.907856849033 0.796463370624
0.907894736842 0.796824251173
0.907521578298 0.796824251173
0.90755957272 0.797185131721
0.907597535934 0.79754601227
0.907224958949 0.79754601227
0.906852687731 0.79754601227
0.906480721903 0.79754601227
0.906519065191 0.797906892818
0.906147540984 0.797906892818
0.90577632118 0.797906892818
0.905405405405 0.797906892818
0.905444126074 0.798267773367
0.905482815057 0.798628653916
0.905521472393 0.798989534464
0.905151267375 0.798989534464
0.905190028606 0.799350415013
0.90522875817 0.799711295561
0.904859126174 0.799711295561
0.904489795918 0.799711295561
0.90452876377 0.80007217611
0.904567699837 0.800433056658
0.904606604158 0.800793937207
0.90423797881 0.800793937207
0.904276985743 0.801154817755
0.903908794788 0.801154817755
0.903540903541 0.801154817755
0.903580146461 0.801515698304
0.903619357462 0.801876578852
0.90325203252 0.801876578852
0.903291344982 0.802237459401
0.902924451665 0.802237459401
0.902963865205 0.802598339949
0.903003246753 0.802959220498
0.903042596349 0.803320101047
0.903081914031 0.803680981595
0.90271584921 0.803680981595
0.902755267423 0.804041862144
0.902794653706 0.804402742692
0.902429149798 0.804402742692
0.90246863618 0.804763623241
0.902508090615 0.805124503789
0.902547513142 0.805485384338
0.9025869038 0.805846264886
0.902222222222 0.805846264886
0.902261712439 0.806207145435
0.901897456601 0.806207145435
0.901937046005 0.806568025983
0.901976603469 0.806928906532
0.902016129032 0.80728978708
0.902055622733 0.807650667629
0.901692183723 0.807650667629
0.901329037455 0.807650667629
0.900966183575 0.807650667629
0.901006036217 0.808011548178
0.901045856798 0.808372428726
0.900683554483 0.808372428726
0.900723472669 0.808733309275
0.900763358779 0.809094189823
0.900803212851 0.809455070372
0.900441589723 0.809455070372
0.900080256822 0.809455070372
0.900120336943 0.80981595092
0.900160384924 0.810176831469
0.900200400802 0.810537712017
0.89983974359 0.810537712017
0.89947937525 0.810537712017
0.899519615693 0.810898592566
0.89955982393 0.811259473114
0.8996 0.811620353663
0.899640143942 0.811981234211
0.89928057554 0.811981234211
0.898921294447 0.811981234211
0.898961661342 0.81234211476
0.899001996008 0.812702995309
0.898643256185 0.812702995309
0.89868368568 0.813063875857
0.898325358852 0.813063875857
0.897967317656 0.813063875857
0.897609561753 0.813063875857
0.8972520908 0.813063875857
0.896894904459 0.813063875857
0.896538002388 0.813063875857
0.896181384248 0.813063875857
0.895825049702 0.813063875857
0.89586645469 0.813424756406
0.895510528407 0.813424756406
0.895552025417 0.813785636954
0.89559348948 0.814146517503
0.895238095238 0.814146517503
0.894882982943 0.814146517503
0.894924662966 0.814507398051
0.894569956401 0.814507398051
0.894611727417 0.8148682786
0.894257425743 0.8148682786
0.893903404592 0.8148682786
0.893549663633 0.8148682786
0.893196202532 0.8148682786
0.893238434164 0.815229159148
0.893280632411 0.815590039697
0.893322797313 0.815950920245
0.89336492891 0.816311800794
0.89340702724 0.816672681342
0.893449092344 0.817033561891
0.893096646943 0.817033561891
0.892744479495 0.817033561891
0.892392589673 0.817033561891
0.89243498818 0.81739444244
0.89208349744 0.81739444244
0.892125984252 0.817755322988
0.892168437623 0.818116203537
0.891817466562 0.818116203537
0.891860007865 0.818477084085
0.891509433962 0.818477084085
0.89115913556 0.818477084085
0.89120188531 0.818837964634
0.891244601492 0.819198845182
0.890894819466 0.819198845182
0.890545311887 0.819198845182
0.890588235294 0.819559725731
0.890631125049 0.819920606279
0.890282131661 0.819920606279
0.890325107716 0.820281486828
0.889976507439 0.820281486828
0.890019569472 0.820642367376
0.889671361502 0.820642367376
0.88971450919 0.821003247925
0.889366692729 0.821003247925
0.889409925752 0.821364128473
0.8890625 0.821364128473
0.88910581804 0.821725009022
0.889149102264 0.822085889571
0.88880218494 0.822085889571
0.888845553822 0.822446770119
0.888499025341 0.822446770119
0.888542478566 0.822807650668
0.888196338138 0.822807650668
0.888239875389 0.823168531216
0.887894122227 0.823168531216
0.887548638132 0.823168531216
0.887203422793 0.823168531216
0.887247278383 0.823529411765
0.886902448504 0.823529411765
0.886946386946 0.823890292313
0.886990291262 0.824251172862
0.887034161491 0.82461205341
0.887077997672 0.824972933959
0.887121799845 0.825333814507
0.88716556805 0.825694695056
0.886821705426 0.825694695056
0.88647810926 0.825694695056
0.886134779241 0.825694695056
0.886178861789 0.826055575604
0.885835913313 0.826055575604
0.885493230174 0.826055575604
0.885150812065 0.826055575604
0.884808658678 0.826055575604
0.884466769706 0.826055575604
0.884511394361 0.826416456153
0.884555984556 0.826777336702
0.884600540332 0.82713821725
0.884645061728 0.827499097799
0.884303895102 0.827499097799
0.88434849653 0.827859978347
0.884007707129 0.827859978347
0.88405238829 0.828220858896
0.88409703504 0.828581739444
0.884141647421 0.828942619993
0.884186225471 0.829303500541
0.883846153846 0.829303500541
0.883506343714 0.829303500541
0.883166794773 0.829303500541
0.882827506723 0.829303500541
0.88287250384 0.82966438109
0.882533589251 0.82966438109
0.882194934766 0.82966438109
0.882240122746 0.830025261638
0.882285276074 0.830386142187
0.881947106171 0.830386142187
0.881992337165 0.830747022735
0.881654538491 0.830747022735
0.881316998469 0.830747022735
0.881362418676 0.831107903284
0.881407804132 0.831468783833
0.881453154876 0.831829664381
0.881498470948 0.83219054493
0.88116163546 0.83219054493
0.880825057296 0.83219054493
0.880488736159 0.83219054493
0.880534351145 0.832551425478
0.880198397558 0.832551425478
0.880244088482 0.832912306027
0.880289744567 0.833273186575
0.879954268293 0.833273186575
0.88 0.833634067124
0.880045696877 0.833994947672
0.880091358965 0.834355828221
0.879756468798 0.834355828221
0.879421833397 0.834355828221
0.879087452471 0.834355828221
0.87913340935 0.834716708769
0.878799392097 0.834716708769
0.878465628561 0.834716708769
0.878511769172 0.835077589318
0.878178368121 0.835077589318
0.878224582701 0.835438469866
0.87827076223 0.835799350415
0.877937831691 0.835799350415
0.877605153467 0.835799350415
0.877272727273 0.835799350415
0.877319197274 0.836160230964
0.876987130961 0.836160230964
0.876655315929 0.836160230964
0.876323751891 0.836160230964
0.876370510397 0.836521111512
0.87641723356 0.836881992061
0.87646392142 0.837242872609
0.876132930514 0.837242872609
0.875802189505 0.837242872609
0.875849056604 0.837603753158
0.875895888344 0.837964633706
0.87556561086 0.837964633706
0.875612514135 0.838325514255
0.875659382065 0.838686394803
0.875329566855 0.838686394803
0.875 0.838686394803
0.87504704554 0.839047275352
0.875094055681 0.8394081559
0.875141030463 0.839769036449
0.874812030075 0.839769036449
0.874483276964 0.839769036449
0.874530428249 0.840129916997
0.874577544123 0.840490797546
0.874249249249 0.840490797546
0.874296435272 0.840851678095
0.873968492123 0.840851678095
0.874015748031 0.841212558643
0.873688155922 0.841212558643
0.873360809292 0.841212558643
0.8734082397 0.841573439192
0.873455634594 0.84193431974
0.873502994012 0.842295200289
0.873550317995 0.842656080837
0.873223635004 0.842656080837
0.872897196262 0.842656080837
0.872944693572 0.843016961386
0.872618602914 0.843016961386
0.872292755788 0.843016961386
0.872340425532 0.843377841934
0.872014925373 0.843377841934
0.871689668034 0.843377841934
0.871737509321 0.843738722483
0.871412597838 0.843738722483
0.871460506706 0.844099603031
0.871508379888 0.84446048358
0.871183916605 0.84446048358
0.87123185709 0.844821364128
0.871279761905 0.845182244677
0.87132763109 0.845543125226
0.871375464684 0.845904005774
0.87105165366 0.845904005774
0.87072808321 0.845904005774
0.870776086149 0.846264886323
0.870452858203 0.846264886323
0.87012987013 0.846264886323
0.869807121662 0.846264886323
0.869484612532 0.846264886323
0.869162342476 0.846264886323
0.868840311226 0.846264886323
0.868888888889 0.846625766871
0.868567197334 0.846625766871
0.868245743893 0.846625766871
0.867924528302 0.846625766871
0.867973372781 0.84698664742
0.867652495379 0.84698664742
0.867331855137 0.84698664742
0.867011451792 0.84698664742
0.866691285081 0.84698664742
0.866371354743 0.84698664742
0.866051660517 0.84698664742
0.865732202139 0.84698664742
0.865412979351 0.84698664742
0.865093991891 0.84698664742
0.865143699337 0.847347527968
0.864825046041 0.847347527968
0.864506627393 0.847347527968
0.864188443136 0.847347527968
0.86387049301 0.847347527968
0.863920559029 0.847708408517
0.863602941176 0.847708408517
0.863285556781 0.847708408517
