0 0.0
1.0 0.000360880548538
1.0 0.000721761097077
1.0 0.00108264164562
1.0 0.00144352219415
1.0 0.00180440274269
1.0 0.00216528329123
1.0 0.00252616383977
1.0 0.00288704438831
1.0 0.00324792493685
1.0 0.00360880548538
1.0 0.00396968603392
1.0 0.00433056658246
1.0 0.004691447131
1.0 0.00505232767954
1.0 0.00541320822808
1.0 0.00577408877661
1.0 0.00613496932515
1.0 0.00649584987369
1.0 0.00685673042223
1.0 0.00721761097077
1.0 0.00757849151931
1.0 0.00793937206785
1.0 0.00830025261638
1.0 0.00866113316492
1.0 0.00902201371346
1.0 0.009382894262
1.0 0.00974377481054
1.0 0.0101046553591
1.0 0.0104655359076
1.0 0.0108264164562
1.0 0.0111872970047
1.0 0.0115481775532
1.0 0.0119090581018
1.0 0.0122699386503
1.0 0.0126308191988
1.0 0.0129916997474
1.0 0.0133525802959
1.0 0.0137134608445
1.0 0.014074341393
1.0 0.0144352219415
1.0 0.0147961024901
1.0 0.0151569830386
1.0 0.0155178635872
1.0 0.0158787441357
1.0 0.0162396246842
1.0 0.0166005052328
1.0 0.0169613857813
1.0 0.0173222663298
1.0 0.0176831468784
1.0 0.0180440274269
1.0 0.0184049079755
1.0 0.018765788524
1.0 0.0191266690725
1.0 0.0194875496211
1.0 0.0198484301696
1.0 0.0202093107182
1.0 0.0205701912667
1.0 0.0209310718152
1.0 0.0212919523638
0.983333333333 0.0212919523638
0.983606557377 0.0216528329123
0.983870967742 0.0220137134608
0.984126984127 0.0223745940094
0.984375 0.0227354745579
0.984615384615 0.0230963551065
0.984848484848 0.023457235655
0.985074626866 0.0238181162035
0.985294117647 0.0241789967521
0.971014492754 0.0241789967521
0.971428571429 0.0245398773006
0.971830985915 0.0249007578492
0.972222222222 0.0252616383977
0.972602739726 0.0256225189462
0.972972972973 0.0259833994948
0.973333333333 0.0263442800433
0.973684210526 0.0267051605918
0.974025974026 0.0270660411404
0.974358974359 0.0274269216889
0.974683544304 0.0277878022375
0.975 0.028148682786
0.975308641975 0.0285095633345
0.975609756098 0.0288704438831
0.975903614458 0.0292313244316
0.97619047619 0.0295922049802
0.976470588235 0.0299530855287
0.976744186047 0.0303139660772
0.977011494253 0.0306748466258
0.977272727273 0.0310357271743
0.977528089888 0.0313966077228
0.977777777778 0.0317574882714
0.978021978022 0.0321183688199
0.978260869565 0.0324792493685
0.978494623656 0.032840129917
0.978723404255 0.0332010104655
0.978947368421 0.0335618910141
0.979166666667 0.0339227715626
0.979381443299 0.0342836521112
0.979591836735 0.0346445326597
0.979797979798 0.0350054132082
0.98 0.0353662937568
0.980198019802 0.0357271743053
0.970588235294 0.0357271743053
0.970873786408 0.0360880548538
0.971153846154 0.0364489354024
0.971428571429 0.0368098159509
0.971698113208 0.0371706964995
0.971962616822 0.037531577048
0.972222222222 0.0378924575965
0.97247706422 0.0382533381451
0.972727272727 0.0386142186936
0.972972972973 0.0389750992422
0.973214285714 0.0393359797907
0.973451327434 0.0396968603392
0.964912280702 0.0396968603392
0.95652173913 0.0396968603392
0.956896551724 0.0400577408878
0.957264957265 0.0404186214363
0.957627118644 0.0407795019848
0.957983193277 0.0411403825334
0.958333333333 0.0415012630819
0.95867768595 0.0418621436305
0.959016393443 0.042223024179
0.959349593496 0.0425839047275
0.959677419355 0.0429447852761
0.96 0.0433056658246
0.960317460317 0.0436665463732
0.96062992126 0.0440274269217
0.9609375 0.0443883074702
0.961240310078 0.0447491880188
0.961538461538 0.0451100685673
0.961832061069 0.0454709491158
0.962121212121 0.0458318296644
0.962406015038 0.0461927102129
0.962686567164 0.0465535907615
0.962962962963 0.04691447131
0.963235294118 0.0472753518585
0.963503649635 0.0476362324071
0.963768115942 0.0479971129556
0.964028776978 0.0483579935042
0.964285714286 0.0487188740527
0.964539007092 0.0490797546012
0.964788732394 0.0494406351498
0.965034965035 0.0498015156983
0.965277777778 0.0501623962468
0.965517241379 0.0505232767954
0.965753424658 0.0508841573439
0.965986394558 0.0512450378925
0.966216216216 0.051605918441
0.96644295302 0.0519667989895
0.966666666667 0.0523276795381
0.966887417219 0.0526885600866
0.967105263158 0.0530494406351
0.967320261438 0.0534103211837
0.967532467532 0.0537712017322
0.967741935484 0.0541320822808
0.967948717949 0.0544929628293
0.968152866242 0.0548538433778
0.96835443038 0.0552147239264
0.968553459119 0.0555756044749
0.96875 0.0559364850235
0.968944099379 0.056297365572
0.969135802469 0.0566582461205
0.969325153374 0.0570191266691
0.969512195122 0.0573800072176
0.969696969697 0.0577408877661
0.969879518072 0.0581017683147
0.97005988024 0.0584626488632
0.970238095238 0.0588235294118
0.970414201183 0.0591844099603
0.970588235294 0.0595452905088
0.970760233918 0.0599061710574
0.970930232558 0.0602670516059
0.965317919075 0.0602670516059
0.965517241379 0.0606279321545
0.965714285714 0.060988812703
0.965909090909 0.0613496932515
0.966101694915 0.0617105738001
0.966292134831 0.0620714543486
0.966480446927 0.0624323348971
0.966666666667 0.0627932154457
0.966850828729 0.0631540959942
0.961538461538 0.0631540959942
0.96174863388 0.0635149765428
0.961956521739 0.0638758570913
0.962162162162 0.0642367376398
0.962365591398 0.0645976181884
0.96256684492 0.0649584987369
0.962765957447 0.0653193792855
0.962962962963 0.065680259834
0.963157894737 0.0660411403825
0.96335078534 0.0664020209311
0.963541666667 0.0667629014796
0.963730569948 0.0671237820281
0.963917525773 0.0674846625767
0.964102564103 0.0678455431252
0.964285714286 0.0682064236738
0.964467005076 0.0685673042223
0.964646464646 0.0689281847708
0.964824120603 0.0692890653194
0.965 0.0696499458679
0.965174129353 0.0700108264165
0.965346534653 0.070371706965
0.965517241379 0.0707325875135
0.96568627451 0.0710934680621
0.965853658537 0.0714543486106
0.966019417476 0.0718152291591
0.966183574879 0.0721761097077
0.961538461538 0.0721761097077
0.961722488038 0.0725369902562
0.961904761905 0.0728978708048
0.962085308057 0.0732587513533
0.962264150943 0.0736196319018
0.962441314554 0.0739805124504
0.96261682243 0.0743413929989
0.962790697674 0.0747022735475
0.962962962963 0.075063154096
0.963133640553 0.0754240346445
0.963302752294 0.0757849151931
0.963470319635 0.0761457957416
0.963636363636 0.0765066762901
0.963800904977 0.0768675568387
0.963963963964 0.0772284373872
0.964125560538 0.0775893179358
0.964285714286 0.0779501984843
0.964444444444 0.0783110790328
0.964601769912 0.0786719595814
0.964757709251 0.0790328401299
0.964912280702 0.0793937206785
0.965065502183 0.079754601227
0.965217391304 0.0801154817755
0.965367965368 0.0804763623241
0.965517241379 0.0808372428726
0.965665236052 0.0811981234211
0.965811965812 0.0815590039697
0.965957446809 0.0819198845182
0.966101694915 0.0822807650668
0.962025316456 0.0822807650668
0.96218487395 0.0826416456153
0.962343096234 0.0830025261638
0.9625 0.0833634067124
0.96265560166 0.0837242872609
0.962809917355 0.0840851678095
0.962962962963 0.084446048358
0.963114754098 0.0848069289065
0.963265306122 0.0851678094551
0.963414634146 0.0855286900036
0.963562753036 0.0858895705521
0.959677419355 0.0858895705521
0.95983935743 0.0862504511007
0.96 0.0866113316492
0.96015936255 0.0869722121978
0.960317460317 0.0873330927463
0.9604743083 0.0876939732948
0.96062992126 0.0880548538434
0.960784313725 0.0884157343919
0.9609375 0.0887766149405
0.961089494163 0.089137495489
0.957364341085 0.089137495489
0.957528957529 0.0894983760375
0.957692307692 0.0898592565861
0.95785440613 0.0902201371346
0.958015267176 0.0905810176831
0.958174904943 0.0909418982317
0.958333333333 0.0913027787802
0.958490566038 0.0916636593288
0.958646616541 0.0920245398773
0.958801498127 0.0923854204258
0.958955223881 0.0927463009744
0.959107806691 0.0931071815229
0.959259259259 0.0934680620715
0.959409594096 0.09382894262
0.959558823529 0.0941898231685
0.956043956044 0.0941898231685
0.956204379562 0.0945507037171
0.956363636364 0.0949115842656
0.95652173913 0.0952724648141
0.956678700361 0.0956333453627
0.956834532374 0.0959942259112
0.956989247312 0.0963551064598
0.957142857143 0.0967159870083
0.957295373665 0.0970768675568
0.957446808511 0.0974377481054
0.957597173145 0.0977986286539
0.957746478873 0.0981595092025
0.957894736842 0.098520389751
0.958041958042 0.0988812702995
0.95818815331 0.0992421508481
0.958333333333 0.0996030313966
0.958477508651 0.0999639119451
0.958620689655 0.100324792494
0.958762886598 0.100685673042
0.958904109589 0.101046553591
0.959044368601 0.101407434139
0.959183673469 0.101768314688
0.959322033898 0.102129195236
0.959459459459 0.102490075785
0.959595959596 0.102850956333
0.959731543624 0.103211836882
0.959866220736 0.103572717431
0.96 0.103933597979
0.960132890365 0.104294478528
0.960264900662 0.104655359076
0.960396039604 0.105016239625
0.960526315789 0.105377120173
0.960655737705 0.105738000722
0.960784313725 0.10609888127
0.960912052117 0.106459761819
0.961038961039 0.106820642367
0.961165048544 0.107181522916
0.961290322581 0.107542403464
0.961414790997 0.107903284013
0.961538461538 0.108264164562
0.961661341853 0.10862504511
0.96178343949 0.108985925659
0.961904761905 0.109346806207
0.962025316456 0.109707686756
0.96214511041 0.110068567304
0.962264150943 0.110429447853
0.962382445141 0.110790328401
0.9625 0.11115120895
0.96261682243 0.111512089498
0.962732919255 0.111872970047
0.962848297214 0.112233850595
0.962962962963 0.112594731144
0.963076923077 0.112955611693
0.963190184049 0.113316492241
0.963302752294 0.11367737279
0.963414634146 0.114038253338
0.963525835866 0.114399133887
0.963636363636 0.114760014435
0.963746223565 0.115120894984
0.963855421687 0.115481775532
0.963963963964 0.115842656081
0.964071856287 0.116203536629
0.964179104478 0.116564417178
0.964285714286 0.116925297726
0.964391691395 0.117286178275
0.96449704142 0.117647058824
0.964601769912 0.118007939372
0.964705882353 0.118368819921
0.964809384164 0.118729700469
0.964912280702 0.119090581018
0.965014577259 0.119451461566
0.96511627907 0.119812342115
0.965217391304 0.120173222663
0.965317919075 0.120534103212
0.965417867435 0.12089498376
0.965517241379 0.121255864309
0.965616045845 0.121616744857
0.965714285714 0.121977625406
0.965811965812 0.122338505955
0.965909090909 0.122699386503
0.966005665722 0.123060267052
0.966101694915 0.1234211476
0.966197183099 0.123782028149
0.966292134831 0.124142908697
0.966386554622 0.124503789246
0.966480446927 0.124864669794
0.966573816156 0.125225550343
0.966666666667 0.125586430891
0.96675900277 0.12594731144
0.966850828729 0.126308191988
0.96694214876 0.126669072537
0.967032967033 0.127029953086
0.967123287671 0.127390833634
0.967213114754 0.127751714183
0.967302452316 0.128112594731
0.967391304348 0.12847347528
0.967479674797 0.128834355828
0.967567567568 0.129195236377
0.967654986523 0.129556116925
0.967741935484 0.129916997474
0.967828418231 0.130277878022
0.967914438503 0.130638758571
0.968 0.130999639119
0.968085106383 0.131360519668
0.968169761273 0.131721400217
0.968253968254 0.132082280765
0.968337730871 0.132443161314
0.968421052632 0.132804041862
0.968503937008 0.133164922411
0.968586387435 0.133525802959
0.968668407311 0.133886683508
0.96875 0.134247564056
0.968831168831 0.134608444605
0.968911917098 0.134969325153
0.968992248062 0.135330205702
0.969072164948 0.13569108625
0.969151670951 0.136051966799
0.969230769231 0.136412847348
0.969309462916 0.136773727896
0.969387755102 0.137134608445
0.969465648855 0.137495488993
0.969543147208 0.137856369542
0.969620253165 0.13821725009
0.969696969697 0.138578130639
0.969773299748 0.138939011187
0.967336683417 0.138939011187
0.967418546366 0.139299891736
0.9675 0.139660772284
0.967581047382 0.140021652833
0.967661691542 0.140382533381
0.967741935484 0.14074341393
0.967821782178 0.141104294479
0.967901234568 0.141465175027
0.967980295567 0.141826055576
0.968058968059 0.142186936124
0.968137254902 0.142547816673
0.968215158924 0.142908697221
0.968292682927 0.14326957777
0.968369829684 0.143630458318
0.968446601942 0.143991338867
0.968523002421 0.144352219415
0.968599033816 0.144713099964
0.968674698795 0.145073980512
0.96875 0.145434861061
0.968824940048 0.14579574161
0.968899521531 0.146156622158
0.968973747017 0.146517502707
0.969047619048 0.146878383255
0.969121140143 0.147239263804
0.969194312796 0.147600144352
0.96926713948 0.147961024901
0.969339622642 0.148321905449
0.969411764706 0.148682785998
0.969483568075 0.149043666546
0.969555035129 0.149404547095
0.969626168224 0.149765427643
0.969696969697 0.150126308192
0.96976744186 0.150487188741
0.969837587007 0.150848069289
0.969907407407 0.151208949838
0.969976905312 0.151569830386
0.970046082949 0.151930710935
0.970114942529 0.152291591483
0.970183486239 0.152652472032
0.970251716247 0.15301335258
0.970319634703 0.153374233129
0.970387243736 0.153735113677
0.970454545455 0.154095994226
0.97052154195 0.154456874774
0.970588235294 0.154817755323
0.97065462754 0.155178635872
0.970720720721 0.15553951642
0.970786516854 0.155900396969
0.970852017937 0.156261277517
0.970917225951 0.156622158066
0.970982142857 0.156983038614
0.971046770601 0.157343919163
0.971111111111 0.157704799711
0.971175166297 0.15806568026
0.971238938053 0.158426560808
0.971302428256 0.158787441357
0.971365638767 0.159148321905
0.969230769231 0.159148321905
0.969298245614 0.159509202454
0.969365426696 0.159870083003
0.96943231441 0.160230963551
0.969498910675 0.1605918441
0.969565217391 0.160952724648
0.969631236443 0.161313605197
0.969696969697 0.161674485745
0.969762419006 0.162035366294
0.969827586207 0.162396246842
0.969892473118 0.162757127391
0.969957081545 0.163118007939
0.970021413276 0.163478888488
0.970085470085 0.163839769036
0.970149253731 0.164200649585
0.970212765957 0.164561530134
0.970276008493 0.164922410682
0.970338983051 0.165283291231
0.970401691332 0.165644171779
0.970464135021 0.166005052328
0.970526315789 0.166365932876
0.970588235294 0.166726813425
0.970649895178 0.167087693973
0.970711297071 0.167448574522
0.970772442589 0.16780945507
0.970833333333 0.168170335619
0.970893970894 0.168531216167
0.970954356846 0.168892096716
0.971014492754 0.169252977265
0.971074380165 0.169613857813
0.971134020619 0.169974738362
0.971193415638 0.17033561891
0.971252566735 0.170696499459
0.97131147541 0.171057380007
0.971370143149 0.171418260556
0.971428571429 0.171779141104
0.971486761711 0.172140021653
0.971544715447 0.172500902201
0.971602434077 0.17286178275
0.971659919028 0.173222663298
0.971717171717 0.173583543847
0.971774193548 0.173944424396
0.971830985915 0.174305304944
0.971887550201 0.174666185493
0.971943887776 0.175027066041
0.972 0.17538794659
0.972055888224 0.175748827138
0.972111553785 0.176109707687
0.970178926441 0.176109707687
0.970238095238 0.176470588235
0.970297029703 0.176831468784
0.970355731225 0.177192349332
0.970414201183 0.177553229881
0.970472440945 0.177914110429
0.970530451866 0.178274990978
0.96862745098 0.178274990978
0.968688845401 0.178635871527
0.96875 0.178996752075
0.968810916179 0.179357632624
0.968871595331 0.179718513172
0.968932038835 0.180079393721
0.968992248062 0.180440274269
0.969052224371 0.180801154818
0.969111969112 0.181162035366
0.969171483622 0.181522915915
0.969230769231 0.181883796463
0.969289827255 0.182244677012
0.969348659004 0.18260555756
0.969407265774 0.182966438109
0.969465648855 0.183327318658
0.969523809524 0.183688199206
0.969581749049 0.184049079755
0.969639468691 0.184409960303
0.969696969697 0.184770840852
0.969754253308 0.1851317214
0.969811320755 0.185492601949
0.969868173258 0.185853482497
0.96992481203 0.186214363046
0.969981238274 0.186575243594
0.970037453184 0.186936124143
0.968224299065 0.186936124143
0.96828358209 0.187297004691
0.96834264432 0.18765788524
0.968401486989 0.188018765789
0.968460111317 0.188379646337
0.968518518519 0.188740526886
0.968576709797 0.189101407434
0.968634686347 0.189462287983
0.968692449355 0.189823168531
0.96875 0.19018404908
0.96880733945 0.190544929628
0.968864468864 0.190905810177
0.968921389397 0.191266690725
0.96897810219 0.191627571274
0.969034608379 0.191988451822
0.969090909091 0.192349332371
0.969147005445 0.19271021292
0.969202898551 0.193071093468
0.969258589512 0.193431974017
0.969314079422 0.193792854565
0.969369369369 0.194153735114
0.969424460432 0.194514615662
0.96947935368 0.194875496211
0.967741935484 0.194875496211
0.967799642218 0.195236376759
0.967857142857 0.195597257308
0.967914438503 0.195958137856
0.967971530249 0.196319018405
0.968028419183 0.196679898953
0.968085106383 0.197040779502
0.96814159292 0.197401660051
0.966431095406 0.197401660051
0.966490299824 0.197762540599
0.966549295775 0.198123421148
0.966608084359 0.198484301696
0.966666666667 0.198845182245
0.966725043783 0.199206062793
0.966783216783 0.199566943342
0.966841186736 0.19992782389
0.966898954704 0.200288704439
0.966956521739 0.200649584987
0.965277777778 0.200649584987
0.965337954939 0.201010465536
0.965397923875 0.201371346084
0.965457685665 0.201732226633
0.965517241379 0.202093107182
0.965576592083 0.20245398773
0.965635738832 0.202814868279
0.965694682676 0.203175748827
0.965753424658 0.203536629376
0.965811965812 0.203897509924
0.965870307167 0.204258390473
0.965928449744 0.204619271021
0.965986394558 0.20498015157
0.966044142615 0.205341032118
0.966101694915 0.205701912667
0.966159052453 0.206062793215
0.966216216216 0.206423673764
0.966273187184 0.206784554313
0.96632996633 0.207145434861
0.964705882353 0.207145434861
0.964765100671 0.20750631541
0.964824120603 0.207867195958
0.964882943144 0.208228076507
0.964941569282 0.208588957055
0.965 0.208949837604
0.965058236273 0.209310718152
0.96511627907 0.209671598701
0.965174129353 0.210032479249
0.965231788079 0.210393359798
0.965289256198 0.210754240346
0.965346534653 0.211115120895
0.965403624382 0.211476001444
0.965460526316 0.211836881992
0.965517241379 0.212197762541
0.965573770492 0.212558643089
0.965630114566 0.212919523638
0.96568627451 0.213280404186
0.965742251223 0.213641284735
0.965798045603 0.214002165283
0.965853658537 0.214363045832
0.965909090909 0.21472392638
0.965964343598 0.215084806929
0.966019417476 0.215445687477
0.966074313409 0.215806568026
0.966129032258 0.216167448575
0.966183574879 0.216528329123
0.96463022508 0.216528329123
0.964686998395 0.216889209672
0.964743589744 0.21725009022
0.9648 0.217610970769
0.964856230032 0.217971851317
0.964912280702 0.218332731866
0.964968152866 0.218693612414
0.965023847377 0.219054492963
0.963492063492 0.219054492963
0.963549920761 0.219415373511
0.963607594937 0.21977625406
0.963665086888 0.220137134608
0.963722397476 0.220498015157
0.963779527559 0.220858895706
0.963836477987 0.221219776254
0.963893249608 0.221580656803
0.962382445141 0.221580656803
0.962441314554 0.221941537351
0.9625 0.2223024179
0.96255850234 0.222663298448
0.96261682243 0.223024178997
0.96267496112 0.223385059545
0.962732919255 0.223745940094
0.962790697674 0.224106820642
0.962848297214 0.224467701191
0.962905718702 0.224828581739
0.962962962963 0.225189462288
0.963020030817 0.225550342837
0.963076923077 0.225911223385
0.963133640553 0.226272103934
0.963190184049 0.226632984482
0.963246554364 0.226993865031
0.963302752294 0.227354745579
0.963358778626 0.227715626128
0.963414634146 0.228076506676
0.963470319635 0.228437387225
0.963525835866 0.228798267773
0.963581183612 0.229159148322
0.963636363636 0.22952002887
0.963691376702 0.229880909419
0.963746223565 0.230241789968
0.963800904977 0.230602670516
0.963855421687 0.230963551065
0.963909774436 0.231324431613
0.963963963964 0.231685312162
0.964017991004 0.23204619271
0.964071856287 0.232407073259
0.964125560538 0.232767953807
0.964179104478 0.233128834356
0.964232488823 0.233489714904
0.964285714286 0.233850595453
0.964338781575 0.234211476001
0.964391691395 0.23457235655
0.964444444444 0.234933237099
0.96449704142 0.235294117647
0.963072378139 0.235294117647
0.963126843658 0.235654998196
0.963181148748 0.236015878744
0.963235294118 0.236376759293
0.96328928047 0.236737639841
0.963343108504 0.23709852039
0.963396778917 0.237459400938
0.963450292398 0.237820281487
0.963503649635 0.238181162035
0.963556851312 0.238542042584
0.963609898108 0.238902923132
0.963662790698 0.239263803681
0.962264150943 0.239263803681
0.96231884058 0.23962468423
0.962373371925 0.239985564778
0.962427745665 0.240346445327
0.962481962482 0.240707325875
0.962536023055 0.241068206424
0.962589928058 0.241429086972
0.962643678161 0.241789967521
0.962697274032 0.242150848069
0.961318051576 0.242150848069
0.961373390558 0.242511728618
0.961428571429 0.242872609166
0.961483594864 0.243233489715
0.961538461538 0.243594370263
0.961593172119 0.243955250812
0.961647727273 0.244316131361
0.96170212766 0.244677011909
0.961756373938 0.245037892458
0.961810466761 0.245398773006
0.96186440678 0.245759653555
0.96191819464 0.246120534103
0.961971830986 0.246481414652
0.962025316456 0.2468422952
0.962078651685 0.247203175749
0.962131837307 0.247564056297
0.96218487395 0.247924936846
0.962237762238 0.248285817394
0.962290502793 0.248646697943
0.962343096234 0.249007578492
0.962395543175 0.24936845904
0.962447844228 0.249729339589
0.9625 0.250090220137
0.962552011096 0.250451100686
0.962603878116 0.250811981234
0.96265560166 0.251172861783
0.96270718232 0.251533742331
0.96275862069 0.25189462288
0.962809917355 0.252255503428
0.962861072902 0.252616383977
0.962912087912 0.252977264525
0.962962962963 0.253338145074
0.96301369863 0.253699025623
0.963064295486 0.254059906171
0.963114754098 0.25442078672
0.963165075034 0.254781667268
0.963215258856 0.255142547817
0.963265306122 0.255503428365
0.963315217391 0.255864308914
0.963364993216 0.256225189462
0.963414634146 0.256586070011
0.963464140731 0.256946950559
0.962162162162 0.256946950559
0.962213225371 0.257307831108
0.962264150943 0.257668711656
0.962314939435 0.258029592205
0.962365591398 0.258390472754
0.962416107383 0.258751353302
0.961126005362 0.258751353302
0.95983935743 0.258751353302
0.959893048128 0.259112233851
0.959946595461 0.259473114399
0.96 0.259833994948
0.960053262317 0.260194875496
0.960106382979 0.260555756045
0.96015936255 0.260916636593
0.960212201592 0.261277517142
0.960264900662 0.26163839769
0.960317460317 0.261999278239
0.959048877147 0.261999278239
0.959102902375 0.262360158787
0.959156785244 0.262721039336
0.959210526316 0.263081919885
0.95926412615 0.263442800433
0.959317585302 0.263803680982
0.959370904325 0.26416456153
0.958115183246 0.26416456153
0.958169934641 0.264525442079
0.958224543081 0.264886322627
0.958279009126 0.265247203176
0.95703125 0.265247203176
0.955786736021 0.265247203176
0.955844155844 0.265608083724
0.955901426719 0.265968964273
0.955958549223 0.266329844821
0.956015523933 0.26669072537
0.956072351421 0.267051605918
0.956129032258 0.267412486467
0.95618556701 0.267773367016
0.956241956242 0.268134247564
0.956298200514 0.268495128113
0.956354300385 0.268856008661
0.955128205128 0.268856008661
0.955185659411 0.26921688921
0.955242966752 0.269577769758
0.955300127714 0.269938650307
0.955357142857 0.270299530855
0.955414012739 0.270660411404
0.955470737913 0.271021291952
0.955527318933 0.271382172501
0.955583756345 0.271743053049
0.955640050697 0.272103933598
0.955696202532 0.272464814147
0.955752212389 0.272825694695
0.955808080808 0.273186575244
0.955863808323 0.273547455792
0.955919395466 0.273908336341
0.955974842767 0.274269216889
0.956030150754 0.274630097438
0.95608531995 0.274990977986
0.954887218045 0.274990977986
0.954943679599 0.275351858535
0.955 0.275712739083
0.955056179775 0.276073619632
0.955112219451 0.27643450018
0.955168119552 0.276795380729
0.955223880597 0.277156261278
0.955279503106 0.277517141826
0.955334987593 0.277878022375
0.955390334572 0.278238902923
0.955445544554 0.278599783472
0.955500618047 0.27896066402
0.955555555556 0.279321544569
0.955610357583 0.279682425117
0.955665024631 0.280043305666
0.954489544895 0.280043305666
0.954545454545 0.280404186214
0.954601226994 0.280765066763
0.954656862745 0.281125947311
0.954712362301 0.28148682786
0.954767726161 0.281847708409
0.954822954823 0.282208588957
0.95487804878 0.282569469506
0.954933008526 0.282930350054
0.95498783455 0.283291230603
0.955042527339 0.283652111151
0.955097087379 0.2840129917
0.955151515152 0.284373872248
0.955205811138 0.284734752797
0.955259975816 0.285095633345
0.955314009662 0.285456513894
0.955367913148 0.285817394442
0.955421686747 0.286178274991
0.955475330927 0.28653915554
0.955528846154 0.286900036088
0.955582232893 0.287260916637
0.955635491607 0.287621797185
0.955688622754 0.287982677734
0.955741626794 0.288343558282
0.955794504182 0.288704438831
0.95584725537 0.289065319379
0.95589988081 0.289426199928
0.955952380952 0.289787080476
0.956004756243 0.290147961025
0.956057007126 0.290508841573
0.956109134045 0.290869722122
0.954976303318 0.290869722122
0.955029585799 0.291230602671
0.955082742317 0.291591483219
0.955135773318 0.291952363768
0.955188679245 0.292313244316
0.955241460542 0.292674124865
0.955294117647 0.293035005413
0.955346650999 0.293395885962
0.955399061033 0.29375676651
0.955451348183 0.294117647059
0.955503512881 0.294478527607
0.955555555556 0.294839408156
0.955607476636 0.295200288704
0.955659276546 0.295561169253
0.955710955711 0.295922049802
0.955762514552 0.29628293035
0.955813953488 0.296643810899
0.955865272938 0.297004691447
0.955916473318 0.297365571996
0.955967555041 0.297726452544
0.956018518519 0.298087333093
0.956069364162 0.298448213641
0.956120092379 0.29880909419
0.956170703576 0.299169974738
0.956221198157 0.299530855287
0.956271576525 0.299891735835
0.95632183908 0.300252616384
0.956371986223 0.300613496933
0.956422018349 0.300974377481
0.956471935853 0.30133525803
0.95652173913 0.301696138578
0.956571428571 0.302057019127
0.956621004566 0.302417899675
0.956670467503 0.302778780224
0.956719817768 0.303139660772
0.956769055745 0.303500541321
0.956818181818 0.303861421869
0.956867196368 0.304222302418
0.956916099773 0.304583182966
0.956964892412 0.304944063515
0.957013574661 0.305304944064
0.957062146893 0.305665824612
0.957110609481 0.306026705161
0.957158962796 0.306387585709
0.957207207207 0.306748466258
0.957255343082 0.307109346806
0.957303370787 0.307470227355
0.957351290685 0.307831107903
0.957399103139 0.308191988452
0.957446808511 0.308552869
0.957494407159 0.308913749549
0.956424581006 0.308913749549
0.956473214286 0.309274630097
0.95652173913 0.309635510646
0.956570155902 0.309996391195
0.956618464961 0.310357271743
0.956666666667 0.310718152292
0.956714761376 0.31107903284
0.956762749446 0.311439913389
0.956810631229 0.311800793937
0.95685840708 0.312161674486
0.956906077348 0.312522555034
0.956953642384 0.312883435583
0.957001102536 0.313244316131
0.95704845815 0.31360519668
0.957095709571 0.313966077228
0.957142857143 0.314326957777
0.957189901207 0.314687838326
0.957236842105 0.315048718874
0.957283680175 0.315409599423
0.957330415755 0.315770479971
0.95737704918 0.31613136052
0.957423580786 0.316492241068
0.957470010905 0.316853121617
0.957516339869 0.317214002165
0.957562568009 0.317574882714
0.957608695652 0.317935763262
0.957654723127 0.318296643811
0.957700650759 0.318657524359
0.957746478873 0.319018404908
0.957792207792 0.319379285457
0.957837837838 0.319740166005
0.956803455724 0.319740166005
0.956850053937 0.320101046554
0.956896551724 0.320461927102
0.956942949408 0.320822807651
0.956989247312 0.321183688199
0.957035445757 0.321544568748
0.956008583691 0.321544568748
0.95498392283 0.321544568748
0.955032119914 0.321905449296
0.955080213904 0.322266329845
0.955128205128 0.322627210393
0.955176093917 0.322988090942
0.955223880597 0.32334897149
0.955271565495 0.323709852039
0.955319148936 0.324070732588
0.954303931987 0.324070732588
0.954352441614 0.324431613136
0.954400848356 0.324792493685
0.954449152542 0.325153374233
0.954497354497 0.325514254782
0.954545454545 0.32587513533
0.95459345301 0.326236015879
0.954641350211 0.326596896427
0.95468914647 0.326957776976
0.954736842105 0.327318657524
0.954784437434 0.327679538073
0.954831932773 0.328040418621
0.954879328437 0.32840129917
0.954926624738 0.328762179719
0.95497382199 0.329123060267
0.955020920502 0.329483940816
0.955067920585 0.329844821364
0.955114822547 0.330205701913
0.955161626694 0.330566582461
0.955208333333 0.33092746301
0.955254942768 0.331288343558
0.955301455301 0.331649224107
0.955347871236 0.332010104655
0.955394190871 0.332370985204
0.955440414508 0.332731865752
0.955486542443 0.333092746301
0.955532574974 0.33345362685
0.955578512397 0.333814507398
0.955624355005 0.334175387947
0.955670103093 0.334536268495
0.955715756952 0.334897149044
0.955761316872 0.335258029592
0.955806783145 0.335618910141
0.954825462012 0.335618910141
0.954871794872 0.335979790689
0.954918032787 0.336340671238
0.954964176049 0.336701551786
0.955010224949 0.337062432335
0.955056179775 0.337423312883
0.955102040816 0.337784193432
0.955147808359 0.338145073981
0.955193482688 0.338505954529
0.95523906409 0.338866835078
0.955284552846 0.339227715626
0.955329949239 0.339588596175
0.95537525355 0.339949476723
0.955420466059 0.340310357272
0.955465587045 0.34067123782
0.955510616785 0.341032118369
0.955555555556 0.341392998917
0.955600403633 0.341753879466
0.954637096774 0.341753879466
0.953675730111 0.341753879466
0.953722334004 0.342114760014
0.953768844221 0.342475640563
0.953815261044 0.342836521112
0.953861584754 0.34319740166
0.953907815631 0.343558282209
0.953953953954 0.343919162757
0.954 0.344280043306
0.953046953047 0.344280043306
0.952095808383 0.344280043306
0.952143569292 0.344640923854
0.95219123506 0.345001804403
0.95223880597 0.345362684951
0.952286282306 0.3457235655
0.95233366435 0.346084446048
0.952380952381 0.346445326597
0.95242814668 0.346806207145
0.952475247525 0.347167087694
0.952522255193 0.347527968243
0.95256916996 0.347888848791
0.952615992103 0.34824972934
0.952662721893 0.348610609888
0.952709359606 0.348971490437
0.952755905512 0.349332370985
0.952802359882 0.349693251534
0.952848722986 0.350054132082
0.952894995093 0.350415012631
0.952941176471 0.350775893179
0.952987267385 0.351136773728
0.953033268102 0.351497654276
0.953079178886 0.351858534825
0.953125 0.352219415374
0.953170731707 0.352580295922
0.953216374269 0.352941176471
0.953261927945 0.353302057019
0.953307392996 0.353662937568
0.953352769679 0.354023818116
0.953398058252 0.354384698665
0.953443258972 0.354745579213
0.953488372093 0.355106459762
0.95353339787 0.35546734031
0.953578336557 0.355828220859
0.953623188406 0.356189101407
0.953667953668 0.356549981956
0.953712632594 0.356910862505
0.953757225434 0.357271743053
0.953801732435 0.357632623602
0.953846153846 0.35799350415
0.95292987512 0.35799350415
0.952975047985 0.358354384699
0.953020134228 0.358715265247
0.9530651341 0.359076145796
0.953110047847 0.359437026344
0.953154875717 0.359797906893
0.952244508118 0.359797906893
0.952290076336 0.360158787441
0.952335557674 0.36051966799
0.952380952381 0.360880548538
0.952426260704 0.361241429087
0.95247148289 0.361602309636
0.952516619183 0.361963190184
0.952561669829 0.362324070733
0.952606635071 0.362684951281
0.951704545455 0.362684951281
0.950804162725 0.362684951281
0.950850661626 0.36304583183
0.95089707271 0.363406712378
0.950943396226 0.363767592927
0.950989632422 0.364128473475
0.951035781544 0.364489354024
0.951081843838 0.364850234572
0.951127819549 0.365211115121
0.95117370892 0.365571995669
0.951219512195 0.365932876218
0.951265229616 0.366293756767
0.951310861423 0.366654637315
0.951356407858 0.367015517864
0.951401869159 0.367376398412
0.951447245565 0.367737278961
0.951492537313 0.368098159509
0.951537744641 0.368459040058
0.951582867784 0.368819920606
0.951627906977 0.369180801155
0.951672862454 0.369541681703
0.951717734448 0.369902562252
0.951762523191 0.3702634428
0.951807228916 0.370624323349
0.951851851852 0.370985203898
0.951896392229 0.371346084446
0.951940850277 0.371706964995
0.951985226223 0.372067845543
0.95110701107 0.372067845543
0.951152073733 0.372428726092
0.951197053407 0.37278960664
0.951241950322 0.373150487189
0.951286764706 0.373511367737
0.951331496786 0.373872248286
0.951376146789 0.374233128834
0.950504124656 0.374233128834
0.950549450549 0.374594009383
0.950594693504 0.374954889931
0.950639853748 0.37531577048
0.950684931507 0.375676651029
0.950729927007 0.376037531577
0.950774840474 0.376398412126
0.950819672131 0.376759292674
0.950864422202 0.377120173223
0.950909090909 0.377481053771
0.950045413261 0.377481053771
0.949183303085 0.377481053771
0.949229374433 0.37784193432
0.949275362319 0.378202814868
0.949321266968 0.378563695417
0.949367088608 0.378924575965
0.949412827462 0.379285456514
0.949458483755 0.379646337062
0.94950405771 0.380007217611
0.94954954955 0.38036809816
0.949594959496 0.380728978708
0.94964028777 0.381089859257
0.949685534591 0.381450739805
0.94973070018 0.381811620354
0.949775784753 0.382172500902
0.94982078853 0.382533381451
0.949865711728 0.382894261999
0.949910554562 0.383255142548
0.949955317248 0.383616023096
0.95 0.383976903645
0.950044603033 0.384337784193
0.95008912656 0.384698664742
0.950133570793 0.385059545291
0.950177935943 0.385420425839
0.950222222222 0.385781306388
0.95026642984 0.386142186936
0.950310559006 0.386503067485
0.950354609929 0.386863948033
0.950398582817 0.387224828582
0.950442477876 0.38758570913
0.950486295314 0.387946589679
0.950530035336 0.388307470227
0.950573698147 0.388668350776
0.950617283951 0.389029231324
0.950660792952 0.389390111873
0.950704225352 0.389750992422
0.950747581354 0.39011187297
0.95079086116 0.390472753519
0.950834064969 0.390833634067
0.950877192982 0.391194514616
0.950920245399 0.391555395164
0.950963222417 0.391916275713
0.951006124234 0.392277156261
0.951048951049 0.39263803681
0.951091703057 0.392998917358
0.951134380454 0.393359797907
0.951176983435 0.393720678455
0.950348432056 0.393720678455
0.950391644909 0.394081559004
0.950434782609 0.394442439553
0.950477845352 0.394803320101
0.950520833333 0.39516420065
0.950563746748 0.395525081198
0.950606585789 0.395885961747
0.950649350649 0.396246842295
0.950692041522 0.396607722844
0.9507346586 0.396968603392
0.950777202073 0.397329483941
0.950819672131 0.397690364489
0.950862068966 0.398051245038
0.950904392765 0.398412125586
0.950946643718 0.398773006135
0.950988822012 0.399133886684
0.951030927835 0.399494767232
0.951072961373 0.399855647781
0.951114922813 0.400216528329
0.951156812339 0.400577408878
0.951198630137 0.400938289426
0.95124037639 0.401299169975
0.951282051282 0.401660050523
0.951323654996 0.402020931072
0.951365187713 0.40238181162
0.951406649616 0.402742692169
0.951448040886 0.403103572717
0.951489361702 0.403464453266
0.951530612245 0.403825333815
0.951571792693 0.404186214363
0.951612903226 0.404547094912
0.95165394402 0.40490797546
0.951694915254 0.405268856009
0.951735817104 0.405629736557
0.951776649746 0.405990617106
0.951817413356 0.406351497654
0.951858108108 0.406712378203
0.951898734177 0.407073258751
0.951939291737 0.4074341393
0.95197978096 0.407795019848
0.95202020202 0.408155900397
0.952060555088 0.408516780946
0.952100840336 0.408877661494
0.951301427372 0.408877661494
0.951342281879 0.409238542043
0.951383067896 0.409599422591
0.951423785595 0.40996030314
0.951464435146 0.410321183688
0.951505016722 0.410682064237
0.951545530493 0.411042944785
0.951585976628 0.411403825334
0.951626355296 0.411764705882
0.951666666667 0.412125586431
0.951706910908 0.412486466979
0.950915141431 0.412486466979
0.950955943475 0.412847347528
0.950996677741 0.413208228077
0.951037344398 0.413569108625
0.951077943615 0.413929989174
0.951118475559 0.414290869722
0.951158940397 0.414651750271
0.951199338296 0.415012630819
0.951239669421 0.415373511368
0.951279933939 0.415734391916
0.951320132013 0.416095272465
0.951360263809 0.416456153013
0.951400329489 0.416817033562
0.951440329218 0.41717791411
0.951480263158 0.417538794659
0.951520131471 0.417899675208
0.951559934319 0.418260555756
0.951599671862 0.418621436305
0.951639344262 0.418982316853
0.951678951679 0.419343197402
0.951718494272 0.41970407795
0.9517579722 0.420064958499
0.951797385621 0.420425839047
0.951836734694 0.420786719596
0.951876019576 0.421147600144
0.951915240424 0.421508480693
0.951954397394 0.421869361241
0.951993490643 0.42223024179
0.952032520325 0.422591122339
0.952071486596 0.422952002887
0.951298701299 0.422952002887
0.951338199513 0.423312883436
0.951377633712 0.423673763984
0.951417004049 0.424034644533
0.95145631068 0.424395525081
0.951495553759 0.42475640563
0.951534733441 0.425117286178
0.951573849879 0.425478166727
0.950806451613 0.425478166727
0.950846091861 0.425839047275
0.950885668277 0.426199927824
0.950925181014 0.426560808372
0.950964630225 0.426921688921
0.951004016064 0.42728256947
0.951043338684 0.427643450018
0.951082598236 0.428004330567
0.951121794872 0.428365211115
0.951160928743 0.428726091664
0.9512 0.429086972212
0.951239008793 0.429447852761
0.951277955272 0.429808733309
0.951316839585 0.430169613858
0.951355661882 0.430530494406
0.951394422311 0.430891374955
0.951433121019 0.431252255503
0.951471758154 0.431613136052
0.951510333863 0.431974016601
0.951548848292 0.432334897149
0.951587301587 0.432695777698
0.951625693894 0.433056658246
0.951664025357 0.433417538795
0.95170229612 0.433778419343
0.951740506329 0.434139299892
0.951778656126 0.43450018044
0.951816745656 0.434861060989
0.951854775059 0.435221941537
0.951892744479 0.435582822086
0.951930654058 0.435943702634
0.951968503937 0.436304583183
0.952006294256 0.436665463732
0.952044025157 0.43702634428
0.952081696779 0.437387224829
0.952119309262 0.437748105377
0.952156862745 0.438108985926
0.952194357367 0.438469866474
0.952231793265 0.438830747023
0.952269170579 0.439191627571
0.952306489445 0.43955250812
0.95234375 0.439913388668
0.952380952381 0.440274269217
0.952418096724 0.440635149765
0.952455183164 0.440996030314
0.952492211838 0.441356910863
0.952529182879 0.441717791411
0.952566096423 0.44207867196
0.952602952603 0.442439552508
0.952639751553 0.442800433057
0.951900698216 0.442800433057
0.951937984496 0.443161313605
0.951975213013 0.443522194154
0.952012383901 0.443883074702
0.952049497293 0.444243955251
0.952086553323 0.444604835799
0.952123552124 0.444965716348
0.952160493827 0.445326596896
0.952197378566 0.445687477445
0.952234206471 0.446048357994
0.952270977675 0.446409238542
0.952307692308 0.446770119091
0.9523443505 0.447130999639
0.952380952381 0.447491880188
0.952417498081 0.447852760736
0.95245398773 0.448213641285
0.952490421456 0.448574521833
0.952526799387 0.448935402382
0.952563121653 0.44929628293
0.952599388379 0.449657163479
0.952635599694 0.450018044027
0.952671755725 0.450378924576
0.952707856598 0.450739805125
0.952743902439 0.451100685673
0.952779893374 0.451461566222
0.952815829528 0.45182244677
0.952851711027 0.452183327319
0.952887537994 0.452544207867
0.952923310554 0.452905088416
0.952959028832 0.453265968964
0.952994692949 0.453626849513
0.95303030303 0.453987730061
0.953065859198 0.45434861061
0.953101361573 0.454709491158
0.95313681028 0.455070371707
0.953172205438 0.455431252256
0.95320754717 0.455792132804
0.953242835596 0.456153013353
0.953278070836 0.456513893901
0.953313253012 0.45687477445
0.953348382242 0.457235654998
0.953383458647 0.457596535547
0.953418482344 0.457957416095
0.953453453453 0.458318296644
0.953488372093 0.458679177192
0.953523238381 0.459040057741
0.953558052434 0.459400938289
0.953592814371 0.459761818838
0.953627524308 0.460122699387
0.952914798206 0.460122699387
0.952203136669 0.460122699387
0.95223880597 0.460483579935
0.952274422073 0.460844460484
0.952309985097 0.461205341032
0.95234549516 0.461566221581
0.952380952381 0.461927102129
0.952416356877 0.462287982678
0.951708766716 0.462287982678
0.951744617669 0.462648863226
0.95178041543 0.463009743775
0.951816160119 0.463370624323
0.951851851852 0.463731504872
0.951887490748 0.46409238542
0.951923076923 0.464453265969
0.951958610495 0.464814146518
0.951994091581 0.465175027066
0.952029520295 0.465535907615
0.951327433628 0.465535907615
0.950626381724 0.465535907615
0.950662739323 0.465896788163
0.950699043414 0.466257668712
0.950735294118 0.46661854926
0.95077149155 0.466979429809
0.95080763583 0.467340310357
0.950843727073 0.467701190906
0.950879765396 0.468062071454
0.950915750916 0.468422952003
0.950951683748 0.468783832551
0.950987564009 0.4691447131
0.951023391813 0.469505593649
0.951059167275 0.469866474197
0.951094890511 0.470227354746
0.951130561634 0.470588235294
0.951166180758 0.470949115843
0.951201747997 0.471309996391
0.951237263464 0.47167087694
0.951272727273 0.472031757488
0.950581395349 0.472031757488
0.950617283951 0.472392638037
0.950653120464 0.472753518585
0.950688905004 0.473114399134
0.950724637681 0.473475279682
0.95076031861 0.473836160231
0.9500723589 0.473836160231
0.949385394071 0.473836160231
0.948699421965 0.473836160231
0.948736462094 0.47419704078
0.948773448773 0.474557921328
0.94881038212 0.474918801877
0.948847262248 0.475279682425
0.948884089273 0.475640562974
0.948920863309 0.476001443522
0.948957584472 0.476362324071
0.948994252874 0.476723204619
0.949030868629 0.477084085168
0.949067431851 0.477444965716
0.949103942652 0.477805846265
0.949140401146 0.478166726813
0.949176807445 0.478527607362
0.94921316166 0.478888487911
0.949249463903 0.479249368459
0.949285714286 0.479610249008
0.949321912919 0.479971129556
0.949358059914 0.480332010105
0.949394155381 0.480692890653
0.94943019943 0.481053771202
0.949466192171 0.48141465175
0.949502133713 0.481775532299
0.949538024165 0.482136412847
0.949573863636 0.482497293396
0.949609652236 0.482858173944
0.949645390071 0.483219054493
0.94968107725 0.483579935042
0.949716713881 0.48394081559
0.949752300071 0.484301696139
0.949787835926 0.484662576687
0.949823321555 0.485023457236
0.949152542373 0.485023457236
0.949188426253 0.485384337784
0.94922425952 0.485745218333
0.949260042283 0.486106098881
0.949295774648 0.48646697943
0.949331456721 0.486827859978
0.949367088608 0.487188740527
0.949402670415 0.487549621075
0.949438202247 0.487910501624
0.949473684211 0.488271382173
0.94950911641 0.488632262721
0.949544498949 0.48899314327
0.949579831933 0.489354023818
0.949615115465 0.489714904367
0.94965034965 0.490075784915
0.949685534591 0.490436665464
0.949720670391 0.490797546012
0.949755757153 0.491158426561
0.949790794979 0.491519307109
0.949128919861 0.491519307109
0.949164345404 0.491880187658
0.949199721642 0.492241068206
0.949235048679 0.492601948755
0.949270326616 0.492962829304
0.949305555556 0.493323709852
0.9493407356 0.493684590401
0.949375866852 0.494045470949
0.949410949411 0.494406351498
0.94944598338 0.494767232046
0.949480968858 0.495128112595
0.949515905947 0.495488993143
0.949550794748 0.495849873692
0.949585635359 0.49621075424
0.949620427881 0.496571634789
0.948965517241 0.496571634789
0.94900068918 0.496932515337
0.949035812672 0.497293395886
0.949070887818 0.497654276435
0.949105914718 0.498015156983
0.949140893471 0.498376037532
0.949175824176 0.49873691808
0.949210706932 0.499097798629
0.949245541838 0.499458679177
0.948594928033 0.499458679177
0.948630136986 0.499819559726
0.948665297741 0.500180440274
0.948700410397 0.500541320823
0.948735475051 0.500902201371
0.948770491803 0.50126308192
0.948805460751 0.501623962468
0.948840381992 0.501984843017
0.948875255624 0.502345723565
0.948228882834 0.502345723565
0.948264125255 0.502706604114
0.948299319728 0.503067484663
0.948334466349 0.503428365211
0.948369565217 0.50378924576
0.948404616429 0.504150126308
0.948439620081 0.504511006857
0.948474576271 0.504871887405
0.948509485095 0.505232767954
0.948544346649 0.505593648502
0.948579161028 0.505954529051
0.94861392833 0.506315409599
0.948648648649 0.506676290148
0.94868332208 0.507037170696
0.948717948718 0.507398051245
0.948752528658 0.507758931794
0.948787061995 0.508119812342
0.948821548822 0.508480692891
0.948855989233 0.508841573439
0.948890383322 0.509202453988
0.948924731183 0.509563334536
0.948959032908 0.509924215085
0.948993288591 0.510285095633
0.949027498323 0.510645976182
0.949061662198 0.51100685673
0.949095780308 0.511367737279
0.949129852744 0.511728617827
0.949163879599 0.512089498376
0.949197860963 0.512450378925
0.949231796927 0.512811259473
0.949265687583 0.513172140022
0.949299533022 0.51353302057
0.949333333333 0.513893901119
0.949367088608 0.514254781667
0.949400798935 0.514615662216
0.94876912841 0.514615662216
0.948803191489 0.514976542764
0.948172757475 0.514976542764
0.948207171315 0.515337423313
0.948241539482 0.515698303861
0.948275862069 0.51605918441
0.948310139165 0.516420064958
0.948344370861 0.516780945507
0.948378557247 0.517141826056
0.948412698413 0.517502706604
0.948446794448 0.517863587153
0.948480845443 0.518224467701
0.948514851485 0.51858534825
0.948548812665 0.518946228798
0.948582729071 0.519307109347
0.948616600791 0.519667989895
0.948650427913 0.520028870444
0.948684210526 0.520389750992
0.948717948718 0.520750631541
0.948751642576 0.521111512089
0.948785292186 0.521472392638
0.948818897638 0.521833273187
0.948852459016 0.522194153735
0.948230668414 0.522194153735
0.948264571054 0.522555034284
0.948298429319 0.522915914832
0.948332243296 0.523276795381
0.948366013072 0.523637675929
0.948399738733 0.523998556478
0.948433420366 0.524359437026
0.948467058056 0.524720317575
0.94850065189 0.525081198123
0.948534201954 0.525442078672
0.948567708333 0.52580295922
0.948601171113 0.526163839769
0.948634590377 0.526524720318
0.948667966212 0.526885600866
0.948701298701 0.527246481415
0.94873458793 0.527607361963
0.948767833982 0.527968242512
0.948801036941 0.52832912306
0.948834196891 0.528690003609
0.948220064725 0.528690003609
0.948253557568 0.529050884157
0.948287007111 0.529411764706
0.948320413437 0.529772645254
0.94835377663 0.530133525803
0.948387096774 0.530494406351
0.948420373952 0.5308552869
0.948453608247 0.531216167449
0.948486799742 0.531577047997
0.94851994852 0.531937928546
0.948553054662 0.532298809094
0.948586118252 0.532659689643
0.948619139371 0.533020570191
0.9486521181 0.53338145074
0.948043617704 0.53338145074
0.948076923077 0.533742331288
0.948110185778 0.534103211837
0.94814340589 0.534464092385
0.948176583493 0.534824972934
0.94820971867 0.535185853482
0.948242811502 0.535546734031
0.948275862069 0.53590761458
0.948308870453 0.536268495128
0.948341836735 0.536629375677
0.948374760994 0.536990256225
0.948407643312 0.537351136774
0.948440483768 0.537712017322
0.948473282443 0.538072897871
0.948506039415 0.538433778419
0.948538754765 0.538794658968
0.948571428571 0.539155539516
0.948604060914 0.539516420065
0.948636651871 0.539877300613
0.948669201521 0.540238181162
0.948701709943 0.540599061711
0.948734177215 0.540959942259
0.948766603416 0.541320822808
0.948798988622 0.541681703356
0.948831332912 0.542042583905
0.948863636364 0.542403464453
0.948895899054 0.542764345002
0.948928121059 0.54312522555
0.948960302457 0.543486106099
0.948992443325 0.543846986647
0.948395217118 0.543846986647
0.948427672956 0.544207867196
0.948460087995 0.544568747744
0.948492462312 0.544929628293
0.948524795982 0.545290508842
0.948557089084 0.54565138939
0.948589341693 0.546012269939
0.948621553885 0.546373150487
0.948653725736 0.546734031036
0.948685857322 0.547094911584
0.948717948718 0.547455792133
0.94875 0.547816672681
0.948782011243 0.54817755323
0.948813982522 0.548538433778
0.948845913911 0.548899314327
0.948877805486 0.549260194875
0.948909657321 0.549621075424
0.948941469489 0.549981955973
0.948973242066 0.550342836521
0.949004975124 0.55070371707
0.949036668738 0.551064597618
0.949068322981 0.551425478167
0.949099937927 0.551786358715
0.949131513648 0.552147239264
0.949163050217 0.552508119812
0.949194547708 0.552869000361
0.949226006192 0.553229880909
0.949257425743 0.553590761458
0.949288806432 0.553951642006
0.949320148331 0.554312522555
0.949351451513 0.554673403104
0.949382716049 0.555034283652
0.949413942011 0.555395164201
0.94944512947 0.555756044749
0.949476278497 0.556116925298
0.949507389163 0.556477805846
0.949538461538 0.556838686395
0.949569495695 0.557199566943
0.949600491703 0.557560447492
0.949631449631 0.55792132804
0.949662369552 0.558282208589
0.949079754601 0.558282208589
0.949110974862 0.558643089137
0.949142156863 0.559003969686
0.949173300674 0.559364850235
0.949204406365 0.559725730783
0.949235474006 0.560086611332
0.948655256724 0.560086611332
0.94807574832 0.560086611332
0.948107448107 0.56044749188
0.948139109213 0.560808372429
0.948170731707 0.561169252977
0.948202315661 0.561530133526
0.948233861145 0.561891014074
0.948265368229 0.562251894623
0.948296836983 0.562612775171
0.948328267477 0.56297365572
0.948359659781 0.563334536268
0.948391013965 0.563695416817
0.948422330097 0.564056297366
0.948453608247 0.564417177914
0.948484848485 0.564778058463
0.948516050878 0.565138939011
0.948547215496 0.56549981956
0.948578342408 0.565860700108
0.948609431681 0.566221580657
0.948640483384 0.566582461205
0.948671497585 0.566943341754
0.948702474351 0.567304222302
0.948733413752 0.567665102851
0.948764315853 0.568025983399
0.948795180723 0.568386863948
0.948826008429 0.568747744497
0.948856799037 0.569108625045
0.948887552616 0.569469505594
0.948317307692 0.569469505594
0.948348348348 0.569830386142
0.948379351741 0.570191266691
0.948410317936 0.570552147239
0.948441247002 0.570913027788
0.948472139005 0.571273908336
0.948502994012 0.571634788885
0.948533812089 0.571995669433
0.948564593301 0.572356549982
0.948595337717 0.57271743053
0.9486260454 0.573078311079
0.948656716418 0.573439191628
0.948687350835 0.573800072176
0.948717948718 0.574160952725
0.948748510131 0.574521833273
0.948183442525 0.574521833273
0.948214285714 0.574882713822
0.948245092207 0.57524359437
0.948275862069 0.575604474919
0.948306595365 0.575965355467
0.948337292162 0.576326236016
0.948367952522 0.576687116564
0.948398576512 0.577047997113
0.948429164197 0.577408877661
0.94845971564 0.57776975821
0.948490230906 0.578130638759
0.948520710059 0.578491519307
0.948551153164 0.578852399856
0.948581560284 0.579213280404
0.948611931483 0.579574160953
0.948051948052 0.579574160953
0.94808259587 0.579935041501
0.948113207547 0.58029592205
0.948143783147 0.580656802598
0.948174322733 0.581017683147
0.948204826368 0.581378563695
0.948235294118 0.581739444244
0.948265726044 0.582100324792
0.948296122209 0.582461205341
0.948326482678 0.58282208589
0.948356807512 0.583182966438
0.948387096774 0.583543846987
0.948417350528 0.583904727535
0.948447568834 0.584265608084
0.947892271663 0.584265608084
0.947922761849 0.584626488632
0.947953216374 0.584987369181
0.947983635301 0.585348249729
0.948014018692 0.585709130278
0.948044366608 0.586070010826
0.948074679113 0.586430891375
0.948104956268 0.586791771923
0.948135198135 0.587152652472
0.948165404776 0.587513533021
0.948195576251 0.587874413569
0.948225712624 0.588235294118
0.948255813953 0.588596174666
0.948285880302 0.588957055215
0.948315911731 0.589317935763
0.948345908299 0.589678816312
0.947795823666 0.589678816312
0.947826086957 0.59003969686
0.94785631518 0.590400577409
0.947886508396 0.590761457957
0.947916666667 0.591122338506
0.947946790052 0.591483219054
0.947976878613 0.591844099603
0.948006932409 0.592204980152
0.947459584296 0.592204980152
0.947489901904 0.5925658607
0.947520184544 0.592926741249
0.947550432277 0.593287621797
0.947580645161 0.593648502346
0.947610823258 0.594009382894
0.947640966628 0.594370263443
0.947671075331 0.594731143991
0.947701149425 0.59509202454
0.947731188972 0.595452905088
0.94776119403 0.595813785637
0.947791164659 0.596174666185
0.947821100917 0.596535546734
0.947277936963 0.596535546734
0.947308132875 0.596896427283
0.947338294219 0.597257307831
0.947368421053 0.59761818838
0.947398513436 0.597979068928
0.947428571429 0.598339949477
0.947458595089 0.598700830025
0.947488584475 0.599061710574
0.947518539646 0.599422591122
0.947548460661 0.599783471671
0.947578347578 0.600144352219
0.947608200456 0.600505232768
0.947638019351 0.600866113316
0.947667804323 0.601226993865
0.947697555429 0.601587874414
0.947727272727 0.601948754962
0.947756956275 0.602309635511
0.947786606129 0.602670516059
0.947816222348 0.603031396608
0.947845804989 0.603392277156
0.947875354108 0.603753157705
0.947904869762 0.604114038253
0.947934352009 0.604474918802
0.947963800905 0.60483579935
0.947993216507 0.605196679899
0.94802259887 0.605557560447
0.948051948052 0.605918440996
0.948081264108 0.606279321545
0.948110547095 0.606640202093
0.948139797069 0.607001082642
0.948169014085 0.60736196319
0.948198198198 0.607722843739
0.948227349465 0.608083724287
0.948256467942 0.608444604836
0.948285553682 0.608805485384
0.948314606742 0.609166365933
0.948343627176 0.609527246481
0.948372615039 0.60988812703
0.948401570387 0.610249007578
0.948430493274 0.610609888127
0.948459383754 0.610970768676
0.947928331467 0.610970768676
0.947957470621 0.611331649224
0.947986577181 0.611692529773
0.948015651202 0.612053410321
0.948044692737 0.61241429087
0.948073701843 0.612775171418
0.948102678571 0.613136051967
0.948131622978 0.613496932515
0.948160535117 0.613857813064
0.948189415042 0.614218693612
0.948218262806 0.614579574161
0.948247078464 0.614940454709
0.947719688543 0.614940454709
0.947748749305 0.615301335258
0.947777777778 0.615662215807
0.947806774014 0.616023096355
0.947835738069 0.616383976904
0.947864669994 0.616744857452
0.947893569845 0.617105738001
0.947922437673 0.617466618549
0.947951273533 0.617827499098
0.947980077476 0.618188379646
0.948008849558 0.618549260195
0.948037589829 0.618910140743
0.948066298343 0.619271021292
0.948094975152 0.61963190184
0.948123620309 0.619992782389
0.948152233867 0.620353662938
0.948180815877 0.620714543486
0.948209366391 0.621075424035
0.948237885463 0.621436304583
0.948266373143 0.621797185132
0.947744774477 0.621797185132
0.947773501924 0.62215806568
0.947802197802 0.622518946229
0.947830862164 0.622879826777
0.94785949506 0.623240707326
0.947888096544 0.623601587874
0.947916666667 0.623962468423
0.947945205479 0.624323348971
0.947973713034 0.62468422952
0.948002189381 0.625045110069
0.947483588621 0.625045110069
0.947512301804 0.625405990617
0.947540983607 0.625766871166
0.94756963408 0.626127751714
0.947052401747 0.626127751714
0.94653573377 0.626127751714
0.946564885496 0.626488632263
0.94659400545 0.626849512811
0.946623093682 0.62721039336
0.946652150245 0.627571273908
0.94668117519 0.627932154457
0.94671016857 0.628293035005
0.946739130435 0.628653915554
0.946768060837 0.629014796102
0.946254071661 0.629014796102
0.946283233858 0.629375676651
0.946312364425 0.6297365572
0.946341463415 0.630097437748
0.946370530878 0.630458318297
0.946399566865 0.630819198845
0.946428571429 0.631180079394
0.946457544619 0.631540959942
0.946486486486 0.631901840491
0.946515397083 0.632262721039
0.946544276458 0.632623601588
0.946033459255 0.632623601588
0.946062567422 0.632984482136
0.946091644205 0.633345362685
0.946120689655 0.633706243233
0.946149703823 0.634067123782
0.945640473628 0.634067123782
0.9456697149 0.634428004331
0.945698924731 0.634788884879
0.94572810317 0.635149765428
0.945757250269 0.635510645976
0.945786366076 0.635871526525
0.945815450644 0.636232407073
0.945308310992 0.636232407073
0.945337620579 0.636593287622
0.945366898768 0.63695416817
0.94539614561 0.637315048719
0.945425361156 0.637675929267
0.945454545455 0.638036809816
0.945483698557 0.638397690364
0.945512820513 0.638758570913
0.945541911372 0.639119451462
0.945037353255 0.639119451462
0.944533333333 0.639119451462
0.944029850746 0.639119451462
0.944059669686 0.63948033201
0.944089456869 0.639841212559
0.944119212347 0.640202093107
0.94414893617 0.640562973656
0.944178628389 0.640923854204
0.944208289054 0.641284734753
0.944237918216 0.641645615301
0.944267515924 0.64200649585
0.944297082228 0.642367376398
0.944326617179 0.642728256947
0.944356120827 0.643089137495
0.94438559322 0.643450018044
0.94441503441 0.643810898593
0.944444444444 0.644171779141
0.944473823374 0.64453265969
0.943974630021 0.64453265969
0.944004226096 0.644893540238
0.944033790919 0.645254420787
0.943535620053 0.645254420787
0.943565400844 0.645615301335
0.943595150237 0.645976181884
0.943624868282 0.646337062432
0.943654555029 0.646697942981
0.943157894737 0.646697942981
0.943187795897 0.647058823529
0.943217665615 0.647419704078
0.943247503941 0.647780584626
0.943277310924 0.648141465175
0.943307086614 0.648502345724
0.94333683106 0.648863226272
0.94336654431 0.649224106821
0.943396226415 0.649584987369
0.943425877423 0.649945867918
0.942931937173 0.649945867918
0.942961800105 0.650306748466
0.942991631799 0.650667629015
0.943021432305 0.651028509563
0.943051201672 0.651389390112
0.943080939948 0.65175027066
0.943110647182 0.652111151209
0.942618675013 0.652111151209
0.942648592284 0.652472031757
0.942678478374 0.652832912306
0.942708333333 0.653193792855
0.94273815721 0.653554673403
0.942767950052 0.653915553952
0.942797711908 0.6542764345
0.942827442827 0.654637315049
0.942337662338 0.654637315049
0.942367601246 0.654998195597
0.942397509081 0.655359076146
0.941908713693 0.655359076146
0.941938828409 0.655719956694
0.941968911917 0.656080837243
0.941998964267 0.656441717791
0.941511387164 0.656441717791
0.941024314537 0.656441717791
0.941054808687 0.65680259834
0.941085271318 0.657163478888
0.941115702479 0.657524359437
0.94114610222 0.657885239986
0.941176470588 0.658246120534
0.940691077875 0.658246120534
0.940206185567 0.658246120534
0.940236991242 0.658607001083
0.940267765191 0.658967881631
0.940298507463 0.65932876218
0.940329218107 0.659689642728
0.940359897172 0.660050523277
0.940390544707 0.660411403825
0.94042116076 0.660772284374
0.94045174538 0.661133164922
0.940482298615 0.661494045471
0.940512820513 0.661854926019
0.940543311123 0.662215806568
0.940573770492 0.662576687117
0.940604198669 0.662937567665
0.940634595701 0.663298448214
0.940664961637 0.663659328762
0.940695296524 0.664020209311
0.940725600409 0.664381089859
0.94024514811 0.664381089859
0.940275650842 0.664741970408
0.940306122449 0.665102850956
0.939826619072 0.665102850956
0.939857288481 0.665463731505
0.939887926643 0.665824612053
0.939409368635 0.665824612053
0.939440203562 0.666185492602
0.939471007121 0.66654637315
0.939501779359 0.666907253699
0.939532520325 0.667268134248
0.939563230066 0.667629014796
0.939593908629 0.667989895345
0.939117199391 0.667989895345
0.938640973631 0.667989895345
0.938672072985 0.668350775893
0.938196555218 0.668350775893
0.938227848101 0.668711656442
0.938259109312 0.66907253699
0.938290338897 0.669433417539
0.938321536906 0.669794298087
0.938352703386 0.670155178636
0.938383838384 0.670516059184
0.937910146391 0.670516059184
0.937941473259 0.670876939733
0.937468482098 0.670876939733
0.936995967742 0.670876939733
0.937027707809 0.671237820281
0.937059415911 0.67159870083
0.937091092099 0.671959581379
0.937122736419 0.672320461927
0.937154348919 0.672681342476
0.937185929648 0.673042223024
0.937217478654 0.673403103573
0.937248995984 0.673763984121
0.937280481686 0.67412486467
0.937311935807 0.674485745218
0.937343358396 0.674846625767
0.937374749499 0.675207506315
0.937406109164 0.675568386864
0.937437437437 0.675929267412
0.937468734367 0.676290147961
0.937 0.676290147961
0.936531734133 0.676290147961
0.936563436563 0.67665102851
0.936595107339 0.677011909058
0.936626746507 0.677372789607
0.936658354115 0.677733670155
0.936689930209 0.678094550704
0.936721474838 0.678455431252
0.936752988048 0.678816311801
0.936286709806 0.678816311801
0.935820895522 0.678816311801
0.935355544505 0.678816311801
0.935387673956 0.679177192349
0.935419771485 0.679538072898
0.93545183714 0.679898953446
0.935483870968 0.680259833995
0.935515873016 0.680620714543
0.935052057511 0.680620714543
0.935084241824 0.680981595092
0.935116394255 0.681342475641
0.935148514851 0.681703356189
0.934685799109 0.681703356189
0.93471810089 0.682064236738
0.934750370737 0.682425117286
0.934782608696 0.682785997835
0.934814814815 0.683146878383
0.934846989141 0.683507758932
0.934879131722 0.68386863948
0.934911242604 0.684229520029
0.934943321833 0.684590400577
0.934975369458 0.684951281126
0.934515017233 0.684951281126
0.934547244094 0.685312161674
0.934579439252 0.685673042223
0.934611602753 0.686033922772
0.934152334152 0.686033922772
0.934184675835 0.68639480332
0.934216985763 0.686755683869
0.93375858685 0.686755683869
0.933791074056 0.687116564417
0.933823529412 0.687477444966
0.933855952964 0.687838325514
0.933398628795 0.687838325514
0.933431228585 0.688199206063
0.933463796477 0.688560086611
0.933496332518 0.68892096716
0.933528836755 0.689281847708
0.933561309233 0.689642728257
0.93359375 0.690003608805
0.933626159102 0.690364489354
0.933658536585 0.690725369903
0.933690882496 0.691086250451
0.933235867446 0.691086250451
0.933268387725 0.691447131
0.933300876339 0.691808011548
0.933333333333 0.692168892097
0.932879377432 0.692168892097
0.932912007778 0.692529772645
0.932944606414 0.692890653194
0.932977173385 0.693251533742
0.932524271845 0.693251533742
0.932071809801 0.693251533742
0.932104752667 0.693612414291
0.932137663597 0.693973294839
0.932170542636 0.694334175388
0.931719128329 0.694334175388
0.931752178122 0.694695055936
0.931785195936 0.695055936485
0.931818181818 0.695416817034
0.931851135814 0.695777697582
0.931884057971 0.696138578131
0.931434089812 0.696138578131
0.931467181467 0.696499458679
0.931017848529 0.696499458679
0.931051108968 0.696860339228
0.931084337349 0.697221219776
0.931117533719 0.697582100325
0.931150698122 0.697942980873
0.931183830606 0.698303861422
0.931216931217 0.69866474197
0.93125 0.699025622519
0.931283037001 0.699386503067
0.931316042267 0.699747383616
0.931349015843 0.700108264165
0.931381957774 0.700469144713
0.931414868106 0.700830025262
0.931447746884 0.70119090581
0.931480594154 0.701551786359
0.931513409962 0.701912666907
0.931546194351 0.702273547456
0.931578947368 0.702634428004
0.931611669058 0.702995308553
0.931166347992 0.702995308553
0.931199235547 0.703356189101
0.931232091691 0.70371706965
0.931264916468 0.704077950198
0.931297709924 0.704438830747
0.931330472103 0.704799711296
0.931363203051 0.705160591844
0.931395902811 0.705521472393
0.931428571429 0.705882352941
0.930985245121 0.705882352941
0.930542340628 0.705882352941
0.930575368521 0.70624323349
0.930608365019 0.706604114038
0.930641330166 0.706964994587
0.930674264008 0.707325875135
0.930707166588 0.707686755684
0.930740037951 0.708047636232
0.930298719772 0.708047636232
0.930331753555 0.708408516781
0.929891046897 0.708408516781
0.929450757576 0.708408516781
0.929010884998 0.708408516781
0.929044465468 0.708769397329
0.929078014184 0.709130277878
0.929111531191 0.709491158427
0.929145016533 0.709852038975
0.929178470255 0.710212919524
0.929211892402 0.710573800072
0.929245283019 0.710934680621
0.92927864215 0.711295561169
0.928840716305 0.711295561169
0.928874234574 0.711656441718
0.928907721281 0.712017322266
0.928941176471 0.712378202815
0.928974600188 0.712739083363
0.929007992478 0.713099963912
0.928571428571 0.713099963912
0.928604978863 0.71346084446
0.928169014085 0.71346084446
0.928202721727 0.713821725009
0.927767354597 0.713821725009
0.92780121894 0.714182605558
0.927835051546 0.714543486106
0.927400468384 0.714543486106
0.927434456929 0.714904366655
0.927468413664 0.715265247203
0.927034611787 0.715265247203
0.927068723703 0.715626127752
0.927102803738 0.7159870083
0.927136851938 0.716347888849
0.927170868347 0.716708769397
0.92720485301 0.717069649946
0.92677238806 0.717069649946
0.926806526807 0.717430530494
0.926374650513 0.717430530494
0.926408942711 0.717791411043
0.92644320298 0.718152291591
0.926477431363 0.71851317214
0.926511627907 0.718874052689
0.926545792655 0.719234933237
0.926115241636 0.719234933237
0.926149558755 0.719595813786
0.926183844011 0.719956694334
0.926218097448 0.720317574883
0.926252319109 0.720678455431
0.92628650904 0.72103933598
0.926320667285 0.721400216528
0.925891616489 0.721400216528
0.925925925926 0.721761097077
0.925960203609 0.722121977625
0.925994449584 0.722482858174
0.926028663893 0.722843738722
0.92606284658 0.723204619271
0.926096997691 0.72356549982
0.926131117267 0.723926380368
0.926165205353 0.724287260917
0.926199261993 0.724648141465
0.926233287229 0.725009022014
0.926267281106 0.725369902562
0.926301243667 0.725730783111
0.926335174954 0.726091663659
0.926369075012 0.726452544208
0.926402943882 0.726813424756
0.926436781609 0.727174305305
0.926470588235 0.727535185853
0.926504363803 0.727896066402
0.926538108356 0.728256946951
0.926571821937 0.728617827499
0.926605504587 0.728978708048
0.92663915635 0.729339588596
0.926672777269 0.729700469145
0.926706367384 0.730061349693
0.92673992674 0.730422230242
0.926315789474 0.730422230242
0.926349496798 0.73078311079
0.926383173297 0.731143991339
0.926416819013 0.731504871887
0.926450433988 0.731865752436
0.926484018265 0.732226632984
0.926517571885 0.732587513533
0.926551094891 0.732948394082
0.926128590971 0.732948394082
0.925706472197 0.732948394082
0.925284738041 0.732948394082
0.925318761384 0.73330927463
0.925352753755 0.733670155179
0.925386715196 0.734031035727
0.925420645748 0.734391916276
0.925454545455 0.734752796824
0.92503407542 0.734752796824
0.925068119891 0.735113677373
0.92464820699 0.735113677373
0.924228675136 0.735113677373
0.924263038549 0.735474557921
0.92384406165 0.735474557921
0.923878568192 0.73583543847
0.923913043478 0.736196319018
0.923494794024 0.736196319018
0.923529411765 0.736557199567
0.923563998191 0.736918080115
0.923598553345 0.737278960664
0.923181201988 0.737278960664
0.923215898826 0.737639841213
0.923250564334 0.738000721761
0.922833935018 0.738000721761
0.922417681552 0.738000721761
0.922452660054 0.73836160231
0.922036953583 0.73836160231
0.922072072072 0.738722482858
0.922107158937 0.739083363407
0.922142214221 0.739444243955
0.921727395412 0.739444243955
0.921762589928 0.739805124504
0.921797752809 0.740166005052
0.921383647799 0.740166005052
0.921418949259 0.740526885601
0.921005385996 0.740526885601
0.921040825482 0.740887766149
0.921076233184 0.741248646698
0.921111609144 0.741609527246
0.921146953405 0.741970407795
0.92118226601 0.742331288344
0.920769919427 0.742331288344
0.920805369128 0.742692168892
0.92084078712 0.743053049441
0.920876173447 0.743413929989
0.92091152815 0.743774810538
0.920500223314 0.743774810538
0.920089285714 0.743774810538
0.920124944221 0.744135691086
0.919714540589 0.744135691086
0.919750334374 0.744496571635
0.919786096257 0.744857452183
0.919821826281 0.745218332732
0.919857524488 0.74557921328
0.919893190921 0.745940093829
0.919928825623 0.746300974377
0.919519786572 0.746300974377
0.919111111111 0.746300974377
0.919147045757 0.746661854926
0.918738898757 0.746661854926
0.918774966711 0.747022735475
0.918811002662 0.747383616023
0.918847006652 0.747744496572
0.918439716312 0.747744496572
0.918032786885 0.747744496572
0.917626217892 0.747744496572
0.917662682603 0.74810537712
0.917699115044 0.748466257669
0.917735515259 0.748827138217
0.91732979664 0.748827138217
0.917366327883 0.749188018766
0.917402826855 0.749548899314
0.917439293598 0.749909779863
0.917475728155 0.750270660411
0.917071018968 0.750270660411
0.917107583774 0.75063154096
0.917144116351 0.750992421508
0.91718061674 0.751353302057
0.91677675033 0.751353302057
0.916813380282 0.751714182606
0.916849978003 0.752075063154
0.916886543536 0.752435943703
0.916923076923 0.752796824251
0.916959578207 0.7531577048
0.916996047431 0.753518585348
0.916593503073 0.753518585348
0.916630100921 0.753879465897
0.916666666667 0.754240346445
0.916703200351 0.754601226994
0.916301489921 0.754601226994
0.915900131406 0.754601226994
0.915499124343 0.754601226994
0.915536105033 0.754962107542
0.915573053368 0.755322988091
0.915172715348 0.755322988091
0.91520979021 0.755683868639
0.915246832678 0.756044749188
0.914847161572 0.756044749188
0.914884329987 0.756405629737
0.914921465969 0.756766510285
0.91495856956 0.757127390834
0.914995640802 0.757488271382
0.915032679739 0.757849151931
0.915069686411 0.758210032479
0.915106660862 0.758570913028
0.915143603133 0.758931793576
0.915180513267 0.759292674125
0.915217391304 0.759653554673
0.914819643633 0.759653554673
0.914422241529 0.759653554673
0.914459400782 0.760014435222
0.914496527778 0.76037531577
0.91409978308 0.76037531577
0.91370338248 0.76037531577
0.913740788903 0.760736196319
0.913778162912 0.761097076868
0.913815504547 0.761457957416
0.91341991342 0.761457957416
0.913457377759 0.761818837965
0.913494809689 0.762179718513
0.913532209252 0.762540599062
0.913569576491 0.76290147961
0.913606911447 0.763262360159
0.913212435233 0.763262360159
0.912818299525 0.763262360159
0.912855910267 0.763623240707
0.912893488573 0.763984121256
0.912931034483 0.764345001804
0.912537699268 0.764345001804
0.912144702842 0.764345001804
0.91175204477 0.764345001804
0.911359724613 0.764345001804
0.910967741935 0.764345001804
0.911006018917 0.764705882353
0.911044263 0.765066762901
0.911082474227 0.76542764345
0.911120652641 0.765788523999
0.911158798283 0.766149404547
0.911196911197 0.766510285096
0.911234991424 0.766871165644
0.911273039006 0.767232046193
0.911311053985 0.767592926741
0.911349036403 0.76795380729
0.91095890411 0.76795380729
0.910569105691 0.76795380729
0.910607356715 0.768314687838
0.910645575032 0.768675568387
0.910683760684 0.769036448935
0.910294745835 0.769036448935
0.909906063194 0.769036448935
0.909944515578 0.769397329484
0.909982935154 0.769758210032
0.909594882729 0.769758210032
0.909633418585 0.770119090581
0.909671921602 0.77047997113
0.909710391823 0.770840851678
0.90932311622 0.770840851678
0.908936170213 0.770840851678
0.908974904296 0.771201732227
0.908588435374 0.771201732227
0.908202294943 0.771201732227
0.907816482583 0.771201732227
0.907855626327 0.771562612775
0.907894736842 0.771923493324
0.907509546033 0.771923493324
0.907548770144 0.772284373872
0.907164052565 0.772284373872
0.906779661017 0.772284373872
0.90681914443 0.772645254421
0.906858594412 0.773006134969
0.906898011003 0.773367015518
0.906514382403 0.773367015518
0.906131078224 0.773367015518
0.906170752325 0.773727896066
0.906210392902 0.774088776615
0.90625 0.774449657163
0.905867454622 0.774449657163
0.905907172996 0.774810537712
0.905946857866 0.775171418261
0.905986509275 0.775532298809
0.906026127265 0.775893179358
0.906065711879 0.776254059906
0.905684210526 0.776254059906
0.905723905724 0.776614940455
0.905342869163 0.776614940455
0.905382674516 0.776975821003
0.905422446406 0.777336701552
0.905042016807 0.777336701552
0.904661906762 0.777336701552
0.904282115869 0.777336701552
0.904322282837 0.7776975821
0.90394295302 0.7776975821
0.9035639413 0.7776975821
0.903604358759 0.778058462649
0.903225806452 0.778058462649
0.902847571189 0.778058462649
0.902888237756 0.778419343197
0.902928870293 0.778780223746
0.902969468841 0.779141104294
0.903010033445 0.779501984843
0.903050564145 0.779862865392
0.902673350042 0.779862865392
0.902713987474 0.78022374594
0.902337228715 0.78022374594
0.901960784314 0.78022374594
0.902001668057 0.780584626489
0.902042517716 0.780945507037
0.902083333333 0.781306387586
0.901707621824 0.781306387586
0.901332223147 0.781306387586
0.900957136912 0.781306387586
0.900998336106 0.781667268134
0.900623700624 0.781667268134
0.900249376559 0.781667268134
0.899875363523 0.781667268134
0.89950166113 0.781667268134
0.899128268991 0.781667268134
0.898755186722 0.781667268134
0.898382413936 0.781667268134
0.898009950249 0.781667268134
0.897637795276 0.781667268134
0.897265948633 0.781667268134
0.896894409938 0.781667268134
0.896937086093 0.782028148683
0.896979726934 0.782389029231
0.896608767577 0.782389029231
0.896238114924 0.782389029231
0.895867768595 0.782389029231
0.895910780669 0.78274990978
0.89554087531 0.78274990978
0.895171275279 0.78274990978
0.895214521452 0.783110790328
0.894845360825 0.783110790328
0.894476504534 0.783110790328
0.894519983519 0.783471670877
0.894151565074 0.783471670877
0.893783449979 0.783471670877
0.89341563786 0.783471670877
0.893459481695 0.783832551425
0.893503289474 0.784193431974
0.893547061241 0.784554312523
0.893179950698 0.784554312523
0.893223819302 0.784915193071
0.893267651888 0.78527607362
0.893311448502 0.785636954168
0.892945036916 0.785636954168
0.892578925789 0.785636954168
0.89262295082 0.785997834717
0.89225727161 0.785997834717
0.892301392301 0.786358715265
0.891936144085 0.786358715265
0.891980360065 0.786719595814
0.892024539877 0.787080476362
0.892068683565 0.787441356911
0.891704127503 0.787441356911
0.891748366013 0.787802237459
0.891384238465 0.787802237459
0.891020408163 0.787802237459
0.891064871481 0.788163118008
0.891109298532 0.788523998556
0.890746025275 0.788523998556
0.890790546047 0.788884879105
0.89083503055 0.789245759654
0.890879478827 0.789606640202
0.890516890517 0.789606640202
0.890154597234 0.789606640202
0.889792598617 0.789606640202
0.889837398374 0.789967520751
0.889882161723 0.790328401299
0.889520714866 0.790328401299
0.88915956151 0.790328401299
0.888798701299 0.790328401299
0.888843813387 0.790689281848
0.888888888889 0.791050162396
0.888933927848 0.791411042945
0.888978930308 0.791771923493
0.889023896314 0.792132804042
0.888663967611 0.792132804042
0.888709024686 0.79249368459
0.888754045307 0.792854565139
0.888799029519 0.793215445687
0.888439773646 0.793215445687
0.888484848485 0.793576326236
0.888529886914 0.793937206785
0.888574888979 0.794298087333
0.888619854722 0.794658967882
0.888664784187 0.79501984843
0.888709677419 0.795380728979
0.888351471181 0.795380728979
0.888396454472 0.795741609527
0.888038662908 0.795741609527
0.88808373591 0.796102490076
0.888128772636 0.796463370624
0.88817377313 0.796824251173
0.887816646562 0.796824251173
0.887861736334 0.797185131721
0.887906789875 0.79754601227
0.887550200803 0.79754601227
0.887595343236 0.797906892818
0.887239165329 0.797906892818
0.886883273165 0.797906892818
0.886527666399 0.797906892818
0.886573146293 0.798267773367
0.886217948718 0.798267773367
0.886263516219 0.798628653916
0.886309047238 0.798989534464
0.886354541817 0.799350415013
0.8864 0.799711295561
0.886045581767 0.799711295561
0.886091127098 0.80007217611
0.886136636037 0.800433056658
0.885782747604 0.800433056658
0.885429141717 0.800433056658
0.885474860335 0.800793937207
0.885520542481 0.801154817755
0.885566188198 0.801515698304
0.885213232363 0.801515698304
0.885258964143 0.801876578852
0.884906411788 0.801876578852
0.884554140127 0.801876578852
0.884600079586 0.802237459401
0.884248210024 0.802237459401
0.884294234592 0.802598339949
0.884340222576 0.802959220498
0.883988875646 0.802959220498
0.883637807784 0.802959220498
0.883287018658 0.802959220498
0.882936507937 0.802959220498
0.882586275288 0.802959220498
0.882236320381 0.802959220498
