0 0.0
1.0 0.000360880548538
1.0 0.000721761097077
1.0 0.00108264164562
1.0 0.00144352219415
1.0 0.00180440274269
1.0 0.00216528329123
1.0 0.00252616383977
1.0 0.00288704438831
1.0 0.00324792493685
1.0 0.00360880548538
1.0 0.00396968603392
1.0 0.00433056658246
1.0 0.004691447131
1.0 0.00505232767954
1.0 0.00541320822808
1.0 0.00577408877661
1.0 0.00613496932515
1.0 0.00649584987369
1.0 0.00685673042223
1.0 0.00721761097077
1.0 0.00757849151931
1.0 0.00793937206785
1.0 0.00830025261638
1.0 0.00866113316492
1.0 0.00902201371346
1.0 0.009382894262
0.962962962963 0.009382894262
0.964285714286 0.00974377481054
0.965517241379 0.0101046553591
0.966666666667 0.0104655359076
0.967741935484 0.0108264164562
0.96875 0.0111872970047
0.969696969697 0.0115481775532
0.970588235294 0.0119090581018
0.971428571429 0.0122699386503
0.972222222222 0.0126308191988
0.972972972973 0.0129916997474
0.973684210526 0.0133525802959
0.974358974359 0.0137134608445
0.975 0.014074341393
0.975609756098 0.0144352219415
0.97619047619 0.0147961024901
0.976744186047 0.0151569830386
0.977272727273 0.0155178635872
0.977777777778 0.0158787441357
0.978260869565 0.0162396246842
0.978723404255 0.0166005052328
0.979166666667 0.0169613857813
0.959183673469 0.0169613857813
0.96 0.0173222663298
0.960784313725 0.0176831468784
0.961538461538 0.0180440274269
0.962264150943 0.0184049079755
0.962962962963 0.018765788524
0.963636363636 0.0191266690725
0.964285714286 0.0194875496211
0.964912280702 0.0198484301696
0.965517241379 0.0202093107182
0.966101694915 0.0205701912667
0.966666666667 0.0209310718152
0.967213114754 0.0212919523638
0.967741935484 0.0216528329123
0.968253968254 0.0220137134608
0.96875 0.0223745940094
0.969230769231 0.0227354745579
0.969696969697 0.0230963551065
0.970149253731 0.023457235655
0.970588235294 0.0238181162035
0.971014492754 0.0241789967521
0.957142857143 0.0241789967521
0.957746478873 0.0245398773006
0.958333333333 0.0249007578492
0.958904109589 0.0252616383977
0.959459459459 0.0256225189462
0.96 0.0259833994948
0.960526315789 0.0263442800433
0.961038961039 0.0267051605918
0.961538461538 0.0270660411404
0.962025316456 0.0274269216889
0.9625 0.0277878022375
0.962962962963 0.028148682786
0.963414634146 0.0285095633345
0.963855421687 0.0288704438831
0.964285714286 0.0292313244316
0.964705882353 0.0295922049802
0.96511627907 0.0299530855287
0.965517241379 0.0303139660772
0.965909090909 0.0306748466258
0.966292134831 0.0310357271743
0.966666666667 0.0313966077228
0.967032967033 0.0317574882714
0.967391304348 0.0321183688199
0.967741935484 0.0324792493685
0.968085106383 0.032840129917
0.968421052632 0.0332010104655
0.96875 0.0335618910141
0.969072164948 0.0339227715626
0.969387755102 0.0342836521112
0.969696969697 0.0346445326597
0.97 0.0350054132082
0.970297029703 0.0353662937568
0.970588235294 0.0357271743053
0.970873786408 0.0360880548538
0.971153846154 0.0364489354024
0.961904761905 0.0364489354024
0.962264150943 0.0368098159509
0.96261682243 0.0371706964995
0.962962962963 0.037531577048
0.963302752294 0.0378924575965
0.963636363636 0.0382533381451
0.954954954955 0.0382533381451
0.955357142857 0.0386142186936
0.955752212389 0.0389750992422
0.956140350877 0.0393359797907
0.947826086957 0.0393359797907
0.948275862069 0.0396968603392
0.948717948718 0.0400577408878
0.949152542373 0.0404186214363
0.949579831933 0.0407795019848
0.95 0.0411403825334
0.95041322314 0.0415012630819
0.950819672131 0.0418621436305
0.951219512195 0.042223024179
0.951612903226 0.0425839047275
0.952 0.0429447852761
0.952380952381 0.0433056658246
0.952755905512 0.0436665463732
0.953125 0.0440274269217
0.953488372093 0.0443883074702
0.953846153846 0.0447491880188
0.954198473282 0.0451100685673
0.954545454545 0.0454709491158
0.954887218045 0.0458318296644
0.955223880597 0.0461927102129
0.955555555556 0.0465535907615
0.955882352941 0.04691447131
0.956204379562 0.0472753518585
0.95652173913 0.0476362324071
0.956834532374 0.0479971129556
0.957142857143 0.0483579935042
0.950354609929 0.0483579935042
0.950704225352 0.0487188740527
0.951048951049 0.0490797546012
0.951388888889 0.0494406351498
0.951724137931 0.0498015156983
0.952054794521 0.0501623962468
0.952380952381 0.0505232767954
0.952702702703 0.0508841573439
0.953020134228 0.0512450378925
0.953333333333 0.051605918441
0.953642384106 0.0519667989895
0.953947368421 0.0523276795381
0.954248366013 0.0526885600866
0.954545454545 0.0530494406351
0.954838709677 0.0534103211837
0.955128205128 0.0537712017322
0.955414012739 0.0541320822808
0.955696202532 0.0544929628293
0.955974842767 0.0548538433778
0.95625 0.0552147239264
0.95652173913 0.0555756044749
0.956790123457 0.0559364850235
0.957055214724 0.056297365572
0.957317073171 0.0566582461205
0.957575757576 0.0570191266691
0.957831325301 0.0573800072176
0.958083832335 0.0577408877661
0.958333333333 0.0581017683147
0.958579881657 0.0584626488632
0.958823529412 0.0588235294118
0.959064327485 0.0591844099603
0.959302325581 0.0595452905088
0.959537572254 0.0599061710574
0.959770114943 0.0602670516059
0.96 0.0606279321545
0.960227272727 0.060988812703
0.960451977401 0.0613496932515
0.960674157303 0.0617105738001
0.960893854749 0.0620714543486
0.961111111111 0.0624323348971
0.961325966851 0.0627932154457
0.961538461538 0.0631540959942
0.96174863388 0.0635149765428
0.961956521739 0.0638758570913
0.962162162162 0.0642367376398
0.962365591398 0.0645976181884
0.96256684492 0.0649584987369
0.962765957447 0.0653193792855
0.962962962963 0.065680259834
0.963157894737 0.0660411403825
0.96335078534 0.0664020209311
0.963541666667 0.0667629014796
0.963730569948 0.0671237820281
0.963917525773 0.0674846625767
0.964102564103 0.0678455431252
0.964285714286 0.0682064236738
0.964467005076 0.0685673042223
0.964646464646 0.0689281847708
0.964824120603 0.0692890653194
0.965 0.0696499458679
0.965174129353 0.0700108264165
0.965346534653 0.070371706965
0.965517241379 0.0707325875135
0.96568627451 0.0710934680621
0.965853658537 0.0714543486106
0.966019417476 0.0718152291591
0.966183574879 0.0721761097077
0.966346153846 0.0725369902562
0.966507177033 0.0728978708048
0.966666666667 0.0732587513533
0.96682464455 0.0736196319018
0.966981132075 0.0739805124504
0.967136150235 0.0743413929989
0.967289719626 0.0747022735475
0.967441860465 0.075063154096
0.967592592593 0.0754240346445
0.967741935484 0.0757849151931
0.967889908257 0.0761457957416
0.96803652968 0.0765066762901
0.968181818182 0.0768675568387
0.968325791855 0.0772284373872
0.968468468468 0.0775893179358
0.964125560538 0.0775893179358
0.964285714286 0.0779501984843
0.964444444444 0.0783110790328
0.964601769912 0.0786719595814
0.964757709251 0.0790328401299
0.964912280702 0.0793937206785
0.965065502183 0.079754601227
0.965217391304 0.0801154817755
0.965367965368 0.0804763623241
0.965517241379 0.0808372428726
0.965665236052 0.0811981234211
0.965811965812 0.0815590039697
0.965957446809 0.0819198845182
0.966101694915 0.0822807650668
0.966244725738 0.0826416456153
0.966386554622 0.0830025261638
0.966527196653 0.0833634067124
0.966666666667 0.0837242872609
0.966804979253 0.0840851678095
0.96694214876 0.084446048358
0.9670781893 0.0848069289065
0.967213114754 0.0851678094551
0.967346938776 0.0855286900036
0.967479674797 0.0858895705521
0.967611336032 0.0862504511007
0.967741935484 0.0866113316492
0.963855421687 0.0866113316492
0.964 0.0869722121978
0.964143426295 0.0873330927463
0.964285714286 0.0876939732948
0.96442687747 0.0880548538434
0.964566929134 0.0884157343919
0.964705882353 0.0887766149405
0.96484375 0.089137495489
0.964980544747 0.0894983760375
0.96511627907 0.0898592565861
0.965250965251 0.0902201371346
0.965384615385 0.0905810176831
0.965517241379 0.0909418982317
0.965648854962 0.0913027787802
0.965779467681 0.0916636593288
0.965909090909 0.0920245398773
0.966037735849 0.0923854204258
0.966165413534 0.0927463009744
0.966292134831 0.0931071815229
0.966417910448 0.0934680620715
0.966542750929 0.09382894262
0.966666666667 0.0941898231685
0.966789667897 0.0945507037171
0.966911764706 0.0949115842656
0.967032967033 0.0952724648141
0.967153284672 0.0956333453627
0.967272727273 0.0959942259112
0.967391304348 0.0963551064598
0.967509025271 0.0967159870083
0.967625899281 0.0970768675568
0.967741935484 0.0974377481054
0.967857142857 0.0977986286539
0.967971530249 0.0981595092025
0.968085106383 0.098520389751
0.968197879859 0.0988812702995
0.968309859155 0.0992421508481
0.968421052632 0.0996030313966
0.968531468531 0.0999639119451
0.968641114983 0.100324792494
0.96875 0.100685673042
0.968858131488 0.101046553591
0.968965517241 0.101407434139
0.969072164948 0.101768314688
0.969178082192 0.102129195236
0.969283276451 0.102490075785
0.969387755102 0.102850956333
0.969491525424 0.103211836882
0.969594594595 0.103572717431
0.969696969697 0.103933597979
0.969798657718 0.104294478528
0.969899665552 0.104655359076
0.97 0.105016239625
0.970099667774 0.105377120173
0.970198675497 0.105738000722
0.970297029703 0.10609888127
0.970394736842 0.106459761819
0.970491803279 0.106820642367
0.970588235294 0.107181522916
0.970684039088 0.107542403464
0.970779220779 0.107903284013
0.970873786408 0.108264164562
0.970967741935 0.10862504511
0.971061093248 0.108985925659
0.971153846154 0.109346806207
0.97124600639 0.109707686756
0.971337579618 0.110068567304
0.971428571429 0.110429447853
0.971518987342 0.110790328401
0.971608832808 0.11115120895
0.971698113208 0.111512089498
0.971786833856 0.111872970047
0.971875 0.112233850595
0.971962616822 0.112594731144
0.972049689441 0.112955611693
0.97213622291 0.113316492241
0.972222222222 0.11367737279
0.972307692308 0.114038253338
0.972392638037 0.114399133887
0.97247706422 0.114760014435
0.97256097561 0.115120894984
0.9726443769 0.115481775532
0.972727272727 0.115842656081
0.972809667674 0.116203536629
0.972891566265 0.116564417178
0.972972972973 0.116925297726
0.973053892216 0.117286178275
0.973134328358 0.117647058824
0.973214285714 0.118007939372
0.973293768546 0.118368819921
0.970414201183 0.118368819921
0.970501474926 0.118729700469
0.970588235294 0.119090581018
0.970674486804 0.119451461566
0.970760233918 0.119812342115
0.97084548105 0.120173222663
0.970930232558 0.120534103212
0.971014492754 0.12089498376
0.971098265896 0.121255864309
0.971181556196 0.121616744857
0.971264367816 0.121977625406
0.971346704871 0.122338505955
0.971428571429 0.122699386503
0.97150997151 0.123060267052
0.971590909091 0.1234211476
0.971671388102 0.123782028149
0.971751412429 0.124142908697
0.971830985915 0.124503789246
0.97191011236 0.124864669794
0.971988795518 0.125225550343
0.972067039106 0.125586430891
0.972144846797 0.12594731144
0.972222222222 0.126308191988
0.972299168975 0.126669072537
0.972375690608 0.127029953086
0.969696969697 0.127029953086
0.96978021978 0.127390833634
0.969863013699 0.127751714183
0.969945355191 0.128112594731
0.970027247956 0.12847347528
0.970108695652 0.128834355828
0.970189701897 0.129195236377
0.97027027027 0.129556116925
0.970350404313 0.129916997474
0.970430107527 0.130277878022
0.970509383378 0.130638758571
0.970588235294 0.130999639119
0.970666666667 0.131360519668
0.970744680851 0.131721400217
0.970822281167 0.132082280765
0.970899470899 0.132443161314
0.970976253298 0.132804041862
0.971052631579 0.133164922411
0.971128608924 0.133525802959
0.971204188482 0.133886683508
0.971279373368 0.134247564056
0.96875 0.134247564056
0.968831168831 0.134608444605
0.968911917098 0.134969325153
0.968992248062 0.135330205702
0.969072164948 0.13569108625
0.969151670951 0.136051966799
0.969230769231 0.136412847348
0.969309462916 0.136773727896
0.969387755102 0.137134608445
0.969465648855 0.137495488993
0.969543147208 0.137856369542
0.969620253165 0.13821725009
0.969696969697 0.138578130639
0.969773299748 0.138939011187
0.967336683417 0.138939011187
0.967418546366 0.139299891736
0.9675 0.139660772284
0.967581047382 0.140021652833
0.967661691542 0.140382533381
0.967741935484 0.14074341393
0.967821782178 0.141104294479
0.967901234568 0.141465175027
0.967980295567 0.141826055576
0.968058968059 0.142186936124
0.968137254902 0.142547816673
0.968215158924 0.142908697221
0.968292682927 0.14326957777
0.968369829684 0.143630458318
0.968446601942 0.143991338867
0.968523002421 0.144352219415
0.968599033816 0.144713099964
0.968674698795 0.145073980512
0.96875 0.145434861061
0.968824940048 0.14579574161
0.968899521531 0.146156622158
0.968973747017 0.146517502707
0.969047619048 0.146878383255
0.969121140143 0.147239263804
0.969194312796 0.147600144352
0.96926713948 0.147961024901
0.969339622642 0.148321905449
0.969411764706 0.148682785998
0.969483568075 0.149043666546
0.969555035129 0.149404547095
0.969626168224 0.149765427643
0.969696969697 0.150126308192
0.96976744186 0.150487188741
0.969837587007 0.150848069289
0.969907407407 0.151208949838
0.969976905312 0.151569830386
0.970046082949 0.151930710935
0.970114942529 0.152291591483
0.970183486239 0.152652472032
0.970251716247 0.15301335258
0.970319634703 0.153374233129
0.970387243736 0.153735113677
0.970454545455 0.154095994226
0.97052154195 0.154456874774
0.970588235294 0.154817755323
0.97065462754 0.155178635872
0.970720720721 0.15553951642
0.970786516854 0.155900396969
0.970852017937 0.156261277517
0.970917225951 0.156622158066
0.970982142857 0.156983038614
0.971046770601 0.157343919163
0.971111111111 0.157704799711
0.971175166297 0.15806568026
0.971238938053 0.158426560808
0.971302428256 0.158787441357
0.971365638767 0.159148321905
0.971428571429 0.159509202454
0.97149122807 0.159870083003
0.971553610503 0.160230963551
0.971615720524 0.1605918441
0.971677559913 0.160952724648
0.971739130435 0.161313605197
0.969631236443 0.161313605197
0.969696969697 0.161674485745
0.969762419006 0.162035366294
0.969827586207 0.162396246842
0.969892473118 0.162757127391
0.969957081545 0.163118007939
0.970021413276 0.163478888488
0.970085470085 0.163839769036
0.968017057569 0.163839769036
0.968085106383 0.164200649585
0.968152866242 0.164561530134
0.968220338983 0.164922410682
0.968287526427 0.165283291231
0.966244725738 0.165283291231
0.966315789474 0.165644171779
0.966386554622 0.166005052328
0.966457023061 0.166365932876
0.966527196653 0.166726813425
0.966597077244 0.167087693973
0.966666666667 0.167448574522
0.966735966736 0.16780945507
0.966804979253 0.168170335619
0.966873706004 0.168531216167
0.96694214876 0.168892096716
0.967010309278 0.169252977265
0.9670781893 0.169613857813
0.967145790554 0.169974738362
0.967213114754 0.17033561891
0.967280163599 0.170696499459
0.967346938776 0.171057380007
0.967413441955 0.171418260556
0.967479674797 0.171779141104
0.967545638945 0.172140021653
0.967611336032 0.172500902201
0.967676767677 0.17286178275
0.967741935484 0.173222663298
0.967806841046 0.173583543847
0.967871485944 0.173944424396
0.967935871743 0.174305304944
0.968 0.174666185493
0.968063872255 0.175027066041
0.96812749004 0.17538794659
0.968190854871 0.175748827138
0.968253968254 0.176109707687
0.968316831683 0.176470588235
0.96837944664 0.176831468784
0.968441814596 0.177192349332
0.968503937008 0.177553229881
0.968565815324 0.177914110429
0.96862745098 0.178274990978
0.968688845401 0.178635871527
0.96875 0.178996752075
0.968810916179 0.179357632624
0.968871595331 0.179718513172
0.968932038835 0.180079393721
0.968992248062 0.180440274269
0.969052224371 0.180801154818
0.969111969112 0.181162035366
0.969171483622 0.181522915915
0.969230769231 0.181883796463
0.969289827255 0.182244677012
0.969348659004 0.18260555756
0.969407265774 0.182966438109
0.969465648855 0.183327318658
0.969523809524 0.183688199206
0.969581749049 0.184049079755
0.969639468691 0.184409960303
0.969696969697 0.184770840852
0.969754253308 0.1851317214
0.969811320755 0.185492601949
0.967984934087 0.185492601949
0.968045112782 0.185853482497
0.968105065666 0.186214363046
0.968164794007 0.186575243594
0.968224299065 0.186936124143
0.96828358209 0.187297004691
0.96834264432 0.18765788524
0.968401486989 0.188018765789
0.968460111317 0.188379646337
0.968518518519 0.188740526886
0.968576709797 0.189101407434
0.968634686347 0.189462287983
0.968692449355 0.189823168531
0.96875 0.19018404908
0.96880733945 0.190544929628
0.968864468864 0.190905810177
0.968921389397 0.191266690725
0.96897810219 0.191627571274
0.969034608379 0.191988451822
0.969090909091 0.192349332371
0.969147005445 0.19271021292
0.969202898551 0.193071093468
0.969258589512 0.193431974017
0.969314079422 0.193792854565
0.969369369369 0.194153735114
0.969424460432 0.194514615662
0.96947935368 0.194875496211
0.969534050179 0.195236376759
0.969588550984 0.195597257308
0.969642857143 0.195958137856
0.969696969697 0.196319018405
0.96975088968 0.196679898953
0.969804618117 0.197040779502
0.969858156028 0.197401660051
0.969911504425 0.197762540599
0.969964664311 0.198123421148
0.970017636684 0.198484301696
0.970070422535 0.198845182245
0.970123022847 0.199206062793
0.970175438596 0.199566943342
0.970227670753 0.19992782389
0.97027972028 0.200288704439
0.968586387435 0.200288704439
0.968641114983 0.200649584987
0.968695652174 0.201010465536
0.96875 0.201371346084
0.968804159445 0.201732226633
0.968858131488 0.202093107182
0.968911917098 0.20245398773
0.968965517241 0.202814868279
0.969018932874 0.203175748827
0.969072164948 0.203536629376
0.969125214408 0.203897509924
0.969178082192 0.204258390473
0.969230769231 0.204619271021
0.969283276451 0.20498015157
0.96933560477 0.205341032118
0.969387755102 0.205701912667
0.969439728353 0.206062793215
0.969491525424 0.206423673764
0.969543147208 0.206784554313
0.969594594595 0.207145434861
0.969645868465 0.20750631541
0.969696969697 0.207867195958
0.96974789916 0.208228076507
0.968120805369 0.208228076507
0.968174204355 0.208588957055
0.968227424749 0.208949837604
0.968280467446 0.209310718152
0.968333333333 0.209671598701
0.968386023295 0.210032479249
0.968438538206 0.210393359798
0.968490878939 0.210754240346
0.966887417219 0.210754240346
0.965289256198 0.210754240346
0.965346534653 0.211115120895
0.965403624382 0.211476001444
0.965460526316 0.211836881992
0.965517241379 0.212197762541
0.965573770492 0.212558643089
0.965630114566 0.212919523638
0.96568627451 0.213280404186
0.965742251223 0.213641284735
0.965798045603 0.214002165283
0.965853658537 0.214363045832
0.965909090909 0.21472392638
0.965964343598 0.215084806929
0.966019417476 0.215445687477
0.966074313409 0.215806568026
0.966129032258 0.216167448575
0.966183574879 0.216528329123
0.966237942122 0.216889209672
0.966292134831 0.21725009022
0.966346153846 0.217610970769
0.9664 0.217971851317
0.966453674121 0.218332731866
0.966507177033 0.218693612414
0.966560509554 0.219054492963
0.966613672496 0.219415373511
0.966666666667 0.21977625406
0.966719492868 0.220137134608
0.965189873418 0.220137134608
0.965244865719 0.220498015157
0.965299684543 0.220858895706
0.965354330709 0.221219776254
0.965408805031 0.221580656803
0.96546310832 0.221941537351
0.965517241379 0.2223024179
0.965571205008 0.222663298448
0.965625 0.223024178997
0.965678627145 0.223385059545
0.965732087227 0.223745940094
0.965785381026 0.224106820642
0.965838509317 0.224467701191
0.965891472868 0.224828581739
0.965944272446 0.225189462288
0.96599690881 0.225550342837
0.966049382716 0.225911223385
0.966101694915 0.226272103934
0.966153846154 0.226632984482
0.966205837174 0.226993865031
0.966257668712 0.227354745579
0.966309341501 0.227715626128
0.966360856269 0.228076506676
0.96641221374 0.228437387225
0.966463414634 0.228798267773
0.966514459665 0.229159148322
0.966565349544 0.22952002887
0.966616084977 0.229880909419
0.966666666667 0.230241789968
0.96671709531 0.230602670516
0.966767371601 0.230963551065
0.966817496229 0.231324431613
0.96686746988 0.231685312162
0.966917293233 0.23204619271
0.966966966967 0.232407073259
0.967016491754 0.232767953807
0.967065868263 0.233128834356
0.96711509716 0.233489714904
0.967164179104 0.233850595453
0.967213114754 0.234211476001
0.967261904762 0.23457235655
0.967310549777 0.234933237099
0.967359050445 0.235294117647
0.967407407407 0.235654998196
0.967455621302 0.236015878744
0.967503692762 0.236376759293
0.966076696165 0.236376759293
0.966126656848 0.236737639841
0.966176470588 0.23709852039
0.966226138032 0.237459400938
0.966275659824 0.237820281487
0.96486090776 0.237820281487
0.964912280702 0.238181162035
0.96496350365 0.238542042584
0.965014577259 0.238902923132
0.965065502183 0.239263803681
0.96511627907 0.23962468423
0.963715529753 0.23962468423
0.963768115942 0.239985564778
0.963820549928 0.240346445327
0.96387283237 0.240707325875
0.963924963925 0.241068206424
0.963976945245 0.241429086972
0.964028776978 0.241789967521
0.96408045977 0.242150848069
0.964131994261 0.242511728618
0.964183381089 0.242872609166
0.964234620887 0.243233489715
0.964285714286 0.243594370263
0.964336661912 0.243955250812
0.964387464387 0.244316131361
0.964438122333 0.244677011909
0.964488636364 0.245037892458
0.964539007092 0.245398773006
0.964589235127 0.245759653555
0.964639321075 0.246120534103
0.964689265537 0.246481414652
0.964739069111 0.2468422952
0.964788732394 0.247203175749
0.963431786217 0.247203175749
0.963483146067 0.247564056297
0.963534361851 0.247924936846
0.963585434174 0.248285817394
0.963636363636 0.248646697943
0.963687150838 0.249007578492
0.963737796374 0.24936845904
0.963788300836 0.249729339589
0.963838664812 0.250090220137
0.9625 0.250090220137
0.962552011096 0.250451100686
0.962603878116 0.250811981234
0.96265560166 0.251172861783
0.96270718232 0.251533742331
0.96275862069 0.25189462288
0.962809917355 0.252255503428
0.962861072902 0.252616383977
0.962912087912 0.252977264525
0.962962962963 0.253338145074
0.96301369863 0.253699025623
0.963064295486 0.254059906171
0.963114754098 0.25442078672
0.963165075034 0.254781667268
0.963215258856 0.255142547817
0.963265306122 0.255503428365
0.963315217391 0.255864308914
0.963364993216 0.256225189462
0.963414634146 0.256586070011
0.963464140731 0.256946950559
0.963513513514 0.257307831108
0.963562753036 0.257668711656
0.963611859838 0.258029592205
0.963660834455 0.258390472754
0.963709677419 0.258751353302
0.963758389262 0.259112233851
0.963806970509 0.259473114399
0.963855421687 0.259833994948
0.963903743316 0.260194875496
0.963951935915 0.260555756045
0.964 0.260916636593
0.964047936085 0.261277517142
0.964095744681 0.26163839769
0.964143426295 0.261999278239
0.964190981432 0.262360158787
0.964238410596 0.262721039336
0.964285714286 0.263081919885
0.964332892999 0.263442800433
0.96437994723 0.263803680982
0.963109354414 0.263803680982
0.963157894737 0.26416456153
0.96320630749 0.264525442079
0.963254593176 0.264886322627
0.963302752294 0.265247203176
0.96335078534 0.265608083724
0.96339869281 0.265968964273
0.963446475196 0.266329844821
0.963494132986 0.26669072537
0.963541666667 0.267051605918
0.963589076723 0.267412486467
0.963636363636 0.267773367016
0.963683527886 0.268134247564
0.962435233161 0.268134247564
0.961190168176 0.268134247564
0.961240310078 0.268495128113
0.961290322581 0.268856008661
0.961340206186 0.26921688921
0.96138996139 0.269577769758
0.961439588689 0.269938650307
0.961489088575 0.270299530855
0.961538461538 0.270660411404
0.961587708067 0.271021291952
0.961636828645 0.271382172501
0.961685823755 0.271743053049
0.961734693878 0.272103933598
0.96178343949 0.272464814147
0.961832061069 0.272825694695
0.961880559085 0.273186575244
0.96192893401 0.273547455792
0.961977186312 0.273908336341
0.962025316456 0.274269216889
0.962073324905 0.274630097438
0.962121212121 0.274990977986
0.962168978562 0.275351858535
0.962216624685 0.275712739083
0.962264150943 0.276073619632
0.962311557789 0.27643450018
0.962358845671 0.276795380729
0.962406015038 0.277156261278
0.962453066333 0.277517141826
0.9625 0.277878022375
0.962546816479 0.278238902923
0.962593516209 0.278599783472
0.962640099626 0.27896066402
0.962686567164 0.279321544569
0.962732919255 0.279682425117
0.962779156328 0.280043305666
0.96282527881 0.280404186214
0.962871287129 0.280765066763
0.962917181706 0.281125947311
0.962962962963 0.28148682786
0.963008631319 0.281847708409
0.963054187192 0.282208588957
0.963099630996 0.282569469506
0.963144963145 0.282930350054
0.963190184049 0.283291230603
0.963235294118 0.283652111151
0.963280293758 0.2840129917
0.963325183374 0.284373872248
0.96336996337 0.284734752797
0.963414634146 0.285095633345
0.963459196102 0.285456513894
0.963503649635 0.285817394442
0.96354799514 0.286178274991
0.96359223301 0.28653915554
0.963636363636 0.286900036088
0.963680387409 0.287260916637
0.963724304716 0.287621797185
0.963768115942 0.287982677734
0.962605548854 0.287982677734
0.96265060241 0.288343558282
0.962695547533 0.288704438831
0.962740384615 0.289065319379
0.962785114046 0.289426199928
0.962829736211 0.289787080476
0.962874251497 0.290147961025
0.962918660287 0.290508841573
0.962962962963 0.290869722122
0.963007159905 0.291230602671
0.96305125149 0.291591483219
0.963095238095 0.291952363768
0.963139120095 0.292313244316
0.963182897862 0.292674124865
0.963226571767 0.293035005413
0.96327014218 0.293395885962
0.963313609467 0.29375676651
0.963356973995 0.294117647059
0.963400236128 0.294478527607
0.963443396226 0.294839408156
0.962308598351 0.294839408156
0.962352941176 0.295200288704
0.962397179788 0.295561169253
0.962441314554 0.295922049802
0.962485345838 0.29628293035
0.962529274005 0.296643810899
0.962573099415 0.297004691447
0.96261682243 0.297365571996
0.962660443407 0.297726452544
0.962703962704 0.298087333093
0.962747380675 0.298448213641
0.962790697674 0.29880909419
0.962833914053 0.299169974738
0.962877030162 0.299530855287
0.96292004635 0.299891735835
0.962962962963 0.300252616384
0.963005780347 0.300613496933
0.961893764434 0.300613496933
0.961937716263 0.300974377481
0.96198156682 0.30133525803
0.962025316456 0.301696138578
0.962068965517 0.302057019127
0.960964408726 0.302057019127
0.961009174312 0.302417899675
0.961053837342 0.302778780224
0.961098398169 0.303139660772
0.961142857143 0.303500541321
0.961187214612 0.303861421869
0.961231470924 0.304222302418
0.961275626424 0.304583182966
0.961319681456 0.304944063515
0.961363636364 0.305304944064
0.961407491487 0.305665824612
0.961451247166 0.306026705161
0.961494903737 0.306387585709
0.960407239819 0.306387585709
0.960451977401 0.306748466258
0.960496613995 0.307109346806
0.960541149944 0.307470227355
0.960585585586 0.307831107903
0.96062992126 0.308191988452
0.960674157303 0.308552869
0.960718294052 0.308913749549
0.960762331839 0.309274630097
0.960806270997 0.309635510646
0.960850111857 0.309996391195
0.960893854749 0.310357271743
0.9609375 0.310718152292
0.960981047938 0.31107903284
0.961024498886 0.311439913389
0.96106785317 0.311800793937
0.961111111111 0.312161674486
0.96115427303 0.312522555034
0.960088691796 0.312522555034
0.960132890365 0.312883435583
0.96017699115 0.313244316131
0.960220994475 0.31360519668
0.960264900662 0.313966077228
0.960308710033 0.314326957777
0.960352422907 0.314687838326
0.960396039604 0.315048718874
0.96043956044 0.315409599423
0.96048298573 0.315770479971
0.960526315789 0.31613136052
0.960569550931 0.316492241068
0.960612691466 0.316853121617
0.960655737705 0.317214002165
0.960698689956 0.317574882714
0.960741548528 0.317935763262
0.960784313725 0.318296643811
0.960826985854 0.318657524359
0.960869565217 0.319018404908
0.960912052117 0.319379285457
0.960954446855 0.319740166005
0.960996749729 0.320101046554
0.961038961039 0.320461927102
0.961081081081 0.320822807651
0.961123110151 0.321183688199
0.961165048544 0.321544568748
0.961206896552 0.321905449296
0.961248654467 0.322266329845
0.961290322581 0.322627210393
0.961331901182 0.322988090942
0.961373390558 0.32334897149
0.961414790997 0.323709852039
0.961456102784 0.324070732588
0.961497326203 0.324431613136
0.961538461538 0.324792493685
0.961579509072 0.325153374233
0.961620469083 0.325514254782
0.961661341853 0.32587513533
0.96170212766 0.326236015879
0.96174282678 0.326596896427
0.96178343949 0.326957776976
0.961823966066 0.327318657524
0.96186440678 0.327679538073
0.961904761905 0.328040418621
0.961945031712 0.32840129917
0.961985216473 0.328762179719
0.962025316456 0.329123060267
0.962065331928 0.329483940816
0.962105263158 0.329844821364
0.96214511041 0.330205701913
0.96218487395 0.330566582461
0.96222455404 0.33092746301
0.962264150943 0.331288343558
0.961256544503 0.331288343558
0.96129707113 0.331649224107
0.961337513062 0.332010104655
0.961377870564 0.332370985204
0.9614181439 0.332731865752
0.961458333333 0.333092746301
0.961498439126 0.33345362685
0.961538461538 0.333814507398
0.961578400831 0.334175387947
0.961618257261 0.334536268495
0.961658031088 0.334897149044
0.961697722567 0.335258029592
0.961737331954 0.335618910141
0.961776859504 0.335979790689
0.96181630547 0.336340671238
0.961855670103 0.336701551786
0.961894953656 0.337062432335
0.961934156379 0.337423312883
0.96197327852 0.337784193432
0.960985626283 0.337784193432
0.961025641026 0.338145073981
0.96106557377 0.338505954529
0.96110542477 0.338866835078
0.961145194274 0.339227715626
0.961184882533 0.339588596175
0.961224489796 0.339949476723
0.960244648318 0.339949476723
0.960285132383 0.340310357272
0.960325534079 0.34067123782
0.960365853659 0.341032118369
0.960406091371 0.341392998917
0.960446247465 0.341753879466
0.960486322188 0.342114760014
0.960526315789 0.342475640563
0.960566228514 0.342836521112
0.960606060606 0.34319740166
0.960645812311 0.343558282209
0.960685483871 0.343919162757
0.960725075529 0.344280043306
0.960764587525 0.344640923854
0.960804020101 0.345001804403
0.960843373494 0.345362684951
0.960882647944 0.3457235655
0.960921843687 0.346084446048
0.960960960961 0.346445326597
0.96 0.346445326597
0.959040959041 0.346445326597
0.959081836327 0.346806207145
0.959122632104 0.347167087694
0.959163346614 0.347527968243
0.9592039801 0.347888848791
0.959244532803 0.34824972934
0.959285004965 0.348610609888
0.959325396825 0.348971490437
0.959365708622 0.349332370985
0.959405940594 0.349693251534
0.959446092977 0.350054132082
0.958498023715 0.350054132082
0.95853899309 0.350415012631
0.958579881657 0.350775893179
0.958620689655 0.351136773728
0.958661417323 0.351497654276
0.958702064897 0.351858534825
0.958742632613 0.352219415374
0.958783120707 0.352580295922
0.958823529412 0.352941176471
0.958863858962 0.353302057019
0.958904109589 0.353662937568
0.958944281525 0.354023818116
0.958984375 0.354384698665
0.958048780488 0.354384698665
0.958089668616 0.354745579213
0.958130477118 0.355106459762
0.958171206226 0.35546734031
0.957240038873 0.35546734031
0.957281553398 0.355828220859
0.957322987391 0.356189101407
0.957364341085 0.356549981956
0.957405614714 0.356910862505
0.957446808511 0.357271743053
0.957487922705 0.357632623602
0.957528957529 0.35799350415
0.957569913211 0.358354384699
0.957610789981 0.358715265247
0.957651588065 0.359076145796
0.957692307692 0.359437026344
0.957732949087 0.359797906893
0.957773512476 0.360158787441
0.957813998082 0.36051966799
0.956896551724 0.36051966799
0.956937799043 0.360880548538
0.956978967495 0.361241429087
0.957020057307 0.361602309636
0.957061068702 0.361963190184
0.957102001907 0.362324070733
0.957142857143 0.362684951281
0.957183634634 0.36304583183
0.957224334601 0.363406712378
0.957264957265 0.363767592927
0.957305502846 0.364128473475
0.957345971564 0.364489354024
0.957386363636 0.364850234572
0.957426679281 0.365211115121
0.95652173913 0.365211115121
0.955618508026 0.365211115121
0.955660377358 0.365571995669
0.955702167766 0.365932876218
0.955743879473 0.366293756767
0.9557855127 0.366654637315
0.955827067669 0.367015517864
0.955868544601 0.367376398412
0.955909943715 0.367737278961
0.95595126523 0.368098159509
0.955056179775 0.368098159509
0.955098222638 0.368459040058
0.955140186916 0.368819920606
0.955182072829 0.369180801155
0.955223880597 0.369541681703
0.955265610438 0.369902562252
0.95530726257 0.3702634428
0.955348837209 0.370624323349
0.955390334572 0.370985203898
0.955431754875 0.371346084446
0.95547309833 0.371706964995
0.955514365153 0.372067845543
0.955555555556 0.372428726092
0.95559666975 0.37278960664
0.955637707948 0.373150487189
0.954755309326 0.373150487189
0.95479704797 0.373511367737
0.954838709677 0.373872248286
0.954880294659 0.374233128834
0.954921803128 0.374594009383
0.954963235294 0.374954889931
0.955004591368 0.37531577048
0.95504587156 0.375676651029
0.955087076077 0.376037531577
0.955128205128 0.376398412126
0.95516925892 0.376759292674
0.95521023766 0.377120173223
0.955251141553 0.377481053771
0.954379562044 0.377481053771
0.954421148587 0.37784193432
0.954462659381 0.378202814868
0.954504094631 0.378563695417
0.954545454545 0.378924575965
0.954586739328 0.379285456514
0.954627949183 0.379646337062
0.954669084316 0.380007217611
0.954710144928 0.38036809816
0.953846153846 0.38036809816
0.953887884268 0.380728978708
0.953929539295 0.381089859257
0.953971119134 0.381450739805
0.954012623986 0.381811620354
0.954054054054 0.382172500902
0.954095409541 0.382533381451
0.954136690647 0.382894261999
0.954177897574 0.383255142548
0.954219030521 0.383616023096
0.954260089686 0.383976903645
0.954301075269 0.384337784193
0.954341987466 0.384698664742
0.954382826476 0.385059545291
0.954423592493 0.385420425839
0.954464285714 0.385781306388
0.954504906334 0.386142186936
0.954545454545 0.386503067485
0.954585930543 0.386863948033
0.95462633452 0.387224828582
0.954666666667 0.38758570913
0.954706927176 0.387946589679
0.954747116238 0.388307470227
0.954787234043 0.388668350776
0.954827280779 0.389029231324
0.954867256637 0.389390111873
0.954907161804 0.389750992422
0.954946996466 0.39011187297
0.954986760812 0.390472753519
0.955026455026 0.390833634067
0.955066079295 0.391194514616
0.955105633803 0.391555395164
0.955145118734 0.391916275713
0.954305799649 0.391916275713
0.954345917471 0.392277156261
0.954385964912 0.39263803681
0.954425942156 0.392998917358
0.954465849387 0.393359797907
0.954505686789 0.393720678455
0.954545454545 0.394081559004
0.954585152838 0.394442439553
0.95462478185 0.394803320101
0.95379250218 0.394803320101
0.953832752613 0.39516420065
0.953872932985 0.395525081198
0.953913043478 0.395885961747
0.953953084275 0.396246842295
0.953993055556 0.396607722844
0.954032957502 0.396968603392
0.954072790295 0.397329483941
0.954112554113 0.397690364489
0.953287197232 0.397690364489
0.95246326707 0.397690364489
0.952504317789 0.398051245038
0.95254529767 0.398412125586
0.952586206897 0.398773006135
0.95262704565 0.399133886684
0.952667814114 0.399494767232
0.952708512468 0.399855647781
0.952749140893 0.400216528329
0.952789699571 0.400577408878
0.952830188679 0.400938289426
0.952870608398 0.401299169975
0.952910958904 0.401660050523
0.952951240376 0.402020931072
0.952991452991 0.40238181162
0.953031596926 0.402742692169
0.952218430034 0.402742692169
0.952259164535 0.403103572717
0.952299829642 0.403464453266
0.952340425532 0.403825333815
0.952380952381 0.404186214363
0.952421410365 0.404547094912
0.95246179966 0.40490797546
0.952502120441 0.405268856009
0.952542372881 0.405629736557
0.952582557155 0.405990617106
0.952622673435 0.406351497654
0.952662721893 0.406712378203
0.952702702703 0.407073258751
0.952742616034 0.4074341393
0.952782462057 0.407795019848
0.952822240944 0.408155900397
0.952861952862 0.408516780946
0.952901597981 0.408877661494
0.952941176471 0.409238542043
0.952980688497 0.409599422591
0.953020134228 0.40996030314
0.953059513831 0.410321183688
0.953098827471 0.410682064237
0.953138075314 0.411042944785
0.953177257525 0.411403825334
0.953216374269 0.411764705882
0.95325542571 0.412125586431
0.95329441201 0.412486466979
0.953333333333 0.412847347528
0.953372189842 0.413208228077
0.953410981697 0.413569108625
0.953449709061 0.413929989174
0.953488372093 0.414290869722
0.953526970954 0.414651750271
0.953565505804 0.415012630819
0.953603976802 0.415373511368
0.953642384106 0.415734391916
0.953680727874 0.416095272465
0.952892561983 0.416095272465
0.952931461602 0.416456153013
0.95297029703 0.416817033562
0.953009068425 0.41717791411
0.953047775947 0.417538794659
0.953086419753 0.417899675208
0.953125 0.418260555756
0.953163516845 0.418621436305
0.953201970443 0.418982316853
0.953240360952 0.419343197402
0.953278688525 0.41970407795
0.953316953317 0.420064958499
0.953355155483 0.420425839047
0.953393295176 0.420786719596
0.953431372549 0.421147600144
0.953469387755 0.421508480693
0.953507340946 0.421869361241
0.953545232274 0.42223024179
0.952768729642 0.42223024179
0.952807160293 0.422591122339
0.952845528455 0.422952002887
0.952883834281 0.423312883436
0.952922077922 0.423673763984
0.95296025953 0.424034644533
0.952998379254 0.424395525081
0.953036437247 0.42475640563
0.952265372168 0.42475640563
0.952303961196 0.425117286178
0.952342487884 0.425478166727
0.952380952381 0.425839047275
0.952419354839 0.426199927824
0.952457695407 0.426560808372
0.952495974235 0.426921688921
0.952534191472 0.42728256947
0.952572347267 0.427643450018
0.952610441767 0.428004330567
0.95264847512 0.428365211115
0.951884522855 0.428365211115
0.951923076923 0.428726091664
0.951961569255 0.429086972212
0.952 0.429447852761
0.952038369305 0.429808733309
0.952076677316 0.430169613858
0.952114924182 0.430530494406
0.952153110048 0.430891374955
0.95219123506 0.431252255503
0.952229299363 0.431613136052
0.952267303103 0.431974016601
0.952305246423 0.432334897149
0.952343129468 0.432695777698
0.952380952381 0.433056658246
0.952418715305 0.433417538795
0.952456418384 0.433778419343
0.952494061758 0.434139299892
0.95253164557 0.43450018044
0.95256916996 0.434861060989
0.951816745656 0.434861060989
0.951854775059 0.435221941537
0.951892744479 0.435582822086
0.951930654058 0.435943702634
0.951968503937 0.436304583183
0.952006294256 0.436665463732
0.952044025157 0.43702634428
0.952081696779 0.437387224829
0.952119309262 0.437748105377
0.952156862745 0.438108985926
0.952194357367 0.438469866474
0.952231793265 0.438830747023
0.952269170579 0.439191627571
0.952306489445 0.43955250812
0.95234375 0.439913388668
0.952380952381 0.440274269217
0.952418096724 0.440635149765
0.952455183164 0.440996030314
0.952492211838 0.441356910863
0.952529182879 0.441717791411
0.952566096423 0.44207867196
0.952602952603 0.442439552508
0.952639751553 0.442800433057
0.952676493406 0.443161313605
0.952713178295 0.443522194154
0.952749806352 0.443883074702
0.952786377709 0.444243955251
0.952822892498 0.444604835799
0.95285935085 0.444965716348
0.952895752896 0.445326596896
0.952932098765 0.445687477445
0.952968388589 0.446048357994
0.953004622496 0.446409238542
0.953040800616 0.446770119091
0.953076923077 0.447130999639
0.953112990008 0.447491880188
0.953149001536 0.447852760736
0.95318495779 0.448213641285
0.953220858896 0.448574521833
0.953256704981 0.448935402382
0.953292496172 0.44929628293
0.952563121653 0.44929628293
0.952599388379 0.449657163479
0.952635599694 0.450018044027
0.952671755725 0.450378924576
0.952707856598 0.450739805125
0.952743902439 0.451100685673
0.952779893374 0.451461566222
0.952815829528 0.45182244677
0.952851711027 0.452183327319
0.952887537994 0.452544207867
0.952923310554 0.452905088416
0.952959028832 0.453265968964
0.952994692949 0.453626849513
0.95303030303 0.453987730061
0.952308856927 0.453987730061
0.951588502269 0.453987730061
0.950869236584 0.453987730061
0.950906344411 0.45434861061
0.950943396226 0.454709491158
0.950980392157 0.455070371707
0.951017332329 0.455431252256
0.951054216867 0.455792132804
0.951091045899 0.456153013353
0.951127819549 0.456513893901
0.951164537941 0.45687477445
0.951201201201 0.457235654998
0.951237809452 0.457596535547
0.951274362819 0.457957416095
0.951310861423 0.458318296644
0.951347305389 0.458679177192
0.951383694839 0.459040057741
0.951420029895 0.459400938289
0.95145631068 0.459761818838
0.951492537313 0.460122699387
0.951528709918 0.460483579935
0.951564828614 0.460844460484
0.951600893522 0.461205341032
0.951636904762 0.461566221581
0.951672862454 0.461927102129
0.951708766716 0.462287982678
0.951744617669 0.462648863226
0.951038575668 0.462648863226
0.95033358043 0.462648863226
0.94962962963 0.462648863226
0.949666913397 0.463009743775
0.949704142012 0.463370624323
0.949741315595 0.463731504872
0.949778434269 0.46409238542
0.949815498155 0.464453265969
0.949852507375 0.464814146518
0.949889462049 0.465175027066
0.949926362297 0.465535907615
0.949963208241 0.465896788163
0.949264705882 0.465896788163
0.949301983835 0.466257668712
0.949339207048 0.46661854926
0.949376375642 0.466979429809
0.949413489736 0.467340310357
0.949450549451 0.467701190906
0.949487554905 0.468062071454
0.949524506218 0.468422952003
0.949561403509 0.468783832551
0.949598246896 0.4691447131
0.949635036496 0.469505593649
0.949671772429 0.469866474197
0.94970845481 0.470227354746
0.949745083758 0.470588235294
0.949781659389 0.470949115843
0.949818181818 0.471309996391
0.949854651163 0.47167087694
0.949891067538 0.472031757488
0.94992743106 0.472392638037
0.949963741842 0.472753518585
0.95 0.473114399134
0.950036205648 0.473475279682
0.9500723589 0.473836160231
0.95010845987 0.47419704078
0.950144508671 0.474557921328
0.949458483755 0.474557921328
0.949494949495 0.474918801877
0.949531362653 0.475279682425
0.949567723343 0.475640562974
0.949604031677 0.476001443522
0.94964028777 0.476362324071
0.949676491733 0.476723204619
0.949712643678 0.477084085168
0.949748743719 0.477444965716
0.949784791966 0.477805846265
0.94982078853 0.478166726813
0.949856733524 0.478527607362
0.949176807445 0.478527607362
0.94921316166 0.478888487911
0.949249463903 0.479249368459
0.949285714286 0.479610249008
0.949321912919 0.479971129556
0.949358059914 0.480332010105
0.949394155381 0.480692890653
0.94943019943 0.481053771202
0.949466192171 0.48141465175
0.949502133713 0.481775532299
0.949538024165 0.482136412847
0.949573863636 0.482497293396
0.949609652236 0.482858173944
0.949645390071 0.483219054493
0.94968107725 0.483579935042
0.949716713881 0.48394081559
0.949752300071 0.484301696139
0.949787835926 0.484662576687
0.949823321555 0.485023457236
0.949858757062 0.485384337784
0.949894142555 0.485745218333
0.949929478138 0.486106098881
0.949964763918 0.48646697943
0.95 0.486827859978
0.950035186488 0.487188740527
0.950070323488 0.487549621075
0.950105411103 0.487910501624
0.949438202247 0.487910501624
0.948771929825 0.487910501624
0.948807854137 0.488271382173
0.948843728101 0.488632262721
0.948879551821 0.48899314327
0.948915325402 0.489354023818
0.948951048951 0.489714904367
0.948986722572 0.490075784915
0.949022346369 0.490436665464
0.949057920447 0.490797546012
0.949093444909 0.491158426561
0.949128919861 0.491519307109
0.949164345404 0.491880187658
0.949199721642 0.492241068206
0.949235048679 0.492601948755
0.949270326616 0.492962829304
0.949305555556 0.493323709852
0.9493407356 0.493684590401
0.949375866852 0.494045470949
0.949410949411 0.494406351498
0.94944598338 0.494767232046
0.949480968858 0.495128112595
0.949515905947 0.495488993143
0.949550794748 0.495849873692
0.949585635359 0.49621075424
0.949620427881 0.496571634789
0.949655172414 0.496932515337
0.949689869056 0.497293395886
0.949724517906 0.497654276435
0.949759119064 0.498015156983
0.949105914718 0.498015156983
0.949140893471 0.498376037532
0.949175824176 0.49873691808
0.949210706932 0.499097798629
0.949245541838 0.499458679177
0.949280328992 0.499819559726
0.949315068493 0.500180440274
0.949349760438 0.500541320823
0.949384404925 0.500902201371
0.949419002051 0.50126308192
0.949453551913 0.501623962468
0.949488054608 0.501984843017
0.949522510232 0.502345723565
0.949556918882 0.502706604114
0.949591280654 0.503067484663
0.949625595643 0.503428365211
0.949659863946 0.50378924576
0.949694085656 0.504150126308
0.94972826087 0.504511006857
0.949762389681 0.504871887405
0.949796472185 0.505232767954
0.949830508475 0.505593648502
0.949864498645 0.505954529051
0.949898442789 0.506315409599
0.949932341001 0.506676290148
0.949966193374 0.507037170696
0.95 0.507398051245
0.950033760972 0.507758931794
0.950067476383 0.508119812342
0.949426837492 0.508119812342
0.949460916442 0.508480692891
0.949494949495 0.508841573439
0.949528936743 0.509202453988
0.949562878278 0.509563334536
0.949596774194 0.509924215085
0.94963062458 0.510285095633
0.94966442953 0.510645976182
0.949698189135 0.51100685673
0.949061662198 0.51100685673
0.949095780308 0.511367737279
0.949129852744 0.511728617827
0.949163879599 0.512089498376
0.949197860963 0.512450378925
0.949231796927 0.512811259473
0.949265687583 0.513172140022
0.949299533022 0.51353302057
0.949333333333 0.513893901119
0.949367088608 0.514254781667
0.949400798935 0.514615662216
0.949434464405 0.514976542764
0.949468085106 0.515337423313
0.94950166113 0.515698303861
0.949535192563 0.51605918441
0.949568679496 0.516420064958
0.949602122016 0.516780945507
0.949635520212 0.517141826056
0.949668874172 0.517502706604
0.949702183984 0.517863587153
0.949735449735 0.518224467701
0.949768671514 0.51858534825
0.949801849406 0.518946228798
0.949834983498 0.519307109347
0.949208443272 0.519307109347
0.949241924852 0.519667989895
0.948616600791 0.519667989895
0.947992100066 0.519667989895
0.948026315789 0.520028870444
0.948060486522 0.520389750992
0.948094612352 0.520750631541
0.948128693368 0.521111512089
0.948162729659 0.521472392638
0.948196721311 0.521833273187
0.948230668414 0.522194153735
0.948264571054 0.522555034284
0.948298429319 0.522915914832
0.948332243296 0.523276795381
0.948366013072 0.523637675929
0.948399738733 0.523998556478
0.948433420366 0.524359437026
0.948467058056 0.524720317575
0.94850065189 0.525081198123
0.948534201954 0.525442078672
0.948567708333 0.52580295922
0.948601171113 0.526163839769
0.948634590377 0.526524720318
0.948667966212 0.526885600866
0.948701298701 0.527246481415
0.948085658663 0.527246481415
0.948119325551 0.527607361963
0.948152948801 0.527968242512
0.948186528497 0.52832912306
0.948220064725 0.528690003609
0.947606727038 0.528690003609
0.946994182288 0.528690003609
0.947028423773 0.529050884157
0.947062621046 0.529411764706
0.947096774194 0.529772645254
0.947130883301 0.530133525803
0.947164948454 0.530494406351
0.947198969736 0.5308552869
0.947232947233 0.531216167449
0.947266881029 0.531577047997
0.947300771208 0.531937928546
0.947334617855 0.532298809094
0.947368421053 0.532659689643
0.947402180885 0.533020570191
0.946794871795 0.533020570191
0.946828955798 0.53338145074
0.946862996159 0.533742331288
0.946896992962 0.534103211837
0.946930946292 0.534464092385
0.94696485623 0.534824972934
0.946360153257 0.534824972934
0.946394384174 0.535185853482
0.946428571429 0.535546734031
0.946462715105 0.53590761458
0.946496815287 0.536268495128
0.946530872056 0.536629375677
0.946564885496 0.536990256225
0.94659885569 0.537351136774
0.946632782719 0.537712017322
0.946666666667 0.538072897871
0.946065989848 0.538072897871
0.946100190235 0.538433778419
0.946134347275 0.538794658968
0.946168461051 0.539155539516
0.946202531646 0.539516420065
0.94623655914 0.539877300613
0.946270543616 0.540238181162
0.946304485155 0.540599061711
0.946338383838 0.540959942259
0.946372239748 0.541320822808
0.946406052963 0.541681703356
0.946439823566 0.542042583905
0.946473551637 0.542403464453
0.946507237256 0.542764345002
0.946540880503 0.54312522555
0.946574481458 0.543486106099
0.946608040201 0.543846986647
0.946641556811 0.544207867196
0.946675031368 0.544568747744
0.94670846395 0.544929628293
0.946741854637 0.545290508842
0.946775203507 0.54565138939
0.946808510638 0.546012269939
0.94684177611 0.546373150487
0.946875 0.546734031036
0.946908182386 0.547094911584
0.946941323346 0.547455792133
0.946974422957 0.547816672681
0.947007481297 0.54817755323
0.946417445483 0.54817755323
0.946450809465 0.548538433778
0.946484131923 0.548899314327
0.946517412935 0.549260194875
0.946550652579 0.549621075424
0.946583850932 0.549981955973
0.94661700807 0.550342836521
0.946650124069 0.55070371707
0.946683199008 0.551064597618
0.946716232962 0.551425478167
0.946749226006 0.551786358715
0.946782178218 0.552147239264
0.946815089672 0.552508119812
0.946847960445 0.552869000361
0.946880790611 0.553229880909
0.946913580247 0.553590761458
0.946946329426 0.553951642006
0.946979038224 0.554312522555
0.947011706716 0.554673403104
0.947044334975 0.555034283652
0.947076923077 0.555395164201
0.947109471095 0.555756044749
0.947141979103 0.556116925298
0.947174447174 0.556477805846
0.947206875384 0.556838686395
0.947239263804 0.557199566943
0.947271612508 0.557560447492
0.947303921569 0.55792132804
0.947336191059 0.558282208589
0.947368421053 0.558643089137
0.947400611621 0.559003969686
0.947432762836 0.559364850235
0.946854001222 0.559364850235
0.946886446886 0.559725730783
0.946918852959 0.560086611332
0.946341463415 0.560086611332
0.946374162096 0.56044749188
0.94640682095 0.560808372429
0.946439440049 0.561169252977
0.946472019465 0.561530133526
0.946504559271 0.561891014074
0.946537059538 0.562251894623
0.945962355798 0.562251894623
0.945388349515 0.562251894623
0.945421467556 0.562612775171
0.945454545455 0.56297365572
0.945487583283 0.563334536268
0.945520581114 0.563695416817
0.94555353902 0.564056297366
0.945586457074 0.564417177914
0.94501510574 0.564417177914
0.945048309179 0.564778058463
0.945081472541 0.565138939011
0.945114595899 0.56549981956
0.945147679325 0.565860700108
0.945180722892 0.566221580657
0.945213726671 0.566582461205
0.945246690734 0.566943341754
0.945279615153 0.567304222302
0.9453125 0.567665102851
0.945345345345 0.568025983399
0.945378151261 0.568386863948
0.945410917816 0.568747744497
0.9448441247 0.568747744497
0.944877171959 0.569108625045
0.944910179641 0.569469505594
0.944943147816 0.569830386142
0.944976076555 0.570191266691
0.945008965929 0.570552147239
0.94504181601 0.570913027788
0.945074626866 0.571273908336
0.945107398568 0.571634788885
0.945140131187 0.571995669433
0.945172824791 0.572356549982
0.945205479452 0.57271743053
0.945238095238 0.573078311079
0.945270672219 0.573439191628
0.945303210464 0.573800072176
0.945335710042 0.574160952725
0.945368171021 0.574521833273
0.945400593472 0.574882713822
0.945432977461 0.57524359437
0.945465323059 0.575604474919
0.945497630332 0.575965355467
0.945529899349 0.576326236016
0.945562130178 0.576687116564
0.945594322886 0.577047997113
0.945626477541 0.577408877661
0.945658594211 0.57776975821
0.945690672963 0.578130638759
0.945722713864 0.578491519307
0.945754716981 0.578852399856
0.945786682381 0.579213280404
0.94581861013 0.579574160953
0.945850500294 0.579935041501
0.945882352941 0.58029592205
0.945914168136 0.580656802598
0.945945945946 0.581017683147
0.945390487375 0.581017683147
0.945422535211 0.581378563695
0.945454545455 0.581739444244
0.945486518171 0.582100324792
0.944932630346 0.582100324792
0.944379391101 0.582100324792
0.944411936805 0.582461205341
0.944444444444 0.58282208589
0.944476914085 0.583182966438
0.943925233645 0.583182966438
0.943957968476 0.583543846987
0.943990665111 0.583904727535
0.944023323615 0.584265608084
0.944055944056 0.584626488632
0.9440885265 0.584987369181
0.944121071013 0.585348249729
0.943571844095 0.585348249729
0.943604651163 0.585709130278
0.943637420105 0.586070010826
0.943670150987 0.586430891375
0.943702843877 0.586791771923
0.94373549884 0.587152652472
0.943768115942 0.587513533021
0.943800695249 0.587874413569
0.943833236827 0.588235294118
0.943865740741 0.588596174666
0.943898207056 0.588957055215
0.943930635838 0.589317935763
0.943963027152 0.589678816312
0.943995381062 0.59003969686
0.944027697634 0.590400577409
0.944059976932 0.590761457957
0.94409221902 0.591122338506
0.944124423963 0.591483219054
0.944156591825 0.591844099603
0.94418872267 0.592204980152
0.944220816561 0.5925658607
0.944252873563 0.592926741249
0.944284893739 0.593287621797
0.944316877153 0.593648502346
0.944348823867 0.594009382894
0.944380733945 0.594370263443
0.94441260745 0.594731143991
0.944444444444 0.59509202454
0.944476244991 0.595452905088
0.944508009153 0.595813785637
0.944539736993 0.596174666185
0.944571428571 0.596535546734
0.944603083952 0.596896427283
0.944634703196 0.597257307831
0.944666286366 0.59761818838
0.944127708096 0.59761818838
0.94415954416 0.597979068928
0.944191343964 0.598339949477
0.94422310757 0.598700830025
0.94425483504 0.599061710574
0.944286526435 0.599422591122
0.944318181818 0.599783471671
0.944349801249 0.600144352219
0.94438138479 0.600505232768
0.943845717527 0.600505232768
0.94387755102 0.600866113316
0.943909348442 0.601226993865
0.943941109853 0.601587874414
0.943972835314 0.601948754962
0.944004524887 0.602309635511
0.944036178632 0.602670516059
0.94406779661 0.603031396608
0.944099378882 0.603392277156
0.943566591422 0.603392277156
0.943034404963 0.603392277156
0.943066516347 0.603753157705
0.943098591549 0.604114038253
0.943130630631 0.604474918802
0.943162633652 0.60483579935
0.943194600675 0.605196679899
0.943226531759 0.605557560447
0.943258426966 0.605918440996
0.943290286356 0.606279321545
0.943322109989 0.606640202093
0.943353897925 0.607001082642
0.943385650224 0.60736196319
0.942857142857 0.60736196319
0.942889137738 0.607722843739
0.94292109681 0.608083724287
0.942953020134 0.608444604836
0.94298490777 0.608805485384
0.943016759777 0.609166365933
0.943048576214 0.609527246481
0.943080357143 0.60988812703
0.943112102621 0.610249007578
0.943143812709 0.610609888127
0.943175487465 0.610970768676
0.943207126949 0.611331649224
0.943238731219 0.611692529773
0.942714126808 0.611692529773
0.942745969983 0.612053410321
0.942777777778 0.61241429087
0.94280955025 0.612775171418
0.942841287458 0.613136051967
0.942872989462 0.613496932515
0.942904656319 0.613857813064
0.942936288089 0.614218693612
0.942967884828 0.614579574161
0.942999446597 0.614940454709
0.943030973451 0.615301335258
0.943062465451 0.615662215807
0.943093922652 0.616023096355
0.943125345113 0.616383976904
0.943156732892 0.616744857452
0.943188086045 0.617105738001
0.943219404631 0.617466618549
0.943250688705 0.617827499098
0.943281938326 0.618188379646
0.94331315355 0.618549260195
0.943344334433 0.618910140743
0.943375481034 0.619271021292
0.943406593407 0.61963190184
0.943437671609 0.619992782389
0.943468715697 0.620353662938
0.943499725727 0.620714543486
0.943530701754 0.621075424035
0.943561643836 0.621436304583
0.943592552026 0.621797185132
0.943623426382 0.62215806568
0.943654266958 0.622518946229
0.943685073811 0.622879826777
0.943715846995 0.623240707326
0.943746586565 0.623601587874
0.943777292576 0.623962468423
0.943807965085 0.624323348971
0.943838604144 0.62468422952
0.943324250681 0.62468422952
0.943355119826 0.625045110069
0.943385955362 0.625405990617
0.943416757345 0.625766871166
0.943447525829 0.626127751714
0.94347826087 0.626488632263
0.94350896252 0.626849512811
0.942996742671 0.626849512811
0.943027672273 0.62721039336
0.94305856833 0.627571273908
0.942547425474 0.627571273908
0.942578548212 0.627932154457
0.94260963725 0.628293035005
0.942640692641 0.628653915554
0.94267171444 0.629014796102
0.942702702703 0.629375676651
0.942733657482 0.6297365572
0.94222462203 0.6297365572
0.941716135996 0.6297365572
0.941747572816 0.630097437748
0.941778975741 0.630458318297
0.941810344828 0.630819198845
0.941841680129 0.631180079394
0.941872981701 0.631540959942
0.941366325982 0.631540959942
0.940860215054 0.631540959942
0.940891993552 0.631901840491
0.940923737916 0.632262721039
0.940955448202 0.632623601588
0.940987124464 0.632984482136
0.941018766756 0.633345362685
0.941050375134 0.633706243233
0.941081949652 0.634067123782
0.941113490364 0.634428004331
0.941144997325 0.634788884879
0.941176470588 0.635149765428
0.940673436665 0.635149765428
0.940705128205 0.635510645976
0.940736785905 0.635871526525
0.940768409819 0.636232407073
0.9408 0.636593287622
0.940831556503 0.63695416817
0.940330314331 0.63695416817
0.939829605964 0.63695416817
0.939861628526 0.637315048719
0.939893617021 0.637675929267
0.939925571505 0.638036809816
0.93995749203 0.638397690364
0.939458311206 0.638397690364
0.938959660297 0.638397690364
0.93899204244 0.638758570913
0.939024390244 0.639119451462
0.939056703763 0.63948033201
0.939088983051 0.639841212559
0.939121228163 0.640202093107
0.939153439153 0.640562973656
0.939185616076 0.640923854204
0.939217758985 0.641284734753
0.939249867934 0.641645615301
0.939281942978 0.64200649585
0.939313984169 0.642367376398
0.939345991561 0.642728256947
0.939377965208 0.643089137495
0.939409905163 0.643450018044
0.938915218536 0.643450018044
0.938947368421 0.643810898593
0.938979484482 0.644171779141
0.939011566772 0.64453265969
0.939043615344 0.644893540238
0.939075630252 0.645254420787
0.939107611549 0.645615301335
0.939139559286 0.645976181884
0.93864708967 0.645976181884
0.938679245283 0.646337062432
0.938711367208 0.646697942981
0.938743455497 0.647058823529
0.938775510204 0.647419704078
0.938284518828 0.647419704078
0.938316779927 0.647780584626
0.938349007315 0.648141465175
0.938381201044 0.648502345724
0.938413361169 0.648863226272
0.937923839332 0.648863226272
0.93795620438 0.649224106821
0.937988535696 0.649584987369
0.938020833333 0.649945867918
0.938053097345 0.650306748466
0.938085327784 0.650667629015
0.938117524701 0.651028509563
0.93814968815 0.651389390112
0.938181818182 0.65175027066
0.93769470405 0.65175027066
0.937727036845 0.652111151209
0.9377593361 0.652472031757
0.937791601866 0.652832912306
0.937823834197 0.653193792855
0.937856033143 0.653554673403
0.937888198758 0.653915553952
0.937920331092 0.6542764345
0.937952430196 0.654637315049
0.937984496124 0.654998195597
0.938016528926 0.655359076146
0.938048528653 0.655719956694
0.937564499484 0.655719956694
0.93759669933 0.656080837243
0.937628865979 0.656441717791
0.937660999485 0.65680259834
0.937693099897 0.657163478888
0.937725167267 0.657524359437
0.937757201646 0.657885239986
0.937789203085 0.658246120534
0.937821171634 0.658607001083
0.937853107345 0.658967881631
0.937885010267 0.65932876218
0.937916880452 0.659689642728
0.937948717949 0.660050523277
0.937980522809 0.660411403825
0.938012295082 0.660772284374
0.938044034818 0.661133164922
0.938075742068 0.661494045471
0.93810741688 0.661854926019
0.938139059305 0.662215806568
0.938170669392 0.662576687117
0.937691521961 0.662576687117
0.937212863706 0.662576687117
0.937244897959 0.662937567665
0.937276899541 0.663298448214
0.937308868502 0.663659328762
0.93734080489 0.664020209311
0.937372708758 0.664381089859
0.937404580153 0.664741970408
0.937436419125 0.665102850956
0.937468225724 0.665463731505
0.9375 0.665824612053
0.937531742001 0.666185492602
0.937563451777 0.66654637315
0.937595129376 0.666907253699
0.937119675456 0.666907253699
0.937151545869 0.667268134248
0.937183383992 0.667629014796
0.937215189873 0.667989895345
0.937246963563 0.668350775893
0.937278705109 0.668711656442
0.93731041456 0.66907253699
0.937342091966 0.669433417539
0.936868686869 0.669433417539
0.936900555275 0.669794298087
0.936932391524 0.670155178636
0.936964195663 0.670516059184
0.936995967742 0.670876939733
0.937027707809 0.671237820281
0.937059415911 0.67159870083
0.936587820835 0.67159870083
0.93661971831 0.671959581379
0.93665158371 0.672320461927
0.936683417085 0.672681342476
0.936715218483 0.673042223024
0.936746987952 0.673403103573
0.936276969393 0.673403103573
0.93630892678 0.673763984121
0.93634085213 0.67412486467
0.936372745491 0.674485745218
0.93640460691 0.674846625767
0.936436436436 0.675207506315
0.935967983992 0.675207506315
0.936 0.675568386864
0.936031984008 0.675929267412
0.936063936064 0.676290147961
0.936095856216 0.67665102851
0.936127744511 0.677011909058
0.936159600998 0.677372789607
0.936191425723 0.677733670155
0.936223218734 0.678094550704
0.93625498008 0.678455431252
0.935788949726 0.678455431252
0.935820895522 0.678816311801
0.935852809547 0.679177192349
0.935387673956 0.679177192349
0.935419771485 0.679538072898
0.93545183714 0.679898953446
0.935483870968 0.680259833995
0.935515873016 0.680620714543
0.935547843332 0.680981595092
0.935579781962 0.681342475641
0.935611688955 0.681703356189
0.935643564356 0.682064236738
0.935675408214 0.682425117286
0.935707220574 0.682785997835
0.935739001483 0.683146878383
0.935770750988 0.683507758932
0.935802469136 0.68386863948
0.935834155972 0.684229520029
0.935865811544 0.684590400577
0.93540433925 0.684590400577
0.934943321833 0.684590400577
0.934482758621 0.684590400577
0.934515017233 0.684951281126
0.934547244094 0.685312161674
0.934579439252 0.685673042223
0.934611602753 0.686033922772
0.934643734644 0.68639480332
0.934675834971 0.686755683869
0.934216985763 0.686755683869
0.93375858685 0.686755683869
0.933791074056 0.687116564417
0.933823529412 0.687477444966
0.933855952964 0.687838325514
0.93388834476 0.688199206063
0.933920704846 0.688560086611
0.933953033268 0.68892096716
0.933985330073 0.689281847708
0.934017595308 0.689642728257
0.934049829018 0.690003608805
0.93408203125 0.690364489354
0.93411420205 0.690725369903
0.934146341463 0.691086250451
0.933690882496 0.691086250451
0.933723196881 0.691447131
0.933755479786 0.691808011548
0.933787731256 0.692168892097
0.933819951338 0.692529772645
0.933852140078 0.692890653194
0.933884297521 0.693251533742
0.933916423712 0.693612414291
0.933948518698 0.693973294839
0.933495145631 0.693973294839
0.933527413877 0.694334175388
0.933074684772 0.694334175388
0.932622394571 0.694334175388
0.93265503876 0.694695055936
0.932687651332 0.695055936485
0.932720232333 0.695416817034
0.932752781809 0.695777697582
0.932301740812 0.695777697582
0.932334461092 0.696138578131
0.931884057971 0.696138578131
0.931434089812 0.696138578131
0.930984555985 0.696138578131
0.930535455861 0.696138578131
0.930568948891 0.696499458679
0.930602409639 0.696860339228
0.93063583815 0.697221219776
0.930669234473 0.697582100325
0.930702598653 0.697942980873
0.930735930736 0.698303861422
0.930288461538 0.698303861422
0.930321960596 0.69866474197
0.930355427474 0.699025622519
0.930388862218 0.699386503067
0.930422264875 0.699747383616
0.930455635492 0.700108264165
0.930009587728 0.700108264165
0.930043124102 0.700469144713
0.930076628352 0.700830025262
0.930110100527 0.70119090581
0.92966507177 0.70119090581
0.929698708752 0.701551786359
0.929732313576 0.701912666907
0.929765886288 0.702273547456
0.929799426934 0.702634428004
0.929832935561 0.702995308553
0.929866412214 0.703356189101
0.929422985217 0.703356189101
0.929456625357 0.70371706965
0.929490233444 0.704077950198
0.929523809524 0.704438830747
0.929557353641 0.704799711296
0.929590865842 0.705160591844
0.929624346172 0.705521472393
0.929657794677 0.705882352941
0.929691211401 0.70624323349
0.929724596391 0.706604114038
0.929757949692 0.706964994587
0.929791271347 0.707325875135
0.929824561404 0.707686755684
0.929857819905 0.708047636232
0.929417337755 0.708047636232
0.929450757576 0.708408516781
0.929484145764 0.708769397329
0.929517502365 0.709130277878
0.929550827423 0.709491158427
0.929584120983 0.709852038975
0.929145016533 0.709852038975
0.928706326723 0.709852038975
0.928739971685 0.710212919524
0.928773584906 0.710573800072
0.928807166431 0.710934680621
0.928369462771 0.710934680621
0.928403203015 0.711295561169
0.928436911488 0.711656441718
0.928470588235 0.712017322266
0.928504233302 0.712378202815
0.928067700987 0.712378202815
0.928101503759 0.712739083363
0.928135274777 0.713099963912
0.928169014085 0.71346084446
0.928202721727 0.713821725009
0.928236397749 0.714182605558
0.92780121894 0.714182605558
0.927835051546 0.714543486106
0.927868852459 0.714904366655
0.927434456929 0.714904366655
0.927468413664 0.715265247203
0.927502338634 0.715626127752
0.927536231884 0.7159870083
0.927570093458 0.716347888849
0.9276039234 0.716708769397
0.927170868347 0.716708769397
0.926738217452 0.716708769397
0.926305970149 0.716708769397
0.92634032634 0.717069649946
0.925908667288 0.717069649946
0.925943176525 0.717430530494
0.925977653631 0.717791411043
0.926012098651 0.718152291591
0.925581395349 0.718152291591
0.925615992562 0.71851317214
0.925185873606 0.71851317214
0.925220622387 0.718874052689
0.925255338904 0.719234933237
0.925290023202 0.719595813786
0.925324675325 0.719956694334
0.924895688456 0.719956694334
0.924930491196 0.720317574883
0.924965261695 0.720678455431
0.925 0.72103933598
0.925034706155 0.721400216528
0.925069380204 0.721761097077
0.924641701341 0.721761097077
0.924676524954 0.722121977625
0.924711316397 0.722482858174
0.924746075716 0.722843738722
0.924780802953 0.723204619271
0.924354243542 0.723204619271
0.923928077455 0.723204619271
0.923502304147 0.723204619271
0.923537540304 0.72356549982
0.923572744015 0.723926380368
0.923607915324 0.724287260917
0.923643054278 0.724648141465
0.92367816092 0.725009022014
0.923253676471 0.725009022014
0.922829581994 0.725009022014
0.922865013774 0.725369902562
0.922900413034 0.725730783111
0.922935779817 0.726091663659
0.922971114168 0.726452544208
0.923006416132 0.726813424756
0.92258360055 0.726813424756
0.922619047619 0.727174305305
0.922654462243 0.727535185853
0.922689844465 0.727896066402
0.92272519433 0.728256946951
0.922760511883 0.728617827499
0.922795797168 0.728978708048
0.922374429224 0.728978708048
0.922409858512 0.729339588596
0.921989051095 0.729339588596
0.921568627451 0.729339588596
0.92160437557 0.729700469145
0.921640091116 0.730061349693
0.921220400729 0.730061349693
0.920801092399 0.730061349693
0.920837124659 0.730422230242
0.920873124147 0.73078311079
0.920909090909 0.731143991339
0.920490686052 0.731143991339
0.920072661217 0.731143991339
0.919655015887 0.731143991339
0.919691470054 0.731504871887
0.919727891156 0.731865752436
0.919764279238 0.732226632984
0.919800634345 0.732587513533
0.919836956522 0.732948394082
0.919873245813 0.73330927463
0.919909502262 0.733670155179
0.919945725916 0.734031035727
0.919981916817 0.734391916276
0.920018075011 0.734752796824
0.920054200542 0.735113677373
0.919638826185 0.735113677373
0.919675090253 0.735474557921
0.919260261615 0.735474557921
0.919296663661 0.73583543847
0.919333032898 0.736196319018
0.919369369369 0.736557199567
0.91940567312 0.736918080115
0.919441944194 0.737278960664
0.919478182636 0.737639841213
0.919514388489 0.738000721761
0.919550561798 0.73836160231
0.919586702606 0.738722482858
0.919622810956 0.739083363407
0.91921005386 0.739083363407
0.918797667115 0.739083363407
0.918834080717 0.739444243955
0.918870461676 0.739805124504
0.918458781362 0.739805124504
0.918495297806 0.740166005052
0.918531781558 0.740526885601
0.918120805369 0.740526885601
0.918157423971 0.740887766149
0.918194009835 0.741248646698
0.918230563003 0.741609527246
0.917820455561 0.741609527246
0.917857142857 0.741970407795
0.917893797412 0.742331288344
0.917930419269 0.742692168892
0.917967008471 0.743053049441
0.918003565062 0.743413929989
0.918040089087 0.743774810538
0.918076580588 0.744135691086
0.918113039608 0.744496571635
0.918149466192 0.744857452183
0.917741218319 0.744857452183
0.917777777778 0.745218332732
0.917814304753 0.74557921328
0.917406749556 0.74557921328
0.916999556147 0.74557921328
0.917036379769 0.745940093829
0.917073170732 0.746300974377
0.916666666667 0.746300974377
0.916260522818 0.746300974377
0.916297608503 0.746661854926
0.916334661355 0.747022735475
0.916371681416 0.747383616023
0.916408668731 0.747744496572
0.916445623342 0.74810537712
0.916482545294 0.748466257669
0.916519434629 0.748827138217
0.916114790287 0.748827138217
0.915710503089 0.748827138217
0.915747684164 0.749188018766
0.915784832451 0.749548899314
0.915821947995 0.749909779863
0.915859030837 0.750270660411
0.915896081022 0.75063154096
0.915933098592 0.750992421508
0.91597008359 0.751353302057
0.91600703606 0.751714182606
0.916043956044 0.752075063154
0.916080843585 0.752435943703
0.915678524374 0.752435943703
0.915715539947 0.752796824251
0.915313734094 0.752796824251
0.915350877193 0.7531577048
0.914949583516 0.7531577048
0.914986853637 0.753518585348
0.915024091108 0.753879465897
0.915061295972 0.754240346445
0.915098468271 0.754601226994
0.91469816273 0.754601226994
0.914735461303 0.754962107542
0.914772727273 0.755322988091
0.914809960682 0.755683868639
0.914847161572 0.756044749188
0.914884329987 0.756405629737
0.914485165794 0.756405629737
0.91452245966 0.756766510285
0.914123801221 0.756766510285
0.914161220044 0.757127390834
0.914198606272 0.757488271382
0.914235959948 0.757849151931
0.914273281114 0.758210032479
0.913875598086 0.758210032479
0.913913043478 0.758570913028
0.913950456323 0.758931793576
0.913987836664 0.759292674125
0.913590968302 0.759292674125
0.913628472222 0.759653554673
0.913665943601 0.760014435222
0.913269731136 0.760014435222
0.912873862159 0.760014435222
0.912911611785 0.76037531577
0.912949328714 0.760736196319
0.912987012987 0.761097076868
0.912591951536 0.761097076868
0.912197231834 0.761097076868
0.911802853437 0.761097076868
0.911840968021 0.761457957416
0.911879049676 0.761818837965
0.911917098446 0.762179718513
0.911523521795 0.762179718513
0.911561691113 0.762540599062
0.911599827512 0.76290147961
0.911637931034 0.763262360159
0.911676001723 0.763623240707
0.9112833764 0.763623240707
0.911321566939 0.763984121256
0.911359724613 0.764345001804
0.911397849462 0.764705882353
0.911006018917 0.764705882353
0.91061452514 0.764705882353
0.910652920962 0.765066762901
0.910691283813 0.76542764345
0.910300429185 0.76542764345
0.910338910339 0.765788523999
0.910377358491 0.766149404547
0.90998714102 0.766149404547
0.909597257926 0.766149404547
0.909207708779 0.766149404547
0.909246575342 0.766510285096
0.908857509628 0.766510285096
0.908896492729 0.766871165644
0.908935442497 0.767232046193
0.908974358974 0.767592926741
0.908586074327 0.767592926741
0.908198121264 0.767592926741
0.90781049936 0.767592926741
0.907423208191 0.767592926741
0.907036247335 0.767592926741
0.907075873828 0.76795380729
0.907115466553 0.768314687838
0.907155025554 0.768675568387
0.907194550873 0.769036448935
0.906808510638 0.769036448935
0.906848149724 0.769397329484
0.906462585034 0.769397329484
0.906502337442 0.769758210032
0.906542056075 0.770119090581
0.906157112527 0.770119090581
0.906196943973 0.77047997113
0.906236741621 0.770840851678
0.906276505513 0.771201732227
0.905892327257 0.771201732227
0.90593220339 0.771562612775
0.905972045743 0.771923493324
0.906011854361 0.772284373872
0.905628438426 0.772284373872
0.905668358714 0.772645254421
0.905708245243 0.773006134969
0.905325443787 0.773006134969
0.905365441487 0.773367015518
0.904983108108 0.773367015518
0.904601097509 0.773367015518
0.904641350211 0.773727896066
0.904259805989 0.773727896066
0.904300168634 0.774088776615
0.904340497261 0.774449657163
0.904380791912 0.774810537712
0.904421052632 0.775171418261
0.904461279461 0.775532298809
0.904080774085 0.775532298809
0.90370058873 0.775532298809
0.903741067675 0.775893179358
0.903781512605 0.776254059906
0.903821923562 0.776614940455
0.903442485306 0.776614940455
0.903483004616 0.776975821003
0.903104026846 0.776975821003
0.903144654088 0.777336701552
0.903185247276 0.7776975821
0.902806870549 0.7776975821
0.902847571189 0.778058462649
0.902888237756 0.778419343197
0.902510460251 0.778419343197
0.902551233793 0.778780223746
0.902591973244 0.779141104294
0.902632678646 0.779501984843
0.902673350042 0.779862865392
0.902296450939 0.779862865392
0.901919866444 0.779862865392
0.901960784314 0.78022374594
0.901584653878 0.78022374594
0.901625677366 0.780584626489
0.90125 0.780584626489
0.900874635569 0.780584626489
0.900915903414 0.780945507037
0.900957136912 0.781306387586
0.900998336106 0.781667268134
0.900623700624 0.781667268134
0.900665004156 0.782028148683
0.900706273369 0.782389029231
0.900332225914 0.782389029231
0.900373599004 0.78274990978
0.900414937759 0.783110790328
0.900456242223 0.783471670877
0.90008291874 0.783471670877
0.899709904683 0.783471670877
0.899337199669 0.783471670877
0.899378881988 0.783832551425
0.899420529801 0.784193431974
0.899462143153 0.784554312523
0.899090157155 0.784554312523
0.899131872675 0.784915193071
0.899173553719 0.78527607362
0.89921520033 0.785636954168
0.899256812552 0.785997834717
0.89888567891 0.785997834717
0.898927392739 0.786358715265
0.898556701031 0.786358715265
0.898598516076 0.786719595814
0.898228265348 0.786719595814
0.898270181219 0.787080476362
0.897900370523 0.787080476362
0.897530864198 0.787080476362
0.897161661868 0.787080476362
0.896792763158 0.787080476362
0.896424167694 0.787080476362
0.896055875103 0.787080476362
0.896098562628 0.787441356911
0.896141215107 0.787802237459
0.895773491998 0.787802237459
0.895816242822 0.788163118008
0.89585895859 0.788523998556
0.895901639344 0.788884879105
0.895944285129 0.789245759654
0.895577395577 0.789245759654
0.895210806386 0.789245759654
0.895253682488 0.789606640202
0.895296523517 0.789967520751
0.894930498774 0.789967520751
0.894973436861 0.790328401299
0.894607843137 0.790328401299
0.894242547979 0.790328401299
0.89387755102 0.790328401299
0.893920848633 0.790689281848
0.893556280587 0.790689281848
0.893599673869 0.791050162396
0.893235533822 0.791050162396
0.893279022403 0.791411042945
0.892915309446 0.791411042945
0.892551892552 0.791411042945
0.892188771359 0.791411042945
0.892232614884 0.791771923493
0.891869918699 0.791771923493
0.891507517269 0.791771923493
0.891145410236 0.791771923493
0.891189606171 0.792132804042
0.890827922078 0.792132804042
0.89046653144 0.792132804042
0.890105433901 0.792132804042
0.889744629104 0.792132804042
0.889384116694 0.792132804042
0.889428918591 0.79249368459
0.889068825911 0.79249368459
0.889113719142 0.792854565139
0.889158576052 0.793215445687
0.889203396684 0.793576326236
0.889248181083 0.793937206785
0.889292929293 0.794298087333
0.888933764136 0.794298087333
0.888574888979 0.794298087333
0.888619854722 0.794658967882
0.888664784187 0.79501984843
0.888709677419 0.795380728979
0.888754534462 0.795741609527
0.888799355359 0.796102490076
0.88844140153 0.796102490076
0.888486312399 0.796463370624
0.888128772636 0.796463370624
0.887771520515 0.796463370624
0.88741455569 0.796463370624
0.887057877814 0.796463370624
0.887103254319 0.796824251173
0.886746987952 0.796824251173
0.88679245283 0.797185131721
0.886436597111 0.797185131721
0.886081026875 0.797185131721
0.88572574178 0.797185131721
0.885370741483 0.797185131721
0.885416666667 0.79754601227
0.885462555066 0.797906892818
0.885508406725 0.798267773367
0.885554221689 0.798628653916
0.8852 0.798628653916
0.885245901639 0.798989534464
0.885291766587 0.799350415013
0.884938074311 0.799350415013
0.884984025559 0.799711295561
