0 0.0
1.0 0.000360880548538
1.0 0.000721761097077
1.0 0.00108264164562
1.0 0.00144352219415
1.0 0.00180440274269
1.0 0.00216528329123
1.0 0.00252616383977
1.0 0.00288704438831
1.0 0.00324792493685
1.0 0.00360880548538
1.0 0.00396968603392
1.0 0.00433056658246
1.0 0.004691447131
1.0 0.00505232767954
1.0 0.00541320822808
1.0 0.00577408877661
1.0 0.00613496932515
1.0 0.00649584987369
1.0 0.00685673042223
1.0 0.00721761097077
1.0 0.00757849151931
1.0 0.00793937206785
1.0 0.00830025261638
1.0 0.00866113316492
1.0 0.00902201371346
1.0 0.009382894262
1.0 0.00974377481054
1.0 0.0101046553591
1.0 0.0104655359076
1.0 0.0108264164562
1.0 0.0111872970047
1.0 0.0115481775532
1.0 0.0119090581018
1.0 0.0122699386503
1.0 0.0126308191988
1.0 0.0129916997474
1.0 0.0133525802959
1.0 0.0137134608445
1.0 0.014074341393
1.0 0.0144352219415
1.0 0.0147961024901
1.0 0.0151569830386
1.0 0.0155178635872
1.0 0.0158787441357
1.0 0.0162396246842
1.0 0.0166005052328
1.0 0.0169613857813
1.0 0.0173222663298
1.0 0.0176831468784
1.0 0.0180440274269
1.0 0.0184049079755
1.0 0.018765788524
1.0 0.0191266690725
1.0 0.0194875496211
1.0 0.0198484301696
1.0 0.0202093107182
1.0 0.0205701912667
1.0 0.0209310718152
1.0 0.0212919523638
1.0 0.0216528329123
0.983606557377 0.0216528329123
0.983870967742 0.0220137134608
0.984126984127 0.0223745940094
0.984375 0.0227354745579
0.984615384615 0.0230963551065
0.984848484848 0.023457235655
0.985074626866 0.0238181162035
0.970588235294 0.0238181162035
0.95652173913 0.0238181162035
0.957142857143 0.0241789967521
0.957746478873 0.0245398773006
0.958333333333 0.0249007578492
0.958904109589 0.0252616383977
0.959459459459 0.0256225189462
0.96 0.0259833994948
0.960526315789 0.0263442800433
0.961038961039 0.0267051605918
0.961538461538 0.0270660411404
0.962025316456 0.0274269216889
0.9625 0.0277878022375
0.962962962963 0.028148682786
0.963414634146 0.0285095633345
0.963855421687 0.0288704438831
0.964285714286 0.0292313244316
0.964705882353 0.0295922049802
0.96511627907 0.0299530855287
0.965517241379 0.0303139660772
0.965909090909 0.0306748466258
0.966292134831 0.0310357271743
0.966666666667 0.0313966077228
0.967032967033 0.0317574882714
0.967391304348 0.0321183688199
0.967741935484 0.0324792493685
0.968085106383 0.032840129917
0.968421052632 0.0332010104655
0.96875 0.0335618910141
0.969072164948 0.0339227715626
0.969387755102 0.0342836521112
0.969696969697 0.0346445326597
0.96 0.0346445326597
0.960396039604 0.0350054132082
0.960784313725 0.0353662937568
0.961165048544 0.0357271743053
0.961538461538 0.0360880548538
0.961904761905 0.0364489354024
0.962264150943 0.0368098159509
0.96261682243 0.0371706964995
0.962962962963 0.037531577048
0.963302752294 0.0378924575965
0.963636363636 0.0382533381451
0.963963963964 0.0386142186936
0.964285714286 0.0389750992422
0.964601769912 0.0393359797907
0.964912280702 0.0396968603392
0.95652173913 0.0396968603392
0.956896551724 0.0400577408878
0.957264957265 0.0404186214363
0.957627118644 0.0407795019848
0.957983193277 0.0411403825334
0.958333333333 0.0415012630819
0.95867768595 0.0418621436305
0.959016393443 0.042223024179
0.959349593496 0.0425839047275
0.959677419355 0.0429447852761
0.96 0.0433056658246
0.960317460317 0.0436665463732
0.96062992126 0.0440274269217
0.9609375 0.0443883074702
0.961240310078 0.0447491880188
0.961538461538 0.0451100685673
0.961832061069 0.0454709491158
0.962121212121 0.0458318296644
0.962406015038 0.0461927102129
0.962686567164 0.0465535907615
0.962962962963 0.04691447131
0.963235294118 0.0472753518585
0.963503649635 0.0476362324071
0.963768115942 0.0479971129556
0.964028776978 0.0483579935042
0.964285714286 0.0487188740527
0.964539007092 0.0490797546012
0.964788732394 0.0494406351498
0.965034965035 0.0498015156983
0.965277777778 0.0501623962468
0.965517241379 0.0505232767954
0.965753424658 0.0508841573439
0.965986394558 0.0512450378925
0.966216216216 0.051605918441
0.96644295302 0.0519667989895
0.966666666667 0.0523276795381
0.966887417219 0.0526885600866
0.967105263158 0.0530494406351
0.967320261438 0.0534103211837
0.967532467532 0.0537712017322
0.967741935484 0.0541320822808
0.967948717949 0.0544929628293
0.968152866242 0.0548538433778
0.96835443038 0.0552147239264
0.968553459119 0.0555756044749
0.96875 0.0559364850235
0.968944099379 0.056297365572
0.969135802469 0.0566582461205
0.969325153374 0.0570191266691
0.969512195122 0.0573800072176
0.963636363636 0.0573800072176
0.957831325301 0.0573800072176
0.958083832335 0.0577408877661
0.958333333333 0.0581017683147
0.958579881657 0.0584626488632
0.958823529412 0.0588235294118
0.959064327485 0.0591844099603
0.959302325581 0.0595452905088
0.959537572254 0.0599061710574
0.959770114943 0.0602670516059
0.96 0.0606279321545
0.960227272727 0.060988812703
0.960451977401 0.0613496932515
0.960674157303 0.0617105738001
0.960893854749 0.0620714543486
0.961111111111 0.0624323348971
0.961325966851 0.0627932154457
0.961538461538 0.0631540959942
0.96174863388 0.0635149765428
0.961956521739 0.0638758570913
0.962162162162 0.0642367376398
0.962365591398 0.0645976181884
0.96256684492 0.0649584987369
0.962765957447 0.0653193792855
0.962962962963 0.065680259834
0.963157894737 0.0660411403825
0.96335078534 0.0664020209311
0.963541666667 0.0667629014796
0.963730569948 0.0671237820281
0.963917525773 0.0674846625767
0.964102564103 0.0678455431252
0.964285714286 0.0682064236738
0.964467005076 0.0685673042223
0.964646464646 0.0689281847708
0.964824120603 0.0692890653194
0.965 0.0696499458679
0.965174129353 0.0700108264165
0.965346534653 0.070371706965
0.965517241379 0.0707325875135
0.96568627451 0.0710934680621
0.965853658537 0.0714543486106
0.966019417476 0.0718152291591
0.966183574879 0.0721761097077
0.966346153846 0.0725369902562
0.966507177033 0.0728978708048
0.966666666667 0.0732587513533
0.96682464455 0.0736196319018
0.966981132075 0.0739805124504
0.967136150235 0.0743413929989
0.967289719626 0.0747022735475
0.967441860465 0.075063154096
0.967592592593 0.0754240346445
0.967741935484 0.0757849151931
0.967889908257 0.0761457957416
0.96803652968 0.0765066762901
0.968181818182 0.0768675568387
0.968325791855 0.0772284373872
0.968468468468 0.0775893179358
0.968609865471 0.0779501984843
0.96875 0.0783110790328
0.968888888889 0.0786719595814
0.969026548673 0.0790328401299
0.969162995595 0.0793937206785
0.969298245614 0.079754601227
0.96943231441 0.0801154817755
0.969565217391 0.0804763623241
0.969696969697 0.0808372428726
0.969827586207 0.0811981234211
0.969957081545 0.0815590039697
0.970085470085 0.0819198845182
0.970212765957 0.0822807650668
0.970338983051 0.0826416456153
0.966244725738 0.0826416456153
0.966386554622 0.0830025261638
0.966527196653 0.0833634067124
0.966666666667 0.0837242872609
0.966804979253 0.0840851678095
0.96694214876 0.084446048358
0.9670781893 0.0848069289065
0.967213114754 0.0851678094551
0.967346938776 0.0855286900036
0.967479674797 0.0858895705521
0.967611336032 0.0862504511007
0.967741935484 0.0866113316492
0.967871485944 0.0869722121978
0.968 0.0873330927463
0.96812749004 0.0876939732948
0.968253968254 0.0880548538434
0.96837944664 0.0884157343919
0.968503937008 0.0887766149405
0.96862745098 0.089137495489
0.96875 0.0894983760375
0.968871595331 0.0898592565861
0.968992248062 0.0902201371346
0.969111969112 0.0905810176831
0.965384615385 0.0905810176831
0.965517241379 0.0909418982317
0.965648854962 0.0913027787802
0.965779467681 0.0916636593288
0.965909090909 0.0920245398773
0.966037735849 0.0923854204258
0.966165413534 0.0927463009744
0.966292134831 0.0931071815229
0.966417910448 0.0934680620715
0.966542750929 0.09382894262
0.966666666667 0.0941898231685
0.966789667897 0.0945507037171
0.966911764706 0.0949115842656
0.967032967033 0.0952724648141
0.967153284672 0.0956333453627
0.967272727273 0.0959942259112
0.967391304348 0.0963551064598
0.967509025271 0.0967159870083
0.967625899281 0.0970768675568
0.964157706093 0.0970768675568
0.964285714286 0.0974377481054
0.964412811388 0.0977986286539
0.964539007092 0.0981595092025
0.964664310954 0.098520389751
0.964788732394 0.0988812702995
0.964912280702 0.0992421508481
0.965034965035 0.0996030313966
0.965156794425 0.0999639119451
0.965277777778 0.100324792494
0.965397923875 0.100685673042
0.965517241379 0.101046553591
0.965635738832 0.101407434139
0.962328767123 0.101407434139
0.962457337884 0.101768314688
0.962585034014 0.102129195236
0.962711864407 0.102490075785
0.962837837838 0.102850956333
0.962962962963 0.103211836882
0.963087248322 0.103572717431
0.963210702341 0.103933597979
0.963333333333 0.104294478528
0.960132890365 0.104294478528
0.960264900662 0.104655359076
0.960396039604 0.105016239625
0.960526315789 0.105377120173
0.960655737705 0.105738000722
0.960784313725 0.10609888127
0.960912052117 0.106459761819
0.961038961039 0.106820642367
0.961165048544 0.107181522916
0.961290322581 0.107542403464
0.961414790997 0.107903284013
0.961538461538 0.108264164562
0.961661341853 0.10862504511
0.96178343949 0.108985925659
0.961904761905 0.109346806207
0.962025316456 0.109707686756
0.96214511041 0.110068567304
0.962264150943 0.110429447853
0.962382445141 0.110790328401
0.9625 0.11115120895
0.96261682243 0.111512089498
0.962732919255 0.111872970047
0.962848297214 0.112233850595
0.962962962963 0.112594731144
0.963076923077 0.112955611693
0.963190184049 0.113316492241
0.963302752294 0.11367737279
0.963414634146 0.114038253338
0.963525835866 0.114399133887
0.963636363636 0.114760014435
0.963746223565 0.115120894984
0.963855421687 0.115481775532
0.963963963964 0.115842656081
0.964071856287 0.116203536629
0.964179104478 0.116564417178
0.964285714286 0.116925297726
0.964391691395 0.117286178275
0.96449704142 0.117647058824
0.964601769912 0.118007939372
0.964705882353 0.118368819921
0.964809384164 0.118729700469
0.964912280702 0.119090581018
0.965014577259 0.119451461566
0.96511627907 0.119812342115
0.965217391304 0.120173222663
0.965317919075 0.120534103212
0.965417867435 0.12089498376
0.965517241379 0.121255864309
0.965616045845 0.121616744857
0.965714285714 0.121977625406
0.965811965812 0.122338505955
0.965909090909 0.122699386503
0.966005665722 0.123060267052
0.966101694915 0.1234211476
0.96338028169 0.1234211476
0.963483146067 0.123782028149
0.963585434174 0.124142908697
0.963687150838 0.124503789246
0.963788300836 0.124864669794
0.963888888889 0.125225550343
0.963988919668 0.125586430891
0.96408839779 0.12594731144
0.964187327824 0.126308191988
0.964285714286 0.126669072537
0.964383561644 0.127029953086
0.964480874317 0.127390833634
0.964577656676 0.127751714183
0.964673913043 0.128112594731
0.964769647696 0.12847347528
0.964864864865 0.128834355828
0.964959568733 0.129195236377
0.965053763441 0.129556116925
0.965147453083 0.129916997474
0.965240641711 0.130277878022
0.965333333333 0.130638758571
0.965425531915 0.130999639119
0.965517241379 0.131360519668
0.965608465608 0.131721400217
0.965699208443 0.132082280765
0.965789473684 0.132443161314
0.965879265092 0.132804041862
0.965968586387 0.133164922411
0.966057441253 0.133525802959
0.966145833333 0.133886683508
0.966233766234 0.134247564056
0.966321243523 0.134608444605
0.966408268734 0.134969325153
0.966494845361 0.135330205702
0.966580976864 0.13569108625
0.966666666667 0.136051966799
0.966751918159 0.136412847348
0.966836734694 0.136773727896
0.966921119593 0.137134608445
0.967005076142 0.137495488993
0.967088607595 0.137856369542
0.967171717172 0.13821725009
0.96725440806 0.138578130639
0.967336683417 0.138939011187
0.967418546366 0.139299891736
0.9675 0.139660772284
0.967581047382 0.140021652833
0.967661691542 0.140382533381
0.967741935484 0.14074341393
0.967821782178 0.141104294479
0.967901234568 0.141465175027
0.967980295567 0.141826055576
0.968058968059 0.142186936124
0.968137254902 0.142547816673
0.968215158924 0.142908697221
0.968292682927 0.14326957777
0.968369829684 0.143630458318
0.968446601942 0.143991338867
0.968523002421 0.144352219415
0.968599033816 0.144713099964
0.968674698795 0.145073980512
0.96875 0.145434861061
0.968824940048 0.14579574161
0.968899521531 0.146156622158
0.968973747017 0.146517502707
0.969047619048 0.146878383255
0.969121140143 0.147239263804
0.969194312796 0.147600144352
0.96926713948 0.147961024901
0.969339622642 0.148321905449
0.969411764706 0.148682785998
0.969483568075 0.149043666546
0.969555035129 0.149404547095
0.969626168224 0.149765427643
0.969696969697 0.150126308192
0.96976744186 0.150487188741
0.969837587007 0.150848069289
0.967592592593 0.150848069289
0.96766743649 0.151208949838
0.967741935484 0.151569830386
0.967816091954 0.151930710935
0.967889908257 0.152291591483
0.967963386728 0.152652472032
0.96803652968 0.15301335258
0.968109339408 0.153374233129
0.968181818182 0.153735113677
0.968253968254 0.154095994226
0.968325791855 0.154456874774
0.968397291196 0.154817755323
0.966216216216 0.154817755323
0.96404494382 0.154817755323
0.964125560538 0.155178635872
0.964205816555 0.15553951642
0.964285714286 0.155900396969
0.964365256125 0.156261277517
0.964444444444 0.156622158066
0.964523281596 0.156983038614
0.962389380531 0.156983038614
0.962472406181 0.157343919163
0.962555066079 0.157704799711
0.962637362637 0.15806568026
0.962719298246 0.158426560808
0.962800875274 0.158787441357
0.96288209607 0.159148321905
0.962962962963 0.159509202454
0.960869565217 0.159509202454
0.958785249458 0.159509202454
0.958874458874 0.159870083003
0.958963282937 0.160230963551
0.959051724138 0.1605918441
0.959139784946 0.160952724648
0.959227467811 0.161313605197
0.959314775161 0.161674485745
0.959401709402 0.162035366294
0.959488272921 0.162396246842
0.959574468085 0.162757127391
0.95966029724 0.163118007939
0.959745762712 0.163478888488
0.959830866808 0.163839769036
0.957805907173 0.163839769036
0.957894736842 0.164200649585
0.957983193277 0.164561530134
0.958071278826 0.164922410682
0.958158995816 0.165283291231
0.958246346555 0.165644171779
0.958333333333 0.166005052328
0.95841995842 0.166365932876
0.958506224066 0.166726813425
0.958592132505 0.167087693973
0.95867768595 0.167448574522
0.958762886598 0.16780945507
0.958847736626 0.168170335619
0.958932238193 0.168531216167
0.959016393443 0.168892096716
0.959100204499 0.169252977265
0.959183673469 0.169613857813
0.959266802444 0.169974738362
0.957317073171 0.169974738362
0.95537525355 0.169974738362
0.955465587045 0.17033561891
0.955555555556 0.170696499459
0.95564516129 0.171057380007
0.955734406439 0.171418260556
0.955823293173 0.171779141104
0.955911823647 0.172140021653
0.956 0.172500902201
0.956087824351 0.17286178275
0.956175298805 0.173222663298
0.956262425447 0.173583543847
0.956349206349 0.173944424396
0.956435643564 0.174305304944
0.95652173913 0.174666185493
0.956607495069 0.175027066041
0.956692913386 0.17538794659
0.956777996071 0.175748827138
0.956862745098 0.176109707687
0.956947162427 0.176470588235
0.95703125 0.176831468784
0.957115009747 0.177192349332
0.95719844358 0.177553229881
0.955339805825 0.177553229881
0.955426356589 0.177914110429
0.955512572534 0.178274990978
0.955598455598 0.178635871527
0.955684007707 0.178996752075
0.955769230769 0.179357632624
0.955854126679 0.179718513172
0.955938697318 0.180079393721
0.954110898662 0.180079393721
0.954198473282 0.180440274269
0.954285714286 0.180801154818
0.954372623574 0.181162035366
0.954459203036 0.181522915915
0.954545454545 0.181883796463
0.954631379962 0.182244677012
0.954716981132 0.18260555756
0.954802259887 0.182966438109
0.953007518797 0.182966438109
0.953095684803 0.183327318658
0.953183520599 0.183688199206
0.951401869159 0.183688199206
0.951492537313 0.184049079755
0.951582867784 0.184409960303
0.951672862454 0.184770840852
0.951762523191 0.1851317214
0.95 0.1851317214
0.948243992606 0.1851317214
0.948339483395 0.185492601949
0.948434622468 0.185853482497
0.948529411765 0.186214363046
0.948623853211 0.186575243594
0.948717948718 0.186936124143
0.948811700183 0.187297004691
0.947080291971 0.187297004691
0.947176684882 0.18765788524
0.947272727273 0.188018765789
0.947368421053 0.188379646337
0.947463768116 0.188740526886
0.947558770344 0.189101407434
0.947653429603 0.189462287983
0.947747747748 0.189823168531
0.947841726619 0.19018404908
0.947935368043 0.190544929628
0.948028673835 0.190905810177
0.948121645796 0.191266690725
0.948214285714 0.191627571274
0.946524064171 0.191627571274
0.946619217082 0.191988451822
0.946714031972 0.192349332371
0.946808510638 0.19271021292
0.946902654867 0.193071093468
0.946996466431 0.193431974017
0.94708994709 0.193792854565
0.947183098592 0.194153735114
0.947275922671 0.194514615662
0.947368421053 0.194875496211
0.945709281961 0.194875496211
0.945804195804 0.195236376759
0.94589877836 0.195597257308
0.945993031359 0.195958137856
0.946086956522 0.196319018405
0.946180555556 0.196679898953
0.946273830156 0.197040779502
0.946366782007 0.197401660051
0.946459412781 0.197762540599
0.946551724138 0.198123421148
0.946643717728 0.198484301696
0.946735395189 0.198845182245
0.946826758148 0.199206062793
0.946917808219 0.199566943342
0.947008547009 0.19992782389
0.947098976109 0.200288704439
0.947189097104 0.200649584987
0.947278911565 0.201010465536
0.947368421053 0.201371346084
0.947457627119 0.201732226633
0.947546531303 0.202093107182
0.947635135135 0.20245398773
0.947723440135 0.202814868279
0.947811447811 0.203175748827
0.947899159664 0.203536629376
0.947986577181 0.203897509924
0.948073701843 0.204258390473
0.948160535117 0.204619271021
0.948247078464 0.20498015157
0.948333333333 0.205341032118
0.948419301165 0.205701912667
0.948504983389 0.206062793215
0.948590381426 0.206423673764
0.948675496689 0.206784554313
0.948760330579 0.207145434861
0.948844884488 0.20750631541
0.948929159802 0.207867195958
0.949013157895 0.208228076507
0.949096880131 0.208588957055
0.949180327869 0.208949837604
0.949263502455 0.209310718152
0.949346405229 0.209671598701
0.94942903752 0.210032479249
0.949511400651 0.210393359798
0.949593495935 0.210754240346
0.949675324675 0.211115120895
0.949756888169 0.211476001444
0.949838187702 0.211836881992
0.949919224556 0.212197762541
0.95 0.212558643089
0.950080515298 0.212919523638
0.950160771704 0.213280404186
0.950240770465 0.213641284735
0.950320512821 0.214002165283
0.9504 0.214363045832
0.950479233227 0.21472392638
0.950558213716 0.215084806929
0.950636942675 0.215445687477
0.950715421304 0.215806568026
0.949206349206 0.215806568026
0.947702060222 0.215806568026
0.946202531646 0.215806568026
0.946287519747 0.216167448575
0.946372239748 0.216528329123
0.946456692913 0.216889209672
0.946540880503 0.21725009022
0.946624803768 0.217610970769
0.94670846395 0.217971851317
0.945226917058 0.217971851317
0.9453125 0.218332731866
0.945397815913 0.218693612414
0.945482866044 0.219054492963
0.945567651633 0.219415373511
0.944099378882 0.219415373511
0.944186046512 0.21977625406
0.94427244582 0.220137134608
0.944358578053 0.220498015157
0.944444444444 0.220858895706
0.944530046225 0.221219776254
0.944615384615 0.221580656803
0.944700460829 0.221941537351
0.944785276074 0.2223024179
0.944869831547 0.222663298448
0.94495412844 0.223024178997
0.945038167939 0.223385059545
0.94512195122 0.223745940094
0.945205479452 0.224106820642
0.945288753799 0.224467701191
0.945371775417 0.224828581739
0.945454545455 0.225189462288
0.945537065053 0.225550342837
0.945619335347 0.225911223385
0.945701357466 0.226272103934
0.94578313253 0.226632984482
0.945864661654 0.226993865031
0.945945945946 0.227354745579
0.946026986507 0.227715626128
0.946107784431 0.228076506676
0.946188340807 0.228437387225
0.946268656716 0.228798267773
0.946348733234 0.229159148322
0.946428571429 0.22952002887
0.946508172363 0.229880909419
0.946587537092 0.230241789968
0.946666666667 0.230602670516
0.94674556213 0.230963551065
0.94682422452 0.231324431613
0.946902654867 0.231685312162
0.946980854197 0.23204619271
0.947058823529 0.232407073259
0.947136563877 0.232767953807
0.947214076246 0.233128834356
0.94729136164 0.233489714904
0.947368421053 0.233850595453
0.94598540146 0.233850595453
0.946064139942 0.234211476001
0.946142649199 0.23457235655
0.946220930233 0.234933237099
0.946298984035 0.235294117647
0.946376811594 0.235654998196
0.946454413893 0.236015878744
0.946531791908 0.236376759293
0.946608946609 0.236737639841
0.946685878963 0.23709852039
0.946762589928 0.237459400938
0.94683908046 0.237820281487
0.946915351506 0.238181162035
0.946991404011 0.238542042584
0.947067238913 0.238902923132
0.947142857143 0.239263803681
0.947218259629 0.23962468423
0.947293447293 0.239985564778
0.947368421053 0.240346445327
0.947443181818 0.240707325875
0.947517730496 0.241068206424
0.947592067989 0.241429086972
0.946251768034 0.241429086972
0.946327683616 0.241789967521
0.946403385049 0.242150848069
0.945070422535 0.242150848069
0.945147679325 0.242511728618
0.945224719101 0.242872609166
0.945301542777 0.243233489715
0.945378151261 0.243594370263
0.945454545455 0.243955250812
0.945530726257 0.244316131361
0.945606694561 0.244677011909
0.944289693593 0.244677011909
0.944367176634 0.245037892458
0.944444444444 0.245398773006
0.94452149792 0.245759653555
0.94459833795 0.246120534103
0.943291839557 0.246120534103
0.943370165746 0.246481414652
0.943448275862 0.2468422952
0.943526170799 0.247203175749
0.943603851444 0.247564056297
0.943681318681 0.247924936846
0.943758573388 0.248285817394
0.943835616438 0.248646697943
0.9439124487 0.249007578492
0.943989071038 0.24936845904
0.944065484311 0.249729339589
0.944141689373 0.250090220137
0.944217687075 0.250451100686
0.944293478261 0.250811981234
0.944369063772 0.251172861783
0.944444444444 0.251533742331
0.94451962111 0.25189462288
0.944594594595 0.252255503428
0.944669365722 0.252616383977
0.94474393531 0.252977264525
0.944818304172 0.253338145074
0.944892473118 0.253699025623
0.944966442953 0.254059906171
0.943699731903 0.254059906171
0.943775100402 0.25442078672
0.94385026738 0.254781667268
0.943925233645 0.255142547817
0.944 0.255503428365
0.944074567244 0.255864308914
0.94414893617 0.256225189462
0.94422310757 0.256586070011
0.944297082228 0.256946950559
0.944370860927 0.257307831108
0.944444444444 0.257668711656
0.944517833554 0.258029592205
0.944591029024 0.258390472754
0.944664031621 0.258751353302
0.944736842105 0.259112233851
0.944809461235 0.259473114399
0.944881889764 0.259833994948
0.94495412844 0.260194875496
0.94502617801 0.260555756045
0.945098039216 0.260916636593
0.945169712794 0.261277517142
0.945241199478 0.26163839769
0.9453125 0.261999278239
0.945383615085 0.262360158787
0.945454545455 0.262721039336
0.945525291829 0.263081919885
0.945595854922 0.263442800433
0.945666235446 0.263803680982
0.945736434109 0.26416456153
0.945806451613 0.264525442079
0.94587628866 0.264886322627
0.945945945946 0.265247203176
0.946015424165 0.265608083724
0.946084724005 0.265968964273
0.946153846154 0.266329844821
0.946222791293 0.26669072537
0.946291560102 0.267051605918
0.946360153257 0.267412486467
0.946428571429 0.267773367016
0.946496815287 0.268134247564
0.946564885496 0.268495128113
0.946632782719 0.268856008661
0.946700507614 0.26921688921
0.946768060837 0.269577769758
0.946835443038 0.269938650307
0.946902654867 0.270299530855
0.94696969697 0.270660411404
0.947036569987 0.271021291952
0.947103274559 0.271382172501
0.945911949686 0.271382172501
0.945979899497 0.271743053049
0.946047678795 0.272103933598
0.946115288221 0.272464814147
0.946182728411 0.272825694695
0.94625 0.273186575244
0.94631710362 0.273547455792
0.9463840399 0.273908336341
0.946450809465 0.274269216889
0.946517412935 0.274630097438
0.946583850932 0.274990977986
0.94540942928 0.274990977986
0.944237918216 0.274990977986
0.944306930693 0.275351858535
0.944375772559 0.275712739083
0.944444444444 0.276073619632
0.944512946979 0.27643450018
0.943349753695 0.27643450018
0.943419434194 0.276795380729
0.943488943489 0.277156261278
0.943558282209 0.277517141826
0.94362745098 0.277878022375
0.943696450428 0.278238902923
0.942542787286 0.278238902923
0.942612942613 0.278599783472
0.942682926829 0.27896066402
0.94275274056 0.279321544569
0.942822384428 0.279682425117
0.941676792224 0.279682425117
0.941747572816 0.280043305666
0.941818181818 0.280404186214
0.941888619855 0.280765066763
0.941958887545 0.281125947311
0.942028985507 0.28148682786
0.942098914355 0.281847708409
0.942168674699 0.282208588957
0.942238267148 0.282569469506
0.942307692308 0.282930350054
0.94237695078 0.283291230603
0.942446043165 0.283652111151
0.94251497006 0.2840129917
0.942583732057 0.284373872248
0.942652329749 0.284734752797
0.941527446301 0.284734752797
0.940405244338 0.284734752797
0.940476190476 0.285095633345
0.940546967895 0.285456513894
0.940617577197 0.285817394442
0.94068801898 0.286178274991
0.940758293839 0.28653915554
0.940828402367 0.286900036088
0.940898345154 0.287260916637
0.940968122786 0.287621797185
0.941037735849 0.287982677734
0.941107184923 0.288343558282
0.94 0.288343558282
0.940070505288 0.288704438831
0.94014084507 0.289065319379
0.94021101993 0.289426199928
0.940281030445 0.289787080476
0.93918128655 0.289787080476
0.93808411215 0.289787080476
0.938156359393 0.290147961025
0.938228438228 0.290508841573
0.938300349243 0.290869722122
0.938372093023 0.291230602671
0.937282229965 0.291230602671
0.937354988399 0.291591483219
0.937427578216 0.291952363768
0.9375 0.292313244316
0.937572254335 0.292674124865
0.937644341801 0.293035005413
0.937716262976 0.293395885962
0.937788018433 0.29375676651
0.937859608746 0.294117647059
0.937931034483 0.294478527607
0.938002296211 0.294839408156
0.938073394495 0.295200288704
0.938144329897 0.295561169253
0.938215102975 0.295922049802
0.938285714286 0.29628293035
0.938356164384 0.296643810899
0.93842645382 0.297004691447
0.938496583144 0.297365571996
0.938566552901 0.297726452544
0.938636363636 0.298087333093
0.938706015891 0.298448213641
0.937641723356 0.298448213641
0.937712344281 0.29880909419
0.93778280543 0.299169974738
0.937853107345 0.299530855287
0.937923250564 0.299891735835
0.937993235626 0.300252616384
0.936936936937 0.300252616384
0.935883014623 0.300252616384
0.93595505618 0.300613496933
0.936026936027 0.300974377481
0.936098654709 0.30133525803
0.936170212766 0.301696138578
0.936241610738 0.302057019127
0.936312849162 0.302417899675
0.936383928571 0.302778780224
0.936454849498 0.303139660772
0.936525612472 0.303500541321
0.93659621802 0.303861421869
0.936666666667 0.304222302418
0.936736958935 0.304583182966
0.936807095344 0.304944063515
0.936877076412 0.305304944064
0.936946902655 0.305665824612
0.937016574586 0.306026705161
0.937086092715 0.306387585709
0.937155457552 0.306748466258
0.937224669604 0.307109346806
0.937293729373 0.307470227355
0.937362637363 0.307831107903
0.937431394072 0.308191988452
0.9375 0.308552869
0.937568455641 0.308913749549
0.937636761488 0.309274630097
0.937704918033 0.309635510646
0.937772925764 0.309996391195
0.937840785169 0.310357271743
0.937908496732 0.310718152292
0.937976060936 0.31107903284
0.938043478261 0.311439913389
0.938110749186 0.311800793937
0.938177874187 0.312161674486
0.938244853738 0.312522555034
0.938311688312 0.312883435583
0.938378378378 0.313244316131
0.938444924406 0.31360519668
0.938511326861 0.313966077228
0.938577586207 0.314326957777
0.937567276642 0.314326957777
0.936559139785 0.314326957777
0.936627282492 0.314687838326
0.93669527897 0.315048718874
0.936763129689 0.315409599423
0.936830835118 0.315770479971
0.936898395722 0.31613136052
0.936965811966 0.316492241068
0.937033084312 0.316853121617
0.93710021322 0.317214002165
0.937167199148 0.317574882714
0.937234042553 0.317935763262
0.937300743889 0.318296643811
0.937367303609 0.318657524359
0.937433722163 0.319018404908
0.9375 0.319379285457
0.937566137566 0.319740166005
0.937632135307 0.320101046554
0.937697993664 0.320461927102
0.93776371308 0.320822807651
0.937829293994 0.321183688199
0.937894736842 0.321544568748
0.937960042061 0.321905449296
0.938025210084 0.322266329845
0.938090241343 0.322627210393
0.938155136268 0.322988090942
0.938219895288 0.32334897149
0.938284518828 0.323709852039
0.938349007315 0.324070732588
0.938413361169 0.324431613136
0.938477580813 0.324792493685
0.938541666667 0.325153374233
0.938605619147 0.325514254782
0.938669438669 0.32587513533
0.938733125649 0.326236015879
0.938796680498 0.326596896427
0.938860103627 0.326957776976
0.938923395445 0.327318657524
0.93898655636 0.327679538073
0.939049586777 0.328040418621
0.9391124871 0.32840129917
0.939175257732 0.328762179719
0.939237899073 0.329123060267
0.939300411523 0.329483940816
0.939362795478 0.329844821364
0.939425051335 0.330205701913
0.939487179487 0.330566582461
0.939549180328 0.33092746301
0.939611054248 0.331288343558
0.939672801636 0.331649224107
0.93973442288 0.332010104655
0.939795918367 0.332370985204
0.939857288481 0.332731865752
0.939918533605 0.333092746301
0.938962360122 0.333092746301
0.939024390244 0.33345362685
0.939086294416 0.333814507398
0.939148073022 0.334175387947
0.939209726444 0.334536268495
0.939271255061 0.334897149044
0.939332659252 0.335258029592
0.939393939394 0.335618910141
0.939455095863 0.335979790689
0.939516129032 0.336340671238
0.939577039275 0.336701551786
0.939637826962 0.337062432335
0.939698492462 0.337423312883
0.939759036145 0.337784193432
0.938816449348 0.337784193432
0.938877755511 0.338145073981
0.938938938939 0.338505954529
0.939 0.338866835078
0.939060939061 0.339227715626
0.939121756487 0.339588596175
0.939182452642 0.339949476723
0.939243027888 0.340310357272
0.938308457711 0.340310357272
0.938369781312 0.34067123782
0.938430983118 0.341032118369
0.938492063492 0.341392998917
0.938553022795 0.341753879466
0.938613861386 0.342114760014
0.938674579624 0.342475640563
0.938735177866 0.342836521112
0.938795656466 0.34319740166
0.938856015779 0.343558282209
0.938916256158 0.343919162757
0.938976377953 0.344280043306
0.938053097345 0.344280043306
0.938113948919 0.344640923854
0.93817468106 0.345001804403
0.938235294118 0.345362684951
0.938295788443 0.3457235655
0.938356164384 0.346084446048
0.938416422287 0.346445326597
0.9384765625 0.346806207145
0.938536585366 0.347167087694
0.937621832359 0.347167087694
0.937682570594 0.347527968243
0.937743190661 0.347888848791
0.937803692906 0.34824972934
0.93786407767 0.348610609888
0.937924345296 0.348971490437
0.937984496124 0.349332370985
0.938044530494 0.349693251534
0.938104448743 0.350054132082
0.938164251208 0.350415012631
0.938223938224 0.350775893179
0.938283510125 0.351136773728
0.938342967245 0.351497654276
0.938402309913 0.351858534825
0.938461538462 0.352219415374
0.938520653218 0.352580295922
0.938579654511 0.352941176471
0.938638542665 0.353302057019
0.938697318008 0.353662937568
0.937799043062 0.353662937568
0.937858508604 0.354023818116
0.937917860554 0.354384698665
0.937977099237 0.354745579213
0.938036224976 0.355106459762
0.938095238095 0.35546734031
0.938154138915 0.355828220859
0.938212927757 0.356189101407
0.938271604938 0.356549981956
0.938330170778 0.356910862505
0.938388625592 0.357271743053
0.938446969697 0.357632623602
0.938505203406 0.35799350415
0.938563327032 0.358354384699
0.938621340888 0.358715265247
0.938679245283 0.359076145796
0.938737040528 0.359437026344
0.93879472693 0.359797906893
0.938852304798 0.360158787441
0.938909774436 0.36051966799
0.93896713615 0.360880548538
0.939024390244 0.361241429087
0.93908153702 0.361602309636
0.939138576779 0.361963190184
0.939195509822 0.362324070733
0.939252336449 0.362684951281
0.939309056956 0.36304583183
0.939365671642 0.363406712378
0.938490214352 0.363406712378
0.938547486034 0.363767592927
0.938604651163 0.364128473475
0.938661710037 0.364489354024
0.938718662953 0.364850234572
0.938775510204 0.365211115121
0.938832252085 0.365571995669
0.938888888889 0.365932876218
0.938020351526 0.365932876218
0.938077634011 0.366293756767
0.938134810711 0.366654637315
0.938191881919 0.367015517864
0.938248847926 0.367376398412
0.938305709024 0.367737278961
0.938362465501 0.368098159509
0.938419117647 0.368459040058
0.938475665748 0.368819920606
0.938532110092 0.369180801155
0.937671860678 0.369180801155
0.937728937729 0.369541681703
0.937785910339 0.369902562252
0.937842778793 0.3702634428
0.937899543379 0.370624323349
0.93795620438 0.370985203898
0.938012762078 0.371346084446
0.938069216758 0.371706964995
0.938125568699 0.372067845543
0.938181818182 0.372428726092
0.938237965486 0.37278960664
0.938294010889 0.373150487189
0.938349954669 0.373511367737
0.938405797101 0.373872248286
0.938461538462 0.374233128834
0.938517179024 0.374594009383
0.938572719061 0.374954889931
0.938628158845 0.37531577048
0.938683498647 0.375676651029
0.938738738739 0.376037531577
0.938793879388 0.376398412126
0.938848920863 0.376759292674
0.938903863432 0.377120173223
0.938958707361 0.377481053771
0.939013452915 0.37784193432
0.939068100358 0.378202814868
0.939122649955 0.378563695417
0.939177101968 0.378924575965
0.939231456658 0.379285456514
0.939285714286 0.379646337062
0.939339875112 0.380007217611
0.939393939394 0.38036809816
0.939447907391 0.380728978708
0.939501779359 0.381089859257
0.939555555556 0.381450739805
0.939609236234 0.381811620354
0.93966282165 0.382172500902
0.939716312057 0.382533381451
0.939769707706 0.382894261999
0.93982300885 0.383255142548
0.939876215738 0.383616023096
0.939929328622 0.383976903645
0.939982347749 0.384337784193
0.940035273369 0.384698664742
0.940088105727 0.385059545291
0.94014084507 0.385420425839
0.939313984169 0.385420425839
0.939367311072 0.385781306388
0.939420544337 0.386142186936
0.939473684211 0.386503067485
0.939526730938 0.386863948033
0.939579684764 0.387224828582
0.939632545932 0.38758570913
0.939685314685 0.387946589679
0.939737991266 0.388307470227
0.939790575916 0.388668350776
0.939843068875 0.389029231324
0.939895470383 0.389390111873
0.939947780679 0.389750992422
0.94 0.39011187297
0.940052128584 0.390472753519
0.940104166667 0.390833634067
0.940156114484 0.391194514616
0.94020797227 0.391555395164
0.94025974026 0.391916275713
0.939446366782 0.391916275713
0.939498703544 0.392277156261
0.939550949914 0.39263803681
0.939603106126 0.392998917358
0.939655172414 0.393359797907
0.939707149009 0.393720678455
0.939759036145 0.394081559004
0.93981083405 0.394442439553
0.939862542955 0.394803320101
0.939055793991 0.394803320101
0.938250428816 0.394803320101
0.938303341902 0.39516420065
0.938356164384 0.395525081198
0.938408896493 0.395885961747
0.938461538462 0.396246842295
0.938514090521 0.396607722844
0.938566552901 0.396968603392
0.938618925831 0.397329483941
0.93867120954 0.397690364489
0.938723404255 0.398051245038
0.938775510204 0.398412125586
0.938827527613 0.398773006135
0.938879456706 0.399133886684
0.93893129771 0.399494767232
0.938983050847 0.399855647781
0.939034716342 0.400216528329
0.938240270728 0.400216528329
0.938292476754 0.400577408878
0.938344594595 0.400938289426
0.937552742616 0.400938289426
0.93760539629 0.401299169975
0.937657961247 0.401660050523
0.93771043771 0.402020931072
0.937762825904 0.40238181162
0.93781512605 0.402742692169
0.937867338371 0.403103572717
0.937919463087 0.403464453266
0.937971500419 0.403825333815
0.938023450586 0.404186214363
0.938075313808 0.404547094912
0.938127090301 0.40490797546
0.938178780284 0.405268856009
0.938230383973 0.405629736557
0.938281901585 0.405990617106
0.938333333333 0.406351497654
0.938384679434 0.406712378203
0.9384359401 0.407073258751
0.938487115544 0.4074341393
0.93853820598 0.407795019848
0.938589211618 0.408155900397
0.93864013267 0.408516780946
0.938690969345 0.408877661494
0.938741721854 0.409238542043
0.938792390405 0.409599422591
0.938842975207 0.40996030314
0.938893476466 0.410321183688
0.938943894389 0.410682064237
0.938994229184 0.411042944785
0.939044481054 0.411403825334
0.939094650206 0.411764705882
0.939144736842 0.412125586431
0.939194741167 0.412486466979
0.939244663383 0.412847347528
0.939294503692 0.413208228077
0.939344262295 0.413569108625
0.939393939394 0.413929989174
0.939443535188 0.414290869722
0.939493049877 0.414651750271
0.93954248366 0.415012630819
0.939591836735 0.415373511368
0.939641109299 0.415734391916
0.939690301548 0.416095272465
0.939739413681 0.416456153013
0.939788445891 0.416817033562
0.939837398374 0.41717791411
0.939886271324 0.417538794659
0.939935064935 0.417899675208
0.9399837794 0.418260555756
0.940032414911 0.418621436305
0.94008097166 0.418982316853
0.93932038835 0.418982316853
0.939369442199 0.419343197402
0.939418416801 0.41970407795
0.939467312349 0.420064958499
0.939516129032 0.420425839047
0.939564867043 0.420786719596
0.93961352657 0.421147600144
0.939662107804 0.421508480693
0.939710610932 0.421869361241
0.939759036145 0.42223024179
0.939807383628 0.422591122339
0.939053728949 0.422591122339
0.938301282051 0.422591122339
0.938350680544 0.422952002887
0.9384 0.423312883436
0.938449240608 0.423673763984
0.938498402556 0.424034644533
0.938547486034 0.424395525081
0.938596491228 0.42475640563
0.938645418327 0.425117286178
0.938694267516 0.425478166727
0.938743038982 0.425839047275
0.938791732909 0.426199927824
0.938840349484 0.426560808372
0.938888888889 0.426921688921
0.938937351308 0.42728256947
0.938985736926 0.427643450018
0.939034045922 0.428004330567
0.939082278481 0.428365211115
0.939130434783 0.428726091664
0.938388625592 0.428726091664
0.938437253354 0.429086972212
0.938485804416 0.429447852761
0.937746256895 0.429447852761
0.937795275591 0.429808733309
0.937844217152 0.430169613858
0.937893081761 0.430530494406
0.937941869599 0.430891374955
0.937990580848 0.431252255503
0.938039215686 0.431613136052
0.938087774295 0.431974016601
0.938136256852 0.432334897149
0.938184663537 0.432695777698
0.938232994527 0.433056658246
0.93828125 0.433417538795
0.938329430133 0.433778419343
0.9375975039 0.433778419343
0.937646141855 0.434139299892
0.93769470405 0.43450018044
0.937743190661 0.434861060989
0.937791601866 0.435221941537
0.93783993784 0.435582822086
0.937888198758 0.435943702634
0.937936384794 0.436304583183
0.937984496124 0.436665463732
0.93803253292 0.43702634428
0.938080495356 0.437387224829
0.938128383604 0.437748105377
0.938176197836 0.438108985926
0.938223938224 0.438469866474
0.938271604938 0.438830747023
0.93831919815 0.439191627571
0.938366718028 0.43955250812
0.938414164742 0.439913388668
0.938461538462 0.440274269217
0.938508839354 0.440635149765
0.938556067588 0.440996030314
0.938603223331 0.441356910863
0.938650306748 0.441717791411
0.938697318008 0.44207867196
0.938744257274 0.442439552508
0.938791124713 0.442800433057
0.938837920489 0.443161313605
0.938884644767 0.443522194154
0.93893129771 0.443883074702
0.938977879481 0.444243955251
0.939024390244 0.444604835799
0.938309215537 0.444604835799
0.937595129376 0.444604835799
0.937642585551 0.444965716348
0.937689969605 0.445326596896
0.937737281701 0.445687477445
0.937784522003 0.446048357994
0.937831690675 0.446409238542
0.937878787879 0.446770119091
0.937925813777 0.447130999639
0.937972768533 0.447491880188
0.938019652305 0.447852760736
0.938066465257 0.448213641285
0.938113207547 0.448574521833
0.938159879336 0.448935402382
0.938206480784 0.44929628293
0.938253012048 0.449657163479
0.938299473288 0.450018044027
0.938345864662 0.450378924576
0.938392186326 0.450739805125
0.938438438438 0.451100685673
0.938484621155 0.451461566222
0.938530734633 0.45182244677
0.938576779026 0.452183327319
0.938622754491 0.452544207867
0.938668661182 0.452905088416
0.938714499253 0.453265968964
0.938760268857 0.453626849513
0.938805970149 0.453987730061
0.938851603281 0.45434861061
0.938897168405 0.454709491158
0.938942665674 0.455070371707
0.938988095238 0.455431252256
0.939033457249 0.455792132804
0.939078751857 0.456153013353
0.938381588716 0.456153013353
0.938427299703 0.456513893901
0.938472942921 0.45687477445
0.938518518519 0.457235654998
0.938564026647 0.457596535547
0.938609467456 0.457957416095
0.938654841094 0.458318296644
0.93870014771 0.458679177192
0.938745387454 0.459040057741
0.938790560472 0.459400938289
0.938835666912 0.459761818838
0.938880706922 0.460122699387
0.938925680648 0.460483579935
0.938970588235 0.460844460484
0.939015429831 0.461205341032
0.93906020558 0.461566221581
0.939104915627 0.461927102129
0.938416422287 0.461927102129
0.938461538462 0.462287982678
0.93850658858 0.462648863226
0.938551572787 0.463009743775
0.938596491228 0.463370624323
0.938641344047 0.463731504872
0.938686131387 0.46409238542
0.938730853392 0.464453265969
0.938775510204 0.464814146518
0.938820101966 0.465175027066
0.938864628821 0.465535907615
0.938909090909 0.465896788163
0.938953488372 0.466257668712
0.938997821351 0.46661854926
0.939042089985 0.466979429809
0.939086294416 0.467340310357
0.939130434783 0.467701190906
0.939174511224 0.468062071454
0.939218523878 0.468422952003
0.939262472885 0.468783832551
0.939306358382 0.4691447131
0.939350180505 0.469505593649
0.939393939394 0.469866474197
0.939437635184 0.470227354746
0.939481268012 0.470588235294
0.939524838013 0.470949115843
0.939568345324 0.471309996391
0.939611790079 0.47167087694
0.939655172414 0.472031757488
0.939698492462 0.472392638037
0.939741750359 0.472753518585
0.939784946237 0.473114399134
0.939828080229 0.473475279682
0.93987115247 0.473836160231
0.93991416309 0.47419704078
0.939957112223 0.474557921328
0.94 0.474918801877
0.940042826552 0.475279682425
0.940085592011 0.475640562974
0.940128296507 0.476001443522
0.940170940171 0.476362324071
0.940213523132 0.476723204619
0.940256045519 0.477084085168
0.940298507463 0.477444965716
0.940340909091 0.477805846265
0.940383250532 0.478166726813
0.940425531915 0.478527607362
0.940467753366 0.478888487911
0.940509915014 0.479249368459
0.940552016985 0.479610249008
0.939886845827 0.479610249008
0.939929328622 0.479971129556
0.939971751412 0.480332010105
0.940014114326 0.480692890653
0.940056417489 0.481053771202
0.940098661029 0.48141465175
0.94014084507 0.481775532299
0.94018296974 0.482136412847
0.940225035162 0.482497293396
0.939564300773 0.482497293396
0.938904494382 0.482497293396
0.938947368421 0.482858173944
0.938990182328 0.483219054493
0.93903293623 0.483579935042
0.939075630252 0.48394081559
0.939118264521 0.484301696139
0.939160839161 0.484662576687
0.939203354298 0.485023457236
0.938547486034 0.485023457236
0.938590369853 0.485384337784
0.938633193863 0.485745218333
0.938675958188 0.486106098881
0.938718662953 0.48646697943
0.938761308281 0.486827859978
0.938803894298 0.487188740527
0.938846421126 0.487549621075
0.938888888889 0.487910501624
0.93893129771 0.488271382173
0.938973647712 0.488632262721
0.939015939016 0.48899314327
0.939058171745 0.489354023818
0.939100346021 0.489714904367
0.939142461964 0.490075784915
0.939184519696 0.490436665464
0.939226519337 0.490797546012
0.939268461008 0.491158426561
0.939310344828 0.491519307109
0.939352170917 0.491880187658
0.939393939394 0.492241068206
0.939435650379 0.492601948755
0.939477303989 0.492962829304
0.939518900344 0.493323709852
0.93956043956 0.493684590401
0.939601921757 0.494045470949
0.939643347051 0.494406351498
0.939684715559 0.494767232046
0.939726027397 0.495128112595
0.939767282683 0.495488993143
0.939808481532 0.495849873692
0.93984962406 0.49621075424
0.939890710383 0.496571634789
0.939931740614 0.496932515337
0.93997271487 0.497293395886
0.940013633265 0.497654276435
0.940054495913 0.498015156983
0.939414567733 0.498015156983
0.939455782313 0.498376037532
0.939496940857 0.49873691808
0.939538043478 0.499097798629
0.939579090292 0.499458679177
0.939620081411 0.499819559726
0.939661016949 0.500180440274
0.939701897019 0.500541320823
0.939742721733 0.500902201371
0.939783491204 0.50126308192
0.939824205544 0.501623962468
0.939864864865 0.501984843017
0.939905469278 0.502345723565
0.939946018893 0.502706604114
0.939986513823 0.503067484663
0.940026954178 0.503428365211
0.939393939394 0.503428365211
0.939434724092 0.50378924576
0.939475453934 0.504150126308
0.939516129032 0.504511006857
0.939556749496 0.504871887405
0.939597315436 0.505232767954
0.939637826962 0.505593648502
0.939008042895 0.505593648502
0.939048894843 0.505954529051
0.939089692102 0.506315409599
0.939130434783 0.506676290148
0.939171122995 0.507037170696
0.939211756847 0.507398051245
0.939252336449 0.507758931794
0.9386257505 0.507758931794
0.938666666667 0.508119812342
0.938707528314 0.508480692891
0.938748335553 0.508841573439
0.93878908849 0.509202453988
0.938829787234 0.509563334536
0.938870431894 0.509924215085
0.938247011952 0.509924215085
0.938287989383 0.510285095633
0.938328912467 0.510645976182
0.938369781312 0.51100685673
0.938410596026 0.511367737279
0.938451356717 0.511728617827
0.938492063492 0.512089498376
0.938532716457 0.512450378925
0.93857331572 0.512811259473
0.938613861386 0.513172140022
0.938654353562 0.51353302057
0.938694792353 0.513893901119
0.938735177866 0.514254781667
0.938775510204 0.514615662216
0.938815789474 0.514976542764
0.938856015779 0.515337423313
0.938896189225 0.515698303861
0.938936309915 0.51605918441
0.938976377953 0.516420064958
0.939016393443 0.516780945507
0.939056356488 0.517141826056
0.939096267191 0.517502706604
0.939136125654 0.517863587153
0.938521909745 0.517863587153
0.938562091503 0.518224467701
0.938602220771 0.51858534825
0.93864229765 0.518946228798
0.938682322244 0.519307109347
0.938722294654 0.519667989895
0.938762214984 0.520028870444
0.938151041667 0.520028870444
0.938191281718 0.520389750992
0.938231469441 0.520750631541
0.938271604938 0.521111512089
0.938311688312 0.521472392638
0.938351719663 0.521833273187
0.938391699092 0.522194153735
0.938431626701 0.522555034284
0.937823834197 0.522555034284
0.93786407767 0.522915914832
0.937904269082 0.523276795381
0.937944408533 0.523637675929
0.937984496124 0.523998556478
0.938024531956 0.524359437026
0.938064516129 0.524720317575
0.938104448743 0.525081198123
0.9375 0.525081198123
0.937540244688 0.525442078672
0.93758043758 0.52580295922
0.937620578778 0.526163839769
0.93766066838 0.526524720318
0.937700706487 0.526885600866
0.937740693196 0.527246481415
0.937780628608 0.527607361963
0.937820512821 0.527968242512
0.937860345932 0.52832912306
0.937900128041 0.528690003609
0.937939859245 0.529050884157
0.937979539642 0.529411764706
0.938019169329 0.529772645254
0.938058748404 0.530133525803
0.938098276962 0.530494406351
0.9375 0.530494406351
0.937539834289 0.5308552869
0.937579617834 0.531216167449
0.937619350732 0.531577047997
0.937659033079 0.531937928546
0.937698664971 0.532298809094
0.937738246506 0.532659689643
0.937777777778 0.533020570191
0.937817258883 0.53338145074
0.937856689918 0.533742331288
0.937896070976 0.534103211837
0.937935402153 0.534464092385
0.937974683544 0.534824972934
0.938013915244 0.535185853482
0.938053097345 0.535546734031
0.938092229943 0.53590761458
0.938131313131 0.536268495128
0.938170347003 0.536629375677
0.938209331652 0.536990256225
0.937618147448 0.536990256225
0.937027707809 0.536990256225
0.937067337948 0.537351136774
0.937106918239 0.537712017322
0.937146448774 0.538072897871
0.937185929648 0.538433778419
0.937225360954 0.538794658968
0.937264742785 0.539155539516
0.937304075235 0.539516420065
0.937343358396 0.539877300613
0.937382592361 0.540238181162
0.937421777222 0.540599061711
0.937460913071 0.540959942259
0.9375 0.541320822808
0.936914428482 0.541320822808
0.93695380774 0.541681703356
0.936993137867 0.542042583905
0.937032418953 0.542403464453
0.93707165109 0.542764345002
0.937110834371 0.54312522555
0.937149968886 0.543486106099
0.936567164179 0.543486106099
0.936606587943 0.543846986647
0.936645962733 0.544207867196
0.936685288641 0.544568747744
0.936724565757 0.544929628293
0.936763794172 0.545290508842
0.936802973978 0.54565138939
0.936842105263 0.546012269939
0.936881188119 0.546373150487
0.936920222635 0.546734031036
0.9369592089 0.547094911584
0.936998147004 0.547455792133
0.937037037037 0.547816672681
0.937075879087 0.54817755323
0.937114673243 0.548538433778
0.937153419593 0.548899314327
0.937192118227 0.549260194875
0.937230769231 0.549621075424
0.937269372694 0.549981955973
0.937307928703 0.550342836521
0.937346437346 0.55070371707
0.937384898711 0.551064597618
0.937423312883 0.551425478167
0.936848559166 0.551425478167
0.936887254902 0.551786358715
0.936925903246 0.552147239264
0.936964504284 0.552508119812
0.937003058104 0.552869000361
0.937041564792 0.553229880909
0.937080024435 0.553590761458
0.937118437118 0.553951642006
0.937156802929 0.554312522555
0.937195121951 0.554673403104
0.937233394272 0.555034283652
0.937271619976 0.555395164201
0.937309799148 0.555756044749
0.937347931873 0.556116925298
0.937386018237 0.556477805846
0.936816524909 0.556477805846
0.936854887675 0.556838686395
0.936893203883 0.557199566943
0.93693147362 0.557560447492
0.93696969697 0.55792132804
0.937007874016 0.558282208589
0.937046004843 0.558643089137
0.937084089534 0.559003969686
0.937122128174 0.559364850235
0.937160120846 0.559725730783
0.937198067633 0.560086611332
0.937235968618 0.56044749188
0.937273823884 0.560808372429
0.937311633514 0.561169252977
0.93734939759 0.561530133526
0.937387116195 0.561891014074
0.93742478941 0.562251894623
0.937462417318 0.562612775171
0.9375 0.56297365572
0.937537537538 0.563334536268
0.937575030012 0.563695416817
0.937612477504 0.564056297366
0.937649880096 0.564417177914
0.937687237867 0.564778058463
0.937724550898 0.565138939011
0.93776181927 0.56549981956
0.937799043062 0.565860700108
0.937836222355 0.566221580657
0.937873357228 0.566582461205
0.937910447761 0.566943341754
0.937947494033 0.567304222302
0.937984496124 0.567665102851
0.938021454112 0.568025983399
0.938058368076 0.568386863948
0.9375 0.568386863948
0.93753718025 0.568747744497
0.93757431629 0.569108625045
0.937017231135 0.569108625045
0.937054631829 0.569469505594
0.937091988131 0.569830386142
0.937129300119 0.570191266691
0.937166567872 0.570552147239
0.937203791469 0.570913027788
0.937240970989 0.571273908336
0.937278106509 0.571634788885
0.937315198108 0.571995669433
0.937352245863 0.572356549982
0.937389249852 0.57271743053
0.937426210153 0.573078311079
0.937463126844 0.573439191628
0.9375 0.573800072176
0.937536829699 0.574160952725
0.937573616019 0.574521833273
0.937610359035 0.574882713822
0.937647058824 0.57524359437
0.937683715461 0.575604474919
0.937720329025 0.575965355467
0.937756899589 0.576326236016
0.93779342723 0.576687116564
0.937829912023 0.577047997113
0.937866354045 0.577408877661
0.937902753368 0.57776975821
0.93793911007 0.578130638759
0.937975424225 0.578491519307
0.938011695906 0.578852399856
0.93804792519 0.579213280404
0.93808411215 0.579574160953
0.938120256859 0.579935041501
0.938156359393 0.58029592205
0.938192419825 0.580656802598
0.938228438228 0.581017683147
0.938264414677 0.581378563695
0.938300349243 0.581739444244
0.937754508435 0.581739444244
0.937790697674 0.582100324792
0.937826844858 0.582461205341
0.937862950058 0.58282208589
0.937899013349 0.583182966438
0.937935034803 0.583543846987
0.937971014493 0.583904727535
0.938006952491 0.584265608084
0.938042848871 0.584626488632
0.938078703704 0.584987369181
0.938114517062 0.585348249729
0.938150289017 0.585709130278
0.938186019642 0.586070010826
0.938221709007 0.586430891375
0.938257357184 0.586791771923
0.938292964245 0.587152652472
0.938328530259 0.587513533021
0.9383640553 0.587874413569
0.938399539436 0.588235294118
0.938434982739 0.588596174666
0.938470385279 0.588957055215
0.938505747126 0.589317935763
0.938541068352 0.589678816312
0.938576349024 0.59003969686
0.938611589214 0.590400577409
0.938646788991 0.590761457957
0.938681948424 0.591122338506
0.938717067583 0.591483219054
0.938752146537 0.591844099603
0.938787185355 0.592204980152
0.938822184105 0.5925658607
0.938857142857 0.592926741249
0.938892061679 0.593287621797
0.938356164384 0.593287621797
0.937820878494 0.593287621797
0.937856328392 0.593648502346
0.937891737892 0.594009382894
0.937927107062 0.594370263443
0.93796243597 0.594731143991
0.937997724687 0.59509202454
0.937464468448 0.59509202454
0.9375 0.595452905088
0.937535491198 0.595813785637
0.937570942111 0.596174666185
0.937606352808 0.596535546734
0.937641723356 0.596896427283
0.937677053824 0.597257307831
0.937712344281 0.59761818838
0.937747594793 0.597979068928
0.93778280543 0.598339949477
0.937817976258 0.598700830025
0.937853107345 0.599061710574
0.937888198758 0.599422591122
0.937923250564 0.599783471671
0.937958262831 0.600144352219
0.937429537768 0.600144352219
0.937464788732 0.600505232768
0.9375 0.600866113316
0.937535171638 0.601226993865
0.937570303712 0.601587874414
0.93760539629 0.601948754962
0.937640449438 0.602309635511
0.937675463223 0.602670516059
0.93771043771 0.603031396608
0.937745372967 0.603392277156
0.937780269058 0.603753157705
0.93781512605 0.604114038253
0.937849944009 0.604474918802
0.937884722999 0.60483579935
0.937919463087 0.605196679899
0.937954164338 0.605557560447
0.937988826816 0.605918440996
0.938023450586 0.606279321545
0.938058035714 0.606640202093
0.938092582264 0.607001082642
0.938127090301 0.60736196319
0.938161559889 0.607722843739
0.938195991091 0.608083724287
0.938230383973 0.608444604836
0.938264738598 0.608805485384
0.938299055031 0.609166365933
0.938333333333 0.609527246481
0.93836757357 0.60988812703
0.938401775805 0.610249007578
0.9384359401 0.610609888127
0.938470066519 0.610970768676
0.938504155125 0.611331649224
0.93853820598 0.611692529773
0.938572219148 0.612053410321
0.93860619469 0.61241429087
0.93864013267 0.612775171418
0.938674033149 0.613136051967
0.93870789619 0.613496932515
0.938741721854 0.613857813064
0.938775510204 0.614218693612
0.938809261301 0.614579574161
0.938842975207 0.614940454709
0.938876651982 0.615301335258
0.93891029169 0.615662215807
0.938943894389 0.616023096355
0.938977460143 0.616383976904
0.939010989011 0.616744857452
0.939044481054 0.617105738001
0.939077936334 0.617466618549
0.939111354909 0.617827499098
0.939144736842 0.618188379646
0.939178082192 0.618549260195
0.939211391019 0.618910140743
0.938697318008 0.618910140743
0.938730853392 0.619271021292
0.938764352105 0.61963190184
0.938797814208 0.619992782389
0.938285090115 0.619992782389
0.938318777293 0.620353662938
0.938352427714 0.620714543486
0.937840785169 0.620714543486
0.937874659401 0.621075424035
0.937908496732 0.621436304583
0.937942297224 0.621797185132
0.937976060936 0.62215806568
0.938009787928 0.622518946229
0.938043478261 0.622879826777
0.938077131993 0.623240707326
0.938110749186 0.623601587874
0.938144329897 0.623962468423
0.938177874187 0.624323348971
0.938211382114 0.62468422952
0.938244853738 0.625045110069
0.937736870601 0.625045110069
0.937770562771 0.625405990617
0.937804218496 0.625766871166
0.937837837838 0.626127751714
0.937871420854 0.626488632263
0.937904967603 0.626849512811
0.937938478144 0.62721039336
0.937971952535 0.627571273908
0.938005390836 0.627932154457
0.938038793103 0.628293035005
0.938072159397 0.628653915554
0.938105489774 0.629014796102
0.937600860678 0.629014796102
0.937096774194 0.629014796102
0.93713057496 0.629375676651
0.93716433942 0.6297365572
0.937198067633 0.630097437748
0.937231759657 0.630458318297
0.93726541555 0.630819198845
0.93729903537 0.631180079394
0.937332619175 0.631540959942
0.937366167024 0.631901840491
0.937399678973 0.632262721039
0.93743315508 0.632623601588
0.937466595404 0.632984482136
0.9375 0.633345362685
0.937533368927 0.633706243233
0.937566702241 0.634067123782
0.9376 0.634428004331
0.93763326226 0.634788884879
0.937666489078 0.635149765428
0.937699680511 0.635510645976
0.937732836615 0.635871526525
0.937765957447 0.636232407073
0.937799043062 0.636593287622
0.937832093518 0.63695416817
0.937334041423 0.63695416817
0.937367303609 0.637315048719
0.937400530504 0.637675929267
0.937433722163 0.638036809816
0.937466878643 0.638397690364
0.936970338983 0.638397690364
0.93647432504 0.638397690364
0.936507936508 0.638758570913
0.936541512427 0.639119451462
0.936575052854 0.63948033201
0.936608557845 0.639841212559
0.936114044351 0.639841212559
0.936147757256 0.640202093107
0.936181434599 0.640562973656
0.936215076436 0.640923854204
0.936248682824 0.641284734753
0.936282253818 0.641645615301
0.936315789474 0.64200649585
0.936349289847 0.642367376398
0.936382754995 0.642728256947
0.936416184971 0.643089137495
0.936449579832 0.643450018044
0.936482939633 0.643810898593
0.936516264428 0.644171779141
0.936025170425 0.644171779141
0.93605870021 0.64453265969
0.936092194866 0.644893540238
0.93612565445 0.645254420787
0.936159079016 0.645615301335
0.936192468619 0.645976181884
0.936225823314 0.646337062432
0.936259143156 0.646697942981
0.936292428198 0.647058823529
0.936325678497 0.647419704078
0.936358894105 0.647780584626
0.935870698644 0.647780584626
0.935904116727 0.648141465175
0.9359375 0.648502345724
0.935970848516 0.648863226272
0.936004162331 0.649224106821
0.936037441498 0.649584987369
0.936070686071 0.649945867918
0.936103896104 0.650306748466
0.935617860852 0.650306748466
0.935132330047 0.650306748466
0.935165975104 0.650667629015
0.935199585277 0.651028509563
0.935233160622 0.651389390112
0.935266701191 0.65175027066
0.935300207039 0.652111151209
0.934816347646 0.652111151209
0.934850051706 0.652472031757
0.93488372093 0.652832912306
0.934917355372 0.653193792855
0.934950955085 0.653554673403
0.934984520124 0.653915553952
0.935018050542 0.6542764345
0.935051546392 0.654637315049
0.935085007728 0.654998195597
0.935118434604 0.655359076146
0.935151827072 0.655719956694
0.935185185185 0.656080837243
0.935218508997 0.656441717791
0.935251798561 0.65680259834
0.935285053929 0.657163478888
0.935318275154 0.657524359437
0.935351462288 0.657885239986
0.935384615385 0.658246120534
0.935417734495 0.658607001083
0.935450819672 0.658967881631
0.935483870968 0.65932876218
0.935005117707 0.65932876218
0.935038363171 0.659689642728
0.935071574642 0.660050523277
0.935104752172 0.660411403825
0.935137895812 0.660772284374
0.935171005615 0.661133164922
0.935204081633 0.661494045471
0.935237123916 0.661854926019
0.935270132518 0.662215806568
0.935303107489 0.662576687117
0.93533604888 0.662937567665
0.935368956743 0.663298448214
0.935401831129 0.663659328762
0.935434672089 0.664020209311
0.935467479675 0.664381089859
0.935500253936 0.664741970408
0.935025380711 0.664741970408
0.935058346017 0.665102850956
0.93509127789 0.665463731505
0.935124176381 0.665824612053
0.93515704154 0.666185492602
0.935189873418 0.66654637315
0.935222672065 0.666907253699
0.935255437532 0.667268134248
0.934782608696 0.667268134248
0.934815563416 0.667629014796
0.934848484848 0.667989895345
0.934376577486 0.667989895345
0.934409687185 0.668350775893
0.93444276349 0.668711656442
0.934475806452 0.66907253699
0.934508816121 0.669433417539
0.934541792548 0.669794298087
0.934574735783 0.670155178636
0.934607645875 0.670516059184
0.934640522876 0.670876939733
0.934673366834 0.671237820281
0.9347061778 0.67159870083
0.934738955823 0.671959581379
0.934771700953 0.672320461927
0.934302908726 0.672320461927
0.934335839599 0.672681342476
0.934368737475 0.673042223024
0.933900851277 0.673042223024
0.933933933934 0.673403103573
0.933966983492 0.673763984121
0.934 0.67412486467
0.934032983508 0.674485745218
0.934065934066 0.674846625767
0.934098851722 0.675207506315
0.934131736527 0.675568386864
0.934164588529 0.675929267412
0.934197407777 0.676290147961
0.93423019432 0.67665102851
0.934262948207 0.677011909058
0.934295669487 0.677372789607
0.934328358209 0.677733670155
0.934361014421 0.678094550704
0.934393638171 0.678455431252
0.934426229508 0.678816311801
0.934458788481 0.679177192349
0.934491315136 0.679538072898
0.934523809524 0.679898953446
0.93406048587 0.679898953446
0.934093161546 0.680259833995
0.934125804854 0.680620714543
0.934158415842 0.680981595092
0.934190994557 0.681342475641
0.934223541048 0.681703356189
0.934256055363 0.682064236738
0.934288537549 0.682425117286
0.934320987654 0.682785997835
0.934353405726 0.683146878383
0.934385791811 0.683507758932
0.934418145957 0.68386863948
0.934450468211 0.684229520029
0.934482758621 0.684590400577
0.934515017233 0.684951281126
0.934547244094 0.685312161674
0.934579439252 0.685673042223
0.934611602753 0.686033922772
0.934643734644 0.68639480332
0.934184675835 0.68639480332
0.934216985763 0.686755683869
0.934249263984 0.687116564417
0.934281510544 0.687477444966
0.93431372549 0.687838325514
0.934345908868 0.688199206063
0.934378060725 0.688560086611
0.934410181106 0.68892096716
0.933953033268 0.68892096716
0.933985330073 0.689281847708
0.934017595308 0.689642728257
0.933561309233 0.689642728257
0.93359375 0.690003608805
0.933626159102 0.690364489354
0.933658536585 0.690725369903
0.933690882496 0.691086250451
0.933723196881 0.691447131
0.933755479786 0.691808011548
0.933787731256 0.692168892097
0.933819951338 0.692529772645
0.933852140078 0.692890653194
0.933884297521 0.693251533742
0.933916423712 0.693612414291
0.933948518698 0.693973294839
0.933980582524 0.694334175388
0.934012615235 0.694695055936
0.934044616877 0.695055936485
0.934076587494 0.695416817034
0.934108527132 0.695777697582
0.934140435835 0.696138578131
0.93417231365 0.696499458679
0.934204160619 0.696860339228
0.934235976789 0.697221219776
0.933784436926 0.697221219776
0.933333333333 0.697221219776
0.933365523901 0.697582100325
0.933397683398 0.697942980873
0.933429811867 0.698303861422
0.933461909354 0.69866474197
0.933493975904 0.699025622519
0.933044315992 0.699025622519
0.93307655272 0.699386503067
0.933108758422 0.699747383616
0.933140933141 0.700108264165
0.933173076923 0.700469144713
0.933205189813 0.700830025262
0.933237271854 0.70119090581
0.933269323092 0.701551786359
0.93330134357 0.701912666907
0.933333333333 0.702273547456
0.933365292426 0.702634428004
0.933397220891 0.702995308553
0.933429118774 0.703356189101
0.933460986118 0.70371706965
0.933492822967 0.704077950198
0.933524629364 0.704438830747
0.933556405354 0.704799711296
0.933588150979 0.705160591844
0.933142311366 0.705160591844
0.933174224344 0.705521472393
0.93320610687 0.705882352941
0.933237958989 0.70624323349
0.933269780744 0.706604114038
0.933301572177 0.706964994587
0.933333333333 0.707325875135
0.933365064255 0.707686755684
0.933396764986 0.708047636232
0.933428435568 0.708408516781
0.933460076046 0.708769397329
0.933491686461 0.709130277878
0.933048433048 0.709130277878
0.933080208828 0.709491158427
0.933111954459 0.709852038975
0.933143669986 0.710212919524
0.932701421801 0.710212919524
0.932733301753 0.710573800072
0.932765151515 0.710934680621
0.932796971131 0.711295561169
0.932828760643 0.711656441718
0.932387706856 0.711656441718
0.931947069943 0.711656441718
0.931979215872 0.712017322266
0.932011331445 0.712378202815
0.932043416706 0.712739083363
0.932075471698 0.713099963912
0.932107496464 0.71346084446
0.932139491046 0.713821725009
0.932171455488 0.714182605558
0.931732580038 0.714182605558
0.931294117647 0.714182605558
0.931326434619 0.714543486106
0.931358721204 0.714904366655
0.930921052632 0.714904366655
0.930953499295 0.715265247203
0.930985915493 0.715626127752
0.931018301267 0.7159870083
0.930581613508 0.7159870083
0.930614158462 0.716347888849
0.930646672915 0.716708769397
0.930679156909 0.717069649946
0.930711610487 0.717430530494
0.930744033692 0.717791411043
0.930776426567 0.718152291591
0.930808789154 0.71851317214
0.930841121495 0.718874052689
0.930873423634 0.719234933237
0.930905695612 0.719595813786
0.930937937471 0.719956694334
0.930970149254 0.720317574883
0.931002331002 0.720678455431
0.931034482759 0.72103933598
0.930600838379 0.72103933598
0.930633147114 0.721400216528
0.930665425779 0.721761097077
0.930697674419 0.722121977625
0.930729893073 0.722482858174
0.930762081784 0.722843738722
0.930329772411 0.722843738722
0.929897864438 0.722843738722
0.929930394432 0.723204619271
0.929962894249 0.72356549982
0.92953175707 0.72356549982
0.929101019462 0.72356549982
0.929133858268 0.723926380368
0.929166666667 0.724287260917
0.928736695974 0.724287260917
0.928769657724 0.724648141465
0.928802588997 0.725009022014
0.928835489834 0.725369902562
0.928868360277 0.725730783111
0.928901200369 0.726091663659
0.928934010152 0.726452544208
0.928966789668 0.726813424756
0.928999538958 0.727174305305
0.928571428571 0.727174305305
0.928604329802 0.727535185853
0.928637200737 0.727896066402
0.928670041417 0.728256946951
0.928702851886 0.728617827499
0.928735632184 0.728978708048
0.928768382353 0.729339588596
0.928801102435 0.729700469145
0.92883379247 0.730061349693
0.928866452501 0.730422230242
0.928440366972 0.730422230242
0.928014672169 0.730422230242
0.928047662695 0.73078311079
0.928080622996 0.731143991339
0.928113553114 0.731504871887
0.928146453089 0.731865752436
0.928179322964 0.732226632984
0.92821216278 0.732587513533
0.928244972578 0.732948394082
0.928277752398 0.73330927463
0.928310502283 0.733670155179
0.928343222273 0.734031035727
0.928375912409 0.734391916276
0.928408572731 0.734752796824
0.928441203282 0.735113677373
0.9284738041 0.735474557921
0.928051001821 0.735474557921
0.927628584433 0.735474557921
0.92720655141 0.735474557921
0.926784902228 0.735474557921
0.926818181818 0.73583543847
0.926851431168 0.736196319018
0.926430517711 0.736196319018
0.926463912846 0.736557199567
0.926497277677 0.736918080115
0.926530612245 0.737278960664
0.926563916591 0.737639841213
0.926597190757 0.738000721761
0.926630434783 0.73836160231
0.92666364871 0.738722482858
0.926244343891 0.738722482858
0.925825418363 0.738722482858
0.925858951175 0.739083363407
0.925892453683 0.739444243955
0.925925925926 0.739805124504
0.925959367946 0.740166005052
0.925992779783 0.740526885601
0.926026161479 0.740887766149
0.926059513075 0.741248646698
0.92609283461 0.741609527246
0.926126126126 0.741970407795
0.926159387663 0.742331288344
0.926192619262 0.742692168892
0.926225820963 0.743053049441
0.926258992806 0.743413929989
0.926292134831 0.743774810538
0.92632524708 0.744135691086
0.926358329591 0.744496571635
0.926391382406 0.744857452183
0.926424405563 0.745218332732
0.926457399103 0.74557921328
0.926490363066 0.745940093829
0.926523297491 0.746300974377
0.926556202418 0.746661854926
0.926589077887 0.747022735475
0.926621923937 0.747383616023
0.926654740608 0.747744496572
0.926687527939 0.74810537712
0.926273458445 0.74810537712
0.925859758821 0.74810537712
0.925892857143 0.748466257669
0.925925925926 0.748827138217
0.92551293488 0.748827138217
0.925546143558 0.749188018766
0.925579322638 0.749548899314
0.92561247216 0.749909779863
0.925645592164 0.750270660411
0.925678682688 0.75063154096
0.925711743772 0.750992421508
0.925744775456 0.751353302057
0.925777777778 0.751714182606
0.925810750777 0.752075063154
0.92539964476 0.752075063154
0.925432756325 0.752435943703
0.925465838509 0.752796824251
0.925498891353 0.7531577048
0.925531914894 0.753518585348
0.925564909171 0.753879465897
0.925597874225 0.754240346445
0.925630810093 0.754601226994
0.925663716814 0.754962107542
0.925254312251 0.754962107542
0.925287356322 0.755322988091
0.925320371189 0.755683868639
0.92535335689 0.756044749188
0.924944812362 0.756044749188
0.92453662842 0.756044749188
0.924128804588 0.756044749188
0.923721340388 0.756044749188
0.923754958131 0.756405629737
0.923348017621 0.756405629737
0.923381770145 0.756766510285
0.923415492958 0.757127390834
0.923009238891 0.757127390834
0.923043095866 0.757488271382
0.923076923077 0.757849151931
0.923110720562 0.758210032479
0.92270531401 0.758210032479
0.922739244952 0.758570913028
0.922773146117 0.758931793576
0.922807017544 0.759292674125
0.922840859272 0.759653554673
0.922874671341 0.760014435222
0.922908453789 0.76037531577
0.922942206655 0.760736196319
0.922975929978 0.761097076868
0.922572178478 0.761097076868
0.922606034106 0.761457957416
0.922202797203 0.761457957416
0.921799912626 0.761457957416
0.921397379913 0.761457957416
0.921431689219 0.761818837965
0.921029668412 0.761818837965
0.921064108155 0.762179718513
0.921098517873 0.762540599062
0.921132897603 0.76290147961
0.921167247387 0.763262360159
0.921201567262 0.763623240707
0.921235857267 0.763984121256
0.920835145716 0.763984121256
0.920434782609 0.763984121256
0.920469361147 0.764345001804
0.920503909644 0.764705882353
0.920538428137 0.765066762901
0.920572916667 0.76542764345
0.920607375271 0.765788523999
0.920208152645 0.765788523999
0.920242739489 0.766149404547
0.92027729636 0.766510285096
0.919878735383 0.766510285096
0.919913419913 0.766871165644
0.919948074427 0.767232046193
0.919982698962 0.767592926741
0.920017293558 0.76795380729
0.919619706137 0.76795380729
0.919654427646 0.768314687838
0.919257340242 0.768314687838
0.919292188174 0.768675568387
0.91932700604 0.769036448935
0.919361793877 0.769397329484
0.919396551724 0.769758210032
0.919000430849 0.769758210032
0.919035314384 0.770119090581
0.919070167886 0.77047997113
0.919104991394 0.770840851678
0.919139784946 0.771201732227
0.918744625967 0.771201732227
0.918779544478 0.771562612775
0.918384879725 0.771562612775
0.917990553886 0.771562612775
0.918025751073 0.771923493324
0.918060918061 0.772284373872
0.917667238422 0.772284373872
0.917702528933 0.772645254421
0.917737789203 0.773006134969
0.917344753747 0.773006134969
0.916952054795 0.773006134969
0.916987590929 0.773367015518
0.917023096664 0.773727896066
0.916631038906 0.773727896066
0.916666666667 0.774088776615
0.916275096113 0.774088776615
0.915883859949 0.774088776615
0.915492957746 0.774088776615
0.915102389078 0.774088776615
0.915138592751 0.774449657163
0.915174765558 0.774810537712
0.915210907542 0.775171418261
0.914821124361 0.775171418261
0.914431673052 0.775171418261
0.914468085106 0.775532298809
0.914504466185 0.775893179358
0.914115646259 0.775893179358
0.913727156821 0.775893179358
0.913338997451 0.775893179358
0.912951167728 0.775893179358
0.91298811545 0.776254059906
0.912600763683 0.776254059906
0.912213740458 0.776254059906
0.911827045358 0.776254059906
0.911440677966 0.776254059906
0.911478187209 0.776614940455
0.911092294666 0.776614940455
0.910706728735 0.776614940455
0.910744500846 0.776975821003
0.910782241015 0.777336701552
0.910397295013 0.777336701552
0.910012674271 0.777336701552
0.910050675676 0.7776975821
0.910088644998 0.778058462649
0.910126582278 0.778419343197
0.909742724589 0.778419343197
0.909359190556 0.778419343197
0.908975979772 0.778419343197
0.90901432182 0.778780223746
0.909052631579 0.779141104294
0.909090909091 0.779501984843
0.908708456037 0.779501984843
0.908326324643 0.779501984843
0.907944514502 0.779501984843
0.907983193277 0.779862865392
0.907601847963 0.779862865392
0.907640638119 0.78022374594
0.907259756609 0.78022374594
0.907298657718 0.780584626489
0.906918238994 0.780584626489
0.906957250629 0.780945507037
0.906577293674 0.780945507037
0.90661641541 0.781306387586
0.906236919213 0.781306387586
0.905857740586 0.781306387586
0.905897114178 0.781667268134
0.905518394649 0.781667268134
0.905139991642 0.781667268134
0.904761904762 0.781667268134
0.904384133612 0.781667268134
0.904006677796 0.781667268134
0.903629536921 0.781667268134
0.903252710592 0.781667268134
0.902876198416 0.781667268134
0.9025 0.781667268134
0.902124114952 0.781667268134
0.901748542881 0.781667268134
0.901373283396 0.781667268134
0.900998336106 0.781667268134
0.900623700624 0.781667268134
0.900249376559 0.781667268134
