1.0 0.000360880548538
1.0 0.000721761097077
0.666666666667 0.000721761097077
0.75 0.00108264164562
0.8 0.00144352219415
0.833333333333 0.00180440274269
0.857142857143 0.00216528329123
0.875 0.00252616383977
0.888888888889 0.00288704438831
0.9 0.00324792493685
0.909090909091 0.00360880548538
0.916666666667 0.00396968603392
0.923076923077 0.00433056658246
0.928571428571 0.004691447131
0.933333333333 0.00505232767954
0.9375 0.00541320822808
0.941176470588 0.00577408877661
0.944444444444 0.00613496932515
0.947368421053 0.00649584987369
0.95 0.00685673042223
0.952380952381 0.00721761097077
0.954545454545 0.00757849151931
0.95652173913 0.00793937206785
0.958333333333 0.00830025261638
0.96 0.00866113316492
0.961538461538 0.00902201371346
0.962962962963 0.009382894262
0.964285714286 0.00974377481054
0.965517241379 0.0101046553591
0.966666666667 0.0104655359076
0.967741935484 0.0108264164562
0.96875 0.0111872970047
0.969696969697 0.0115481775532
0.970588235294 0.0119090581018
0.971428571429 0.0122699386503
0.972222222222 0.0126308191988
0.972972972973 0.0129916997474
0.973684210526 0.0133525802959
0.974358974359 0.0137134608445
0.95 0.0137134608445
0.951219512195 0.014074341393
0.952380952381 0.0144352219415
0.953488372093 0.0147961024901
0.954545454545 0.0151569830386
0.955555555556 0.0155178635872
0.95652173913 0.0158787441357
0.936170212766 0.0158787441357
0.9375 0.0162396246842
0.938775510204 0.0166005052328
0.94 0.0169613857813
0.941176470588 0.0173222663298
0.942307692308 0.0176831468784
0.943396226415 0.0180440274269
0.944444444444 0.0184049079755
0.945454545455 0.018765788524
0.946428571429 0.0191266690725
0.947368421053 0.0194875496211
0.948275862069 0.0198484301696
0.949152542373 0.0202093107182
0.95 0.0205701912667
0.950819672131 0.0209310718152
0.951612903226 0.0212919523638
0.952380952381 0.0216528329123
0.953125 0.0220137134608
0.953846153846 0.0223745940094
0.954545454545 0.0227354745579
0.955223880597 0.0230963551065
0.955882352941 0.023457235655
0.95652173913 0.0238181162035
0.957142857143 0.0241789967521
0.957746478873 0.0245398773006
0.958333333333 0.0249007578492
0.958904109589 0.0252616383977
0.959459459459 0.0256225189462
0.96 0.0259833994948
0.960526315789 0.0263442800433
0.961038961039 0.0267051605918
0.961538461538 0.0270660411404
0.962025316456 0.0274269216889
0.9625 0.0277878022375
0.962962962963 0.028148682786
0.963414634146 0.0285095633345
0.963855421687 0.0288704438831
0.964285714286 0.0292313244316
0.964705882353 0.0295922049802
0.96511627907 0.0299530855287
0.965517241379 0.0303139660772
0.954545454545 0.0303139660772
0.955056179775 0.0306748466258
0.955555555556 0.0310357271743
0.956043956044 0.0313966077228
0.945652173913 0.0313966077228
0.94623655914 0.0317574882714
0.946808510638 0.0321183688199
0.947368421053 0.0324792493685
0.947916666667 0.032840129917
0.948453608247 0.0332010104655
0.948979591837 0.0335618910141
0.949494949495 0.0339227715626
0.95 0.0342836521112
0.950495049505 0.0346445326597
0.950980392157 0.0350054132082
0.95145631068 0.0353662937568
0.951923076923 0.0357271743053
0.952380952381 0.0360880548538
0.952830188679 0.0364489354024
0.953271028037 0.0368098159509
0.953703703704 0.0371706964995
0.954128440367 0.037531577048
0.954545454545 0.0378924575965
0.954954954955 0.0382533381451
0.955357142857 0.0386142186936
0.955752212389 0.0389750992422
0.956140350877 0.0393359797907
0.95652173913 0.0396968603392
0.956896551724 0.0400577408878
0.957264957265 0.0404186214363
0.957627118644 0.0407795019848
0.957983193277 0.0411403825334
0.958333333333 0.0415012630819
0.95867768595 0.0418621436305
0.959016393443 0.042223024179
0.959349593496 0.0425839047275
0.959677419355 0.0429447852761
0.96 0.0433056658246
0.960317460317 0.0436665463732
0.96062992126 0.0440274269217
0.9609375 0.0443883074702
0.961240310078 0.0447491880188
0.961538461538 0.0451100685673
0.961832061069 0.0454709491158
0.962121212121 0.0458318296644
0.962406015038 0.0461927102129
0.962686567164 0.0465535907615
0.962962962963 0.04691447131
0.963235294118 0.0472753518585
0.963503649635 0.0476362324071
0.963768115942 0.0479971129556
0.964028776978 0.0483579935042
0.964285714286 0.0487188740527
0.964539007092 0.0490797546012
0.964788732394 0.0494406351498
0.965034965035 0.0498015156983
0.965277777778 0.0501623962468
0.965517241379 0.0505232767954
0.965753424658 0.0508841573439
0.965986394558 0.0512450378925
0.966216216216 0.051605918441
0.96644295302 0.0519667989895
0.966666666667 0.0523276795381
0.966887417219 0.0526885600866
0.967105263158 0.0530494406351
0.967320261438 0.0534103211837
0.967532467532 0.0537712017322
0.967741935484 0.0541320822808
0.967948717949 0.0544929628293
0.968152866242 0.0548538433778
0.96835443038 0.0552147239264
0.968553459119 0.0555756044749
0.96875 0.0559364850235
0.968944099379 0.056297365572
0.969135802469 0.0566582461205
0.969325153374 0.0570191266691
0.969512195122 0.0573800072176
0.969696969697 0.0577408877661
0.969879518072 0.0581017683147
0.97005988024 0.0584626488632
0.970238095238 0.0588235294118
0.970414201183 0.0591844099603
0.970588235294 0.0595452905088
0.970760233918 0.0599061710574
0.970930232558 0.0602670516059
0.971098265896 0.0606279321545
0.971264367816 0.060988812703
0.971428571429 0.0613496932515
0.971590909091 0.0617105738001
0.971751412429 0.0620714543486
0.97191011236 0.0624323348971
0.972067039106 0.0627932154457
0.972222222222 0.0631540959942
0.966850828729 0.0631540959942
0.967032967033 0.0635149765428
0.967213114754 0.0638758570913
0.967391304348 0.0642367376398
0.967567567568 0.0645976181884
0.967741935484 0.0649584987369
0.967914438503 0.0653193792855
0.968085106383 0.065680259834
0.968253968254 0.0660411403825
0.968421052632 0.0664020209311
0.968586387435 0.0667629014796
0.96875 0.0671237820281
0.968911917098 0.0674846625767
0.969072164948 0.0678455431252
0.969230769231 0.0682064236738
0.969387755102 0.0685673042223
0.969543147208 0.0689281847708
0.969696969697 0.0692890653194
0.969849246231 0.0696499458679
0.97 0.0700108264165
0.970149253731 0.070371706965
0.970297029703 0.0707325875135
0.970443349754 0.0710934680621
0.970588235294 0.0714543486106
0.970731707317 0.0718152291591
0.970873786408 0.0721761097077
0.971014492754 0.0725369902562
0.971153846154 0.0728978708048
0.971291866029 0.0732587513533
0.971428571429 0.0736196319018
0.971563981043 0.0739805124504
0.971698113208 0.0743413929989
0.971830985915 0.0747022735475
0.971962616822 0.075063154096
0.972093023256 0.0754240346445
0.972222222222 0.0757849151931
0.972350230415 0.0761457957416
0.97247706422 0.0765066762901
0.972602739726 0.0768675568387
0.972727272727 0.0772284373872
0.972850678733 0.0775893179358
0.972972972973 0.0779501984843
0.973094170404 0.0783110790328
0.973214285714 0.0786719595814
0.973333333333 0.0790328401299
0.973451327434 0.0793937206785
0.969162995595 0.0793937206785
0.969298245614 0.079754601227
0.96943231441 0.0801154817755
0.969565217391 0.0804763623241
0.969696969697 0.0808372428726
0.969827586207 0.0811981234211
0.969957081545 0.0815590039697
0.970085470085 0.0819198845182
0.970212765957 0.0822807650668
0.966101694915 0.0822807650668
0.966244725738 0.0826416456153
0.966386554622 0.0830025261638
0.966527196653 0.0833634067124
0.966666666667 0.0837242872609
0.966804979253 0.0840851678095
0.96694214876 0.084446048358
0.9670781893 0.0848069289065
0.963114754098 0.0848069289065
0.963265306122 0.0851678094551
0.963414634146 0.0855286900036
0.963562753036 0.0858895705521
0.963709677419 0.0862504511007
0.963855421687 0.0866113316492
0.964 0.0869722121978
0.964143426295 0.0873330927463
0.964285714286 0.0876939732948
0.96442687747 0.0880548538434
0.964566929134 0.0884157343919
0.964705882353 0.0887766149405
0.96484375 0.089137495489
0.964980544747 0.0894983760375
0.961240310078 0.0894983760375
0.96138996139 0.0898592565861
0.961538461538 0.0902201371346
0.961685823755 0.0905810176831
0.961832061069 0.0909418982317
0.961977186312 0.0913027787802
0.962121212121 0.0916636593288
0.962264150943 0.0920245398773
0.962406015038 0.0923854204258
0.962546816479 0.0927463009744
0.962686567164 0.0931071815229
0.96282527881 0.0934680620715
0.962962962963 0.09382894262
0.963099630996 0.0941898231685
0.963235294118 0.0945507037171
0.96336996337 0.0949115842656
0.963503649635 0.0952724648141
0.963636363636 0.0956333453627
0.963768115942 0.0959942259112
0.963898916968 0.0963551064598
0.964028776978 0.0967159870083
0.964157706093 0.0970768675568
0.964285714286 0.0974377481054
0.964412811388 0.0977986286539
0.964539007092 0.0981595092025
0.964664310954 0.098520389751
0.964788732394 0.0988812702995
0.964912280702 0.0992421508481
0.965034965035 0.0996030313966
0.965156794425 0.0999639119451
0.965277777778 0.100324792494
0.965397923875 0.100685673042
0.965517241379 0.101046553591
0.965635738832 0.101407434139
0.965753424658 0.101768314688
0.965870307167 0.102129195236
0.965986394558 0.102490075785
0.966101694915 0.102850956333
0.966216216216 0.103211836882
0.96632996633 0.103572717431
0.96644295302 0.103933597979
0.966555183946 0.104294478528
0.966666666667 0.104655359076
0.966777408638 0.105016239625
0.966887417219 0.105377120173
0.96699669967 0.105738000722
0.967105263158 0.10609888127
0.967213114754 0.106459761819
0.967320261438 0.106820642367
0.967426710098 0.107181522916
0.967532467532 0.107542403464
0.967637540453 0.107903284013
0.967741935484 0.108264164562
0.967845659164 0.10862504511
0.964743589744 0.10862504511
0.964856230032 0.108985925659
0.964968152866 0.109346806207
0.965079365079 0.109707686756
0.965189873418 0.110068567304
0.965299684543 0.110429447853
0.965408805031 0.110790328401
0.965517241379 0.11115120895
0.965625 0.111512089498
0.965732087227 0.111872970047
0.965838509317 0.112233850595
0.965944272446 0.112594731144
0.966049382716 0.112955611693
0.966153846154 0.113316492241
0.966257668712 0.11367737279
0.966360856269 0.114038253338
0.966463414634 0.114399133887
0.966565349544 0.114760014435
0.966666666667 0.115120894984
0.966767371601 0.115481775532
0.96686746988 0.115842656081
0.966966966967 0.116203536629
0.967065868263 0.116564417178
0.967164179104 0.116925297726
0.967261904762 0.117286178275
0.967359050445 0.117647058824
0.967455621302 0.118007939372
0.967551622419 0.118368819921
0.967647058824 0.118729700469
0.964809384164 0.118729700469
0.961988304094 0.118729700469
0.962099125364 0.119090581018
0.962209302326 0.119451461566
0.96231884058 0.119812342115
0.962427745665 0.120173222663
0.962536023055 0.120534103212
0.962643678161 0.12089498376
0.962750716332 0.121255864309
0.962857142857 0.121616744857
0.962962962963 0.121977625406
0.963068181818 0.122338505955
0.963172804533 0.122699386503
0.963276836158 0.123060267052
0.96338028169 0.1234211476
0.963483146067 0.123782028149
0.963585434174 0.124142908697
0.963687150838 0.124503789246
0.963788300836 0.124864669794
0.963888888889 0.125225550343
0.963988919668 0.125586430891
0.96408839779 0.12594731144
0.964187327824 0.126308191988
0.964285714286 0.126669072537
0.964383561644 0.127029953086
0.964480874317 0.127390833634
0.964577656676 0.127751714183
0.964673913043 0.128112594731
0.964769647696 0.12847347528
0.964864864865 0.128834355828
0.964959568733 0.129195236377
0.965053763441 0.129556116925
0.965147453083 0.129916997474
0.965240641711 0.130277878022
0.965333333333 0.130638758571
0.965425531915 0.130999639119
0.965517241379 0.131360519668
0.965608465608 0.131721400217
0.965699208443 0.132082280765
0.965789473684 0.132443161314
0.965879265092 0.132804041862
0.965968586387 0.133164922411
0.966057441253 0.133525802959
0.966145833333 0.133886683508
0.966233766234 0.134247564056
0.966321243523 0.134608444605
0.966408268734 0.134969325153
0.966494845361 0.135330205702
0.964010282776 0.135330205702
0.964102564103 0.13569108625
0.964194373402 0.136051966799
0.964285714286 0.136412847348
0.964376590331 0.136773727896
0.96192893401 0.136773727896
0.962025316456 0.137134608445
0.962121212121 0.137495488993
0.962216624685 0.137856369542
0.962311557789 0.13821725009
0.962406015038 0.138578130639
0.9625 0.138939011187
0.962593516209 0.139299891736
0.962686567164 0.139660772284
0.962779156328 0.140021652833
0.962871287129 0.140382533381
0.962962962963 0.14074341393
0.963054187192 0.141104294479
0.963144963145 0.141465175027
0.963235294118 0.141826055576
0.963325183374 0.142186936124
0.963414634146 0.142547816673
0.963503649635 0.142908697221
0.96359223301 0.14326957777
0.963680387409 0.143630458318
0.963768115942 0.143991338867
0.963855421687 0.144352219415
0.963942307692 0.144713099964
0.964028776978 0.145073980512
0.964114832536 0.145434861061
0.964200477327 0.14579574161
0.964285714286 0.146156622158
0.964370546318 0.146517502707
0.964454976303 0.146878383255
0.964539007092 0.147239263804
0.964622641509 0.147600144352
0.964705882353 0.147961024901
0.964788732394 0.148321905449
0.964871194379 0.148682785998
0.964953271028 0.149043666546
0.965034965035 0.149404547095
0.96511627907 0.149765427643
0.965197215777 0.150126308192
0.965277777778 0.150487188741
0.965357967667 0.150848069289
0.965437788018 0.151208949838
0.965517241379 0.151569830386
0.965596330275 0.151930710935
0.965675057208 0.152291591483
0.965753424658 0.152652472032
0.96583143508 0.15301335258
0.965909090909 0.153374233129
0.965986394558 0.153735113677
0.966063348416 0.154095994226
0.966139954853 0.154456874774
0.966216216216 0.154817755323
0.966292134831 0.155178635872
0.966367713004 0.15553951642
0.96644295302 0.155900396969
0.966517857143 0.156261277517
0.966592427617 0.156622158066
0.966666666667 0.156983038614
0.966740576497 0.157343919163
0.966814159292 0.157704799711
0.966887417219 0.15806568026
0.966960352423 0.158426560808
0.967032967033 0.158787441357
0.967105263158 0.159148321905
0.967177242888 0.159509202454
0.967248908297 0.159870083003
0.967320261438 0.160230963551
0.967391304348 0.1605918441
0.967462039046 0.160952724648
0.967532467532 0.161313605197
0.967602591793 0.161674485745
0.967672413793 0.162035366294
0.967741935484 0.162396246842
0.967811158798 0.162757127391
0.967880085653 0.163118007939
0.967948717949 0.163478888488
0.968017057569 0.163839769036
0.968085106383 0.164200649585
0.968152866242 0.164561530134
0.968220338983 0.164922410682
0.968287526427 0.165283291231
0.96835443038 0.165644171779
0.968421052632 0.166005052328
0.968487394958 0.166365932876
0.968553459119 0.166726813425
0.968619246862 0.167087693973
0.968684759916 0.167448574522
0.96875 0.16780945507
0.968814968815 0.168170335619
0.96887966805 0.168531216167
0.968944099379 0.168892096716
0.969008264463 0.169252977265
0.969072164948 0.169613857813
0.9670781893 0.169613857813
0.967145790554 0.169974738362
0.967213114754 0.17033561891
0.967280163599 0.170696499459
0.967346938776 0.171057380007
0.967413441955 0.171418260556
0.967479674797 0.171779141104
0.967545638945 0.172140021653
0.967611336032 0.172500902201
0.967676767677 0.17286178275
0.967741935484 0.173222663298
0.965794768612 0.173222663298
0.965863453815 0.173583543847
0.965931863727 0.173944424396
0.966 0.174305304944
0.966067864271 0.174666185493
0.966135458167 0.175027066041
0.9662027833 0.17538794659
0.96626984127 0.175748827138
0.966336633663 0.176109707687
0.966403162055 0.176470588235
0.966469428008 0.176831468784
0.966535433071 0.177192349332
0.966601178782 0.177553229881
0.966666666667 0.177914110429
0.966731898239 0.178274990978
0.966796875 0.178635871527
0.966861598441 0.178996752075
0.966926070039 0.179357632624
0.966990291262 0.179718513172
0.967054263566 0.180079393721
0.967117988395 0.180440274269
0.967181467181 0.180801154818
0.967244701349 0.181162035366
0.967307692308 0.181522915915
0.967370441459 0.181883796463
0.967432950192 0.182244677012
0.967495219885 0.18260555756
0.967557251908 0.182966438109
0.967619047619 0.183327318658
0.967680608365 0.183688199206
0.965844402277 0.183688199206
0.965909090909 0.184049079755
0.965973534972 0.184409960303
0.966037735849 0.184770840852
0.966101694915 0.1851317214
0.966165413534 0.185492601949
0.966228893058 0.185853482497
0.966292134831 0.186214363046
0.966355140187 0.186575243594
0.966417910448 0.186936124143
0.966480446927 0.187297004691
0.966542750929 0.18765788524
0.966604823748 0.188018765789
0.966666666667 0.188379646337
0.966728280961 0.188740526886
0.966789667897 0.189101407434
0.965009208103 0.189101407434
0.965073529412 0.189462287983
0.965137614679 0.189823168531
0.965201465201 0.19018404908
0.965265082267 0.190544929628
0.965328467153 0.190905810177
0.965391621129 0.191266690725
0.965454545455 0.191627571274
0.965517241379 0.191988451822
0.965579710145 0.192349332371
0.965641952984 0.19271021292
0.965703971119 0.193071093468
0.965765765766 0.193431974017
0.965827338129 0.193792854565
0.965888689408 0.194153735114
0.965949820789 0.194514615662
0.966010733453 0.194875496211
0.964285714286 0.194875496211
0.964349376114 0.195236376759
0.964412811388 0.195597257308
0.964476021314 0.195958137856
0.964539007092 0.196319018405
0.964601769912 0.196679898953
0.964664310954 0.197040779502
0.964726631393 0.197401660051
0.964788732394 0.197762540599
0.964850615114 0.198123421148
0.964912280702 0.198484301696
0.964973730298 0.198845182245
0.965034965035 0.199206062793
0.965095986038 0.199566943342
0.965156794425 0.19992782389
0.965217391304 0.200288704439
0.965277777778 0.200649584987
0.965337954939 0.201010465536
0.965397923875 0.201371346084
0.965457685665 0.201732226633
0.965517241379 0.202093107182
0.965576592083 0.20245398773
0.965635738832 0.202814868279
0.965694682676 0.203175748827
0.965753424658 0.203536629376
0.965811965812 0.203897509924
0.964163822526 0.203897509924
0.964224872232 0.204258390473
0.964285714286 0.204619271021
0.964346349745 0.20498015157
0.964406779661 0.205341032118
0.964467005076 0.205701912667
0.964527027027 0.206062793215
0.964586846543 0.206423673764
0.962962962963 0.206423673764
0.963025210084 0.206784554313
0.963087248322 0.207145434861
0.963149078727 0.20750631541
0.963210702341 0.207867195958
0.9632721202 0.208228076507
0.961666666667 0.208228076507
0.961730449251 0.208588957055
0.961794019934 0.208949837604
0.961857379768 0.209310718152
0.961920529801 0.209671598701
0.961983471074 0.210032479249
0.96204620462 0.210393359798
0.962108731466 0.210754240346
0.962171052632 0.211115120895
0.96223316913 0.211476001444
0.962295081967 0.211836881992
0.962356792144 0.212197762541
0.962418300654 0.212558643089
0.960848287113 0.212558643089
0.960912052117 0.212919523638
0.960975609756 0.213280404186
0.961038961039 0.213641284735
0.961102106969 0.214002165283
0.961165048544 0.214363045832
0.961227786753 0.21472392638
0.961290322581 0.215084806929
0.961352657005 0.215445687477
0.961414790997 0.215806568026
0.959871589085 0.215806568026
0.959935897436 0.216167448575
0.96 0.216528329123
0.960063897764 0.216889209672
0.960127591707 0.21725009022
0.960191082803 0.217610970769
0.960254372019 0.217971851317
0.960317460317 0.218332731866
0.960380348653 0.218693612414
0.960443037975 0.219054492963
0.960505529226 0.219415373511
0.960567823344 0.21977625406
0.96062992126 0.220137134608
0.960691823899 0.220498015157
0.960753532182 0.220858895706
0.960815047022 0.221219776254
0.960876369327 0.221580656803
0.9609375 0.221941537351
0.960998439938 0.2223024179
0.961059190031 0.222663298448
0.961119751166 0.223024178997
0.961180124224 0.223385059545
0.961240310078 0.223745940094
0.961300309598 0.224106820642
0.961360123648 0.224467701191
0.961419753086 0.224828581739
0.961479198767 0.225189462288
0.961538461538 0.225550342837
0.961597542243 0.225911223385
0.961656441718 0.226272103934
0.961715160796 0.226632984482
0.961773700306 0.226993865031
0.961832061069 0.227354745579
0.961890243902 0.227715626128
0.961948249619 0.228076506676
0.962006079027 0.228437387225
0.962063732929 0.228798267773
0.962121212121 0.229159148322
0.962178517398 0.22952002887
0.962235649547 0.229880909419
0.962292609351 0.230241789968
0.96234939759 0.230602670516
0.962406015038 0.230963551065
0.962462462462 0.231324431613
0.96251874063 0.231685312162
0.962574850299 0.23204619271
0.962630792227 0.232407073259
0.962686567164 0.232767953807
0.962742175857 0.233128834356
0.962797619048 0.233489714904
0.962852897474 0.233850595453
0.962908011869 0.234211476001
0.962962962963 0.23457235655
0.963017751479 0.234933237099
0.963072378139 0.235294117647
0.963126843658 0.235654998196
0.963181148748 0.236015878744
0.963235294118 0.236376759293
0.96328928047 0.236737639841
0.963343108504 0.23709852039
0.963396778917 0.237459400938
0.963450292398 0.237820281487
0.963503649635 0.238181162035
0.963556851312 0.238542042584
0.963609898108 0.238902923132
0.963662790698 0.239263803681
0.963715529753 0.23962468423
0.963768115942 0.239985564778
0.963820549928 0.240346445327
0.96387283237 0.240707325875
0.963924963925 0.241068206424
0.963976945245 0.241429086972
0.964028776978 0.241789967521
0.962643678161 0.241789967521
0.962697274032 0.242150848069
0.962750716332 0.242511728618
0.962804005722 0.242872609166
0.962857142857 0.243233489715
0.962910128388 0.243594370263
0.962962962963 0.243955250812
0.963015647226 0.244316131361
0.963068181818 0.244677011909
0.963120567376 0.245037892458
0.963172804533 0.245398773006
0.963224893918 0.245759653555
0.963276836158 0.246120534103
0.963328631876 0.246481414652
0.96338028169 0.2468422952
0.963431786217 0.247203175749
0.963483146067 0.247564056297
0.963534361851 0.247924936846
0.963585434174 0.248285817394
0.963636363636 0.248646697943
0.963687150838 0.249007578492
0.963737796374 0.24936845904
0.962395543175 0.24936845904
0.962447844228 0.249729339589
0.9625 0.250090220137
0.962552011096 0.250451100686
0.962603878116 0.250811981234
0.96265560166 0.251172861783
0.96270718232 0.251533742331
0.96275862069 0.25189462288
0.962809917355 0.252255503428
0.962861072902 0.252616383977
0.962912087912 0.252977264525
0.962962962963 0.253338145074
0.96301369863 0.253699025623
0.963064295486 0.254059906171
0.96174863388 0.254059906171
0.961800818554 0.25442078672
0.961852861035 0.254781667268
0.961904761905 0.255142547817
0.961956521739 0.255503428365
0.962008141113 0.255864308914
0.962059620596 0.256225189462
0.962110960758 0.256586070011
0.962162162162 0.256946950559
0.962213225371 0.257307831108
0.962264150943 0.257668711656
0.962314939435 0.258029592205
0.962365591398 0.258390472754
0.962416107383 0.258751353302
0.962466487936 0.259112233851
0.962516733601 0.259473114399
0.96256684492 0.259833994948
0.96261682243 0.260194875496
0.962666666667 0.260555756045
0.962716378162 0.260916636593
0.962765957447 0.261277517142
0.962815405046 0.26163839769
0.962864721485 0.261999278239
0.962913907285 0.262360158787
0.962962962963 0.262721039336
0.963011889036 0.263081919885
0.963060686016 0.263442800433
0.961791831357 0.263442800433
0.961842105263 0.263803680982
0.961892247043 0.26416456153
0.961942257218 0.264525442079
0.961992136304 0.264886322627
0.962041884817 0.265247203176
0.962091503268 0.265608083724
0.962140992167 0.265968964273
0.962190352021 0.266329844821
0.962239583333 0.26669072537
0.962288686606 0.267051605918
0.961038961039 0.267051605918
0.961089494163 0.267412486467
0.961139896373 0.267773367016
0.961190168176 0.268134247564
0.961240310078 0.268495128113
0.961290322581 0.268856008661
0.961340206186 0.26921688921
0.96138996139 0.269577769758
0.961439588689 0.269938650307
0.961489088575 0.270299530855
0.961538461538 0.270660411404
0.961587708067 0.271021291952
0.961636828645 0.271382172501
0.961685823755 0.271743053049
0.961734693878 0.272103933598
0.96178343949 0.272464814147
0.961832061069 0.272825694695
0.961880559085 0.273186575244
0.96192893401 0.273547455792
0.961977186312 0.273908336341
0.962025316456 0.274269216889
0.962073324905 0.274630097438
0.962121212121 0.274990977986
0.962168978562 0.275351858535
0.962216624685 0.275712739083
0.962264150943 0.276073619632
0.962311557789 0.27643450018
0.962358845671 0.276795380729
0.962406015038 0.277156261278
0.962453066333 0.277517141826
0.9625 0.277878022375
0.961298377029 0.277878022375
0.961346633416 0.278238902923
0.961394769614 0.278599783472
0.96144278607 0.27896066402
0.96149068323 0.279321544569
0.961538461538 0.279682425117
0.961586121437 0.280043305666
0.961633663366 0.280404186214
0.961681087763 0.280765066763
0.961728395062 0.281125947311
0.961775585697 0.28148682786
0.961822660099 0.281847708409
0.961869618696 0.282208588957
0.961916461916 0.282569469506
0.961963190184 0.282930350054
0.962009803922 0.283291230603
0.96205630355 0.283652111151
0.962102689487 0.2840129917
0.962148962149 0.284373872248
0.962195121951 0.284734752797
0.962241169306 0.285095633345
0.962287104623 0.285456513894
0.962332928311 0.285817394442
0.962378640777 0.286178274991
0.962424242424 0.28653915554
0.962469733656 0.286900036088
0.962515114873 0.287260916637
0.962560386473 0.287621797185
0.962605548854 0.287982677734
0.96265060241 0.288343558282
0.962695547533 0.288704438831
0.962740384615 0.289065319379
0.962785114046 0.289426199928
0.962829736211 0.289787080476
0.961676646707 0.289787080476
0.961722488038 0.290147961025
0.961768219833 0.290508841573
0.961813842482 0.290869722122
0.961859356377 0.291230602671
0.961904761905 0.291591483219
0.961950059453 0.291952363768
0.961995249406 0.292313244316
0.962040332147 0.292674124865
0.962085308057 0.293035005413
0.960946745562 0.293035005413
0.960992907801 0.293395885962
0.961038961039 0.29375676651
0.96108490566 0.294117647059
0.961130742049 0.294478527607
0.961176470588 0.294839408156
0.961222091657 0.295200288704
0.961267605634 0.295561169253
0.961313012896 0.295922049802
0.961358313817 0.29628293035
0.961403508772 0.296643810899
0.961448598131 0.297004691447
0.961493582264 0.297365571996
0.961538461538 0.297726452544
0.961583236321 0.298087333093
0.961627906977 0.298448213641
0.961672473868 0.29880909419
0.961716937355 0.299169974738
0.961761297798 0.299530855287
0.961805555556 0.299891735835
0.961849710983 0.300252616384
0.961893764434 0.300613496933
0.961937716263 0.300974377481
0.96198156682 0.30133525803
0.962025316456 0.301696138578
0.962068965517 0.302057019127
0.962112514351 0.302417899675
0.962155963303 0.302778780224
0.962199312715 0.303139660772
0.962242562929 0.303500541321
0.962285714286 0.303861421869
0.962328767123 0.304222302418
0.961231470924 0.304222302418
0.96013667426 0.304222302418
0.960182025028 0.304583182966
0.960227272727 0.304944063515
0.960272417707 0.305304944064
0.960317460317 0.305665824612
0.960362400906 0.306026705161
0.960407239819 0.306387585709
0.960451977401 0.306748466258
0.959367945824 0.306748466258
0.959413754228 0.307109346806
0.959459459459 0.307470227355
0.959505061867 0.307831107903
0.959550561798 0.308191988452
0.959595959596 0.308552869
0.959641255605 0.308913749549
0.959686450168 0.309274630097
0.959731543624 0.309635510646
0.959776536313 0.309996391195
0.959821428571 0.310357271743
0.958751393534 0.310357271743
0.958797327394 0.310718152292
0.958843159066 0.31107903284
0.958888888889 0.311439913389
0.95782463929 0.311439913389
0.956762749446 0.311439913389
0.955703211517 0.311439913389
0.955752212389 0.311800793937
0.955801104972 0.312161674486
0.955849889625 0.312522555034
0.955898566703 0.312883435583
0.955947136564 0.313244316131
0.95599559956 0.31360519668
0.956043956044 0.313966077228
0.956092206367 0.314326957777
0.956140350877 0.314687838326
0.956188389923 0.315048718874
0.956236323851 0.315409599423
0.956284153005 0.315770479971
0.956331877729 0.31613136052
0.956379498364 0.316492241068
0.956427015251 0.316853121617
0.956474428727 0.317214002165
0.95652173913 0.317574882714
0.955483170467 0.317574882714
0.955531453362 0.317935763262
0.955579631636 0.318296643811
0.955627705628 0.318657524359
0.955675675676 0.319018404908
0.955723542117 0.319379285457
0.954692556634 0.319379285457
0.95474137931 0.319740166005
0.954790096878 0.320101046554
0.954838709677 0.320461927102
0.954887218045 0.320822807651
0.954935622318 0.321183688199
0.95498392283 0.321544568748
0.955032119914 0.321905449296
0.955080213904 0.322266329845
0.955128205128 0.322627210393
0.955176093917 0.322988090942
0.955223880597 0.32334897149
0.955271565495 0.323709852039
0.955319148936 0.324070732588
0.955366631243 0.324431613136
0.955414012739 0.324792493685
0.955461293743 0.325153374233
0.955508474576 0.325514254782
0.955555555556 0.32587513533
0.954545454545 0.32587513533
0.95459345301 0.326236015879
0.954641350211 0.326596896427
0.95468914647 0.326957776976
0.954736842105 0.327318657524
0.954784437434 0.327679538073
0.954831932773 0.328040418621
0.954879328437 0.32840129917
0.954926624738 0.328762179719
0.95497382199 0.329123060267
0.955020920502 0.329483940816
0.955067920585 0.329844821364
0.955114822547 0.330205701913
0.955161626694 0.330566582461
0.955208333333 0.33092746301
0.955254942768 0.331288343558
0.955301455301 0.331649224107
0.955347871236 0.332010104655
0.955394190871 0.332370985204
0.955440414508 0.332731865752
0.955486542443 0.333092746301
0.955532574974 0.33345362685
0.955578512397 0.333814507398
0.955624355005 0.334175387947
0.955670103093 0.334536268495
0.955715756952 0.334897149044
0.955761316872 0.335258029592
0.955806783145 0.335618910141
0.955852156057 0.335979790689
0.955897435897 0.336340671238
0.955942622951 0.336701551786
0.955987717503 0.337062432335
0.956032719836 0.337423312883
0.956077630235 0.337784193432
0.95612244898 0.338145073981
0.956167176351 0.338505954529
0.956211812627 0.338866835078
0.956256358087 0.339227715626
0.956300813008 0.339588596175
0.956345177665 0.339949476723
0.956389452333 0.340310357272
0.956433637285 0.34067123782
0.956477732794 0.341032118369
0.95652173913 0.341392998917
0.956565656566 0.341753879466
0.956609485368 0.342114760014
0.956653225806 0.342475640563
0.956696878147 0.342836521112
0.956740442656 0.34319740166
0.956783919598 0.343558282209
0.956827309237 0.343919162757
0.956870611836 0.344280043306
0.956913827655 0.344640923854
0.956956956957 0.345001804403
0.957 0.345362684951
0.957042957043 0.3457235655
0.957085828343 0.346084446048
0.957128614158 0.346445326597
0.957171314741 0.346806207145
0.957213930348 0.347167087694
0.957256461233 0.347527968243
0.957298907646 0.347888848791
0.957341269841 0.34824972934
0.957383548067 0.348610609888
0.957425742574 0.348971490437
0.95746785361 0.349332370985
0.957509881423 0.349693251534
0.957551826259 0.350054132082
0.957593688363 0.350415012631
0.95763546798 0.350775893179
0.957677165354 0.351136773728
0.957718780728 0.351497654276
0.957760314342 0.351858534825
0.957801766438 0.352219415374
0.957843137255 0.352580295922
0.957884427032 0.352941176471
0.957925636008 0.353302057019
0.957966764418 0.353662937568
0.9580078125 0.354023818116
0.958048780488 0.354384698665
0.958089668616 0.354745579213
0.958130477118 0.355106459762
0.958171206226 0.35546734031
0.958211856171 0.355828220859
0.958252427184 0.356189101407
0.958292919496 0.356549981956
0.958333333333 0.356910862505
0.958373668925 0.357271743053
0.958413926499 0.357632623602
0.95845410628 0.35799350415
0.958494208494 0.358354384699
0.958534233365 0.358715265247
0.958574181118 0.359076145796
0.958614051973 0.359437026344
0.957692307692 0.359437026344
0.957732949087 0.359797906893
0.957773512476 0.360158787441
0.957813998082 0.36051966799
0.95785440613 0.360880548538
0.957894736842 0.361241429087
0.95793499044 0.361602309636
0.957975167144 0.361963190184
0.958015267176 0.362324070733
0.958055290753 0.362684951281
0.958095238095 0.36304583183
0.95813510942 0.363406712378
0.957224334601 0.363406712378
0.957264957265 0.363767592927
0.957305502846 0.364128473475
0.957345971564 0.364489354024
0.957386363636 0.364850234572
0.957426679281 0.365211115121
0.957466918715 0.365571995669
0.957507082153 0.365932876218
0.957547169811 0.366293756767
0.957587181904 0.366654637315
0.957627118644 0.367015517864
0.957666980245 0.367376398412
0.957706766917 0.367737278961
0.957746478873 0.368098159509
0.957786116323 0.368459040058
0.957825679475 0.368819920606
0.957865168539 0.369180801155
0.957904583723 0.369541681703
0.957943925234 0.369902562252
0.957983193277 0.3702634428
0.95802238806 0.370624323349
0.958061509786 0.370985203898
0.958100558659 0.371346084446
0.958139534884 0.371706964995
0.958178438662 0.372067845543
0.958217270195 0.372428726092
0.9573283859 0.372428726092
0.957367933272 0.37278960664
0.957407407407 0.373150487189
0.957446808511 0.373511367737
0.957486136784 0.373872248286
0.957525392428 0.374233128834
0.957564575646 0.374594009383
0.957603686636 0.374954889931
0.957642725599 0.37531577048
0.957681692732 0.375676651029
0.957720588235 0.376037531577
0.957759412305 0.376398412126
0.957798165138 0.376759292674
0.957836846929 0.377120173223
0.957875457875 0.377481053771
0.95791399817 0.37784193432
0.957952468007 0.378202814868
0.95799086758 0.378563695417
0.95802919708 0.378924575965
0.9580674567 0.379285456514
0.95810564663 0.379646337062
0.958143767061 0.380007217611
0.958181818182 0.38036809816
0.958219800182 0.380728978708
0.958257713249 0.381089859257
0.95829555757 0.381450739805
0.958333333333 0.381811620354
0.958371040724 0.382172500902
0.958408679928 0.382533381451
0.958446251129 0.382894261999
0.957581227437 0.382894261999
0.957619477006 0.383255142548
0.957657657658 0.383616023096
0.957695769577 0.383976903645
0.95773381295 0.384337784193
0.95777178796 0.384698664742
0.957809694794 0.385059545291
0.957847533632 0.385420425839
0.957885304659 0.385781306388
0.957923008057 0.386142186936
0.957960644007 0.386503067485
0.95799821269 0.386863948033
0.958035714286 0.387224828582
0.958073148974 0.38758570913
0.958110516934 0.387946589679
0.958147818344 0.388307470227
0.958185053381 0.388668350776
0.958222222222 0.389029231324
0.958259325044 0.389390111873
0.958296362023 0.389750992422
0.958333333333 0.39011187297
0.95837023915 0.390472753519
0.958407079646 0.390833634067
0.958443854996 0.391194514616
0.958480565371 0.391555395164
0.958517210944 0.391916275713
0.958553791887 0.392277156261
0.957709251101 0.392277156261
0.957746478873 0.39263803681
0.957783641161 0.392998917358
0.957820738137 0.393359797907
0.957857769974 0.393720678455
0.957894736842 0.394081559004
0.957931638913 0.394442439553
0.957968476357 0.394803320101
0.958005249344 0.39516420065
0.958041958042 0.395525081198
0.95807860262 0.395885961747
0.958115183246 0.396246842295
0.958151700087 0.396607722844
0.95818815331 0.396968603392
0.958224543081 0.397329483941
0.958260869565 0.397690364489
0.958297132928 0.398051245038
0.957465277778 0.398051245038
0.956634865568 0.398051245038
0.956672443674 0.398412125586
0.95670995671 0.398773006135
0.956747404844 0.399133886684
0.956784788245 0.399494767232
0.956822107081 0.399855647781
0.956859361519 0.400216528329
0.956896551724 0.400577408878
0.956933677864 0.400938289426
0.956110154905 0.400938289426
0.956147893379 0.401299169975
0.95618556701 0.401660050523
0.956223175966 0.402020931072
0.956260720412 0.40238181162
0.956298200514 0.402742692169
0.956335616438 0.403103572717
0.955517536356 0.403103572717
0.955555555556 0.403464453266
0.955593509821 0.403825333815
0.955631399317 0.404186214363
0.955669224211 0.404547094912
0.955706984668 0.40490797546
0.955744680851 0.405268856009
0.955782312925 0.405629736557
0.955819881054 0.405990617106
0.955857385399 0.406351497654
0.955894826124 0.406712378203
0.95593220339 0.407073258751
0.955969517358 0.4074341393
0.95600676819 0.407795019848
0.956043956044 0.408155900397
0.956081081081 0.408516780946
0.95611814346 0.408877661494
0.956155143339 0.409238542043
0.956192080876 0.409599422591
0.956228956229 0.40996030314
0.956265769554 0.410321183688
0.956302521008 0.410682064237
0.956339210747 0.411042944785
0.956375838926 0.411403825334
0.9564124057 0.411764705882
0.956448911223 0.412125586431
0.956485355649 0.412486466979
0.95652173913 0.412847347528
0.956558061821 0.413208228077
0.956594323873 0.413569108625
0.955796497081 0.413569108625
0.955833333333 0.413929989174
0.955870108243 0.414290869722
0.955906821963 0.414651750271
0.955943474647 0.415012630819
0.955980066445 0.415373511368
0.95601659751 0.415734391916
0.956053067993 0.416095272465
0.956089478045 0.416456153013
0.956125827815 0.416817033562
0.956162117452 0.41717791411
0.956198347107 0.417538794659
0.956234516928 0.417899675208
0.956270627063 0.418260555756
0.956306677659 0.418621436305
0.956342668863 0.418982316853
0.956378600823 0.419343197402
0.956414473684 0.41970407795
0.956450287592 0.420064958499
0.956486042693 0.420425839047
0.95652173913 0.420786719596
0.956557377049 0.421147600144
0.956592956593 0.421508480693
0.956628477905 0.421869361241
0.956663941128 0.42223024179
0.956699346405 0.422591122339
0.956734693878 0.422952002887
0.956769983687 0.423312883436
0.956805215974 0.423673763984
0.956840390879 0.424034644533
0.956061838893 0.424034644533
0.955284552846 0.424034644533
0.955320877335 0.424395525081
0.955357142857 0.42475640563
0.955393349554 0.425117286178
0.955429497569 0.425478166727
0.955465587045 0.425839047275
0.955501618123 0.426199927824
0.955537590946 0.426560808372
0.955573505654 0.426921688921
0.955609362389 0.42728256947
0.95564516129 0.427643450018
0.955680902498 0.428004330567
0.955716586151 0.428365211115
0.955752212389 0.428726091664
0.95578778135 0.429086972212
0.955823293173 0.429447852761
0.955858747994 0.429808733309
0.95589414595 0.430169613858
0.955929487179 0.430530494406
0.955964771817 0.430891374955
0.956 0.431252255503
0.956035171863 0.431613136052
0.95607028754 0.431974016601
0.956105347167 0.432334897149
0.956140350877 0.432695777698
0.956175298805 0.433056658246
0.956210191083 0.433417538795
0.956245027844 0.433778419343
0.956279809221 0.434139299892
0.956314535346 0.43450018044
0.956349206349 0.434861060989
0.956383822363 0.435221941537
0.956418383518 0.435582822086
0.956452889945 0.435943702634
0.956487341772 0.436304583183
0.95652173913 0.436665463732
0.956556082148 0.43702634428
0.956590370955 0.437387224829
0.955835962145 0.437387224829
0.955870764381 0.437748105377
0.955905511811 0.438108985926
0.955940204563 0.438469866474
0.955974842767 0.438830747023
0.956009426551 0.439191627571
0.956043956044 0.43955250812
0.956078431373 0.439913388668
0.956112852665 0.440274269217
0.956147220047 0.440635149765
0.956181533646 0.440996030314
0.956215793589 0.441356910863
0.95625 0.441717791411
0.956284153005 0.44207867196
0.95631825273 0.442439552508
0.956352299299 0.442800433057
0.956386292835 0.443161313605
0.956420233463 0.443522194154
0.956454121306 0.443883074702
0.956487956488 0.444243955251
0.95652173913 0.444604835799
0.956555469356 0.444965716348
0.956589147287 0.445326596896
0.956622773044 0.445687477445
0.956656346749 0.446048357994
0.956689868523 0.446409238542
0.956723338485 0.446770119091
0.956756756757 0.447130999639
0.956790123457 0.447491880188
0.956823438705 0.447852760736
0.956856702619 0.448213641285
0.956889915319 0.448574521833
0.956923076923 0.448935402382
0.956956187548 0.44929628293
0.956989247312 0.449657163479
0.957022256332 0.450018044027
0.957055214724 0.450378924576
0.957088122605 0.450739805125
0.956355283308 0.450739805125
0.956388676358 0.451100685673
0.956422018349 0.451461566222
0.956455309396 0.45182244677
0.956488549618 0.452183327319
0.95652173913 0.452544207867
0.956554878049 0.452905088416
0.956587966489 0.453265968964
0.956621004566 0.453626849513
0.955893536122 0.453626849513
0.955167173252 0.453626849513
0.95444191344 0.453626849513
0.954476479514 0.453987730061
0.954510993177 0.45434861061
0.954545454545 0.454709491158
0.95457986374 0.455070371707
0.953857791225 0.455070371707
0.953892668178 0.455431252256
0.953927492447 0.455792132804
0.953962264151 0.456153013353
0.953996983409 0.456513893901
0.954031650339 0.45687477445
0.95406626506 0.457235654998
0.953348382242 0.457235654998
0.953383458647 0.457596535547
0.953418482344 0.457957416095
0.953453453453 0.458318296644
0.953488372093 0.458679177192
0.953523238381 0.459040057741
0.953558052434 0.459400938289
0.953592814371 0.459761818838
0.953627524308 0.460122699387
0.953662182362 0.460483579935
0.953696788648 0.460844460484
0.953731343284 0.461205341032
0.953020134228 0.461205341032
0.95305514158 0.461566221581
0.953090096798 0.461927102129
0.953125 0.462287982678
0.953159851301 0.462648863226
0.953194650817 0.463009743775
0.953229398664 0.463370624323
0.953264094955 0.463731504872
0.953298739807 0.46409238542
0.953333333333 0.464453265969
0.953367875648 0.464814146518
0.953402366864 0.465175027066
0.953436807095 0.465535907615
0.953471196455 0.465896788163
0.953505535055 0.466257668712
0.953539823009 0.46661854926
0.953574060427 0.466979429809
0.953608247423 0.467340310357
0.953642384106 0.467701190906
0.953676470588 0.468062071454
0.95371050698 0.468422952003
0.953010279001 0.468422952003
0.953044754219 0.468783832551
0.953079178886 0.4691447131
0.953113553114 0.469505593649
0.953147877013 0.469866474197
0.953182150695 0.470227354746
0.953216374269 0.470588235294
0.953250547845 0.470949115843
0.953284671533 0.471309996391
0.953318745441 0.47167087694
0.953352769679 0.472031757488
0.953386744355 0.472392638037
0.953420669578 0.472753518585
0.953454545455 0.473114399134
0.953488372093 0.473475279682
0.953522149601 0.473836160231
0.953555878084 0.47419704078
0.95358955765 0.474557921328
0.953623188406 0.474918801877
0.953656770456 0.475279682425
0.953690303907 0.475640562974
0.953723788865 0.476001443522
0.953757225434 0.476362324071
0.953790613718 0.476723204619
0.953823953824 0.477084085168
0.953857245854 0.477444965716
0.953890489914 0.477805846265
0.953923686105 0.478166726813
0.953956834532 0.478527607362
0.953989935298 0.478888487911
0.954022988506 0.479249368459
0.954055994257 0.479610249008
0.953371592539 0.479610249008
0.953405017921 0.479971129556
0.953438395415 0.480332010105
0.953471725125 0.480692890653
0.953505007153 0.481053771202
0.953538241601 0.48141465175
0.953571428571 0.481775532299
0.953604568166 0.482136412847
0.953637660485 0.482497293396
0.953670705631 0.482858173944
0.953703703704 0.483219054493
0.953736654804 0.483579935042
0.953769559033 0.48394081559
0.953802416489 0.484301696139
0.953835227273 0.484662576687
0.953867991483 0.485023457236
0.95390070922 0.485384337784
0.953933380581 0.485745218333
0.953966005666 0.486106098881
0.953998584572 0.48646697943
0.954031117397 0.486827859978
0.95406360424 0.487188740527
0.954096045198 0.487549621075
0.954128440367 0.487910501624
0.954160789845 0.488271382173
0.954193093728 0.488632262721
0.954225352113 0.48899314327
0.954257565095 0.489354023818
0.954289732771 0.489714904367
0.954321855235 0.490075784915
0.954353932584 0.490436665464
0.954385964912 0.490797546012
0.954417952314 0.491158426561
0.954449894884 0.491519307109
0.954481792717 0.491880187658
0.954513645906 0.492241068206
0.954545454545 0.492601948755
0.954577218728 0.492962829304
0.954608938547 0.493323709852
0.954640614096 0.493684590401
0.954672245467 0.494045470949
0.954703832753 0.494406351498
0.954038997214 0.494406351498
0.954070981211 0.494767232046
0.954102920723 0.495128112595
0.954134815844 0.495488993143
0.954166666667 0.495849873692
0.954198473282 0.49621075424
0.954230235784 0.496571634789
0.954261954262 0.496932515337
0.954293628809 0.497293395886
0.954325259516 0.497654276435
0.954356846473 0.498015156983
0.954388389772 0.498376037532
0.954419889503 0.49873691808
0.954451345756 0.499097798629
0.954482758621 0.499458679177
0.954514128187 0.499819559726
0.954545454545 0.500180440274
0.954576737784 0.500541320823
0.954607977992 0.500902201371
0.954639175258 0.50126308192
0.95467032967 0.501623962468
0.954701441318 0.501984843017
0.954732510288 0.502345723565
0.954763536669 0.502706604114
0.954794520548 0.503067484663
0.954825462012 0.503428365211
0.954856361149 0.50378924576
0.954887218045 0.504150126308
0.954918032787 0.504511006857
0.954266211604 0.504511006857
0.954297407913 0.504871887405
0.954328561691 0.505232767954
0.954359673025 0.505593648502
0.954390742001 0.505954529051
0.954421768707 0.506315409599
0.954452753229 0.506676290148
0.954483695652 0.507037170696
0.954514596062 0.507398051245
0.954545454545 0.507758931794
0.954576271186 0.508119812342
0.95460704607 0.508480692891
0.954637779282 0.508841573439
0.954668470907 0.509202453988
0.954699121028 0.509563334536
0.95472972973 0.509924215085
0.95408507765 0.509924215085
0.954116059379 0.510285095633
0.954146999326 0.510645976182
0.954177897574 0.51100685673
0.954208754209 0.511367737279
0.954239569314 0.511728617827
0.954270342972 0.512089498376
0.954301075269 0.512450378925
0.954331766286 0.512811259473
0.954362416107 0.513172140022
0.954393024816 0.51353302057
0.954423592493 0.513893901119
0.954454119223 0.514254781667
0.954484605087 0.514615662216
0.954515050167 0.514976542764
0.954545454545 0.515337423313
0.954575818303 0.515698303861
0.954606141522 0.51605918441
0.954636424283 0.516420064958
0.954666666667 0.516780945507
0.954030646236 0.516780945507
0.954061251664 0.517141826056
0.954091816367 0.517502706604
0.954122340426 0.517863587153
0.95415282392 0.518224467701
0.954183266932 0.51858534825
0.954213669542 0.518946228798
0.95424403183 0.519307109347
0.954274353877 0.519667989895
0.954304635762 0.520028870444
0.954334877565 0.520389750992
0.954365079365 0.520750631541
0.954395241243 0.521111512089
0.954425363276 0.521472392638
0.954455445545 0.521833273187
0.954485488127 0.522194153735
0.954515491101 0.522555034284
0.954545454545 0.522915914832
0.954575378539 0.523276795381
0.954605263158 0.523637675929
0.954635108481 0.523998556478
0.954664914586 0.524359437026
0.95469468155 0.524720317575
0.95406824147 0.524720317575
0.953442622951 0.524720317575
0.953473132372 0.525081198123
0.953503601834 0.525442078672
0.953534031414 0.52580295922
0.95356442119 0.526163839769
0.953594771242 0.526524720318
0.953625081646 0.526885600866
0.95365535248 0.527246481415
0.953685583823 0.527607361963
0.95371577575 0.527968242512
0.953745928339 0.52832912306
0.953776041667 0.528690003609
0.95380611581 0.529050884157
0.953836150845 0.529411764706
0.953866146849 0.529772645254
0.953896103896 0.530133525803
0.953926022064 0.530494406351
0.953955901427 0.5308552869
0.953985742061 0.531216167449
0.954015544041 0.531577047997
0.954045307443 0.531937928546
0.954075032342 0.532298809094
0.954104718811 0.532659689643
0.954134366925 0.533020570191
0.954163976759 0.53338145074
0.954193548387 0.533742331288
0.954223081883 0.534103211837
0.95425257732 0.534464092385
0.954282034771 0.534824972934
0.954311454311 0.535185853482
0.954340836013 0.535546734031
0.954370179949 0.53590761458
0.954399486191 0.536268495128
0.954428754814 0.536629375677
0.954457985888 0.536990256225
0.954487179487 0.537351136774
0.954516335682 0.537712017322
0.954545454545 0.538072897871
0.954574536148 0.538433778419
0.954603580563 0.538794658968
0.954632587859 0.539155539516
0.95466155811 0.539516420065
0.954690491385 0.539877300613
0.954719387755 0.540238181162
0.954748247291 0.540599061711
0.954777070064 0.540959942259
0.954169318905 0.540959942259
0.954198473282 0.541320822808
0.954227590591 0.541681703356
0.954256670902 0.542042583905
0.954285714286 0.542403464453
0.954314720812 0.542764345002
0.954343690552 0.54312522555
0.954372623574 0.543486106099
0.953768207726 0.543486106099
0.953797468354 0.543846986647
0.953826691967 0.544207867196
0.953855878635 0.544568747744
0.953885028427 0.544929628293
0.953914141414 0.545290508842
0.953943217666 0.54565138939
0.953972257251 0.546012269939
0.954001260239 0.546373150487
0.9540302267 0.546734031036
0.954059156702 0.547094911584
0.954088050314 0.547455792133
0.953488372093 0.547455792133
0.95351758794 0.547816672681
0.953546767106 0.54817755323
0.953575909661 0.548538433778
0.953605015674 0.548899314327
0.953634085213 0.549260194875
0.953663118347 0.549621075424
0.953692115144 0.549981955973
0.953721075672 0.550342836521
0.95375 0.55070371707
0.953778888195 0.551064597618
0.953807740325 0.551425478167
0.953836556457 0.551786358715
0.953865336658 0.552147239264
0.953894080997 0.552508119812
0.953922789539 0.552869000361
0.953951462352 0.553229880909
0.953980099502 0.553590761458
0.954008701057 0.553951642006
0.954037267081 0.554312522555
0.954065797641 0.554673403104
0.954094292804 0.555034283652
0.954122752635 0.555395164201
0.9541511772 0.555756044749
0.954179566563 0.556116925298
0.954207920792 0.556477805846
0.954236239951 0.556838686395
0.954264524104 0.557199566943
0.954292773317 0.557560447492
0.954320987654 0.55792132804
0.954349167181 0.558282208589
0.954377311961 0.558643089137
0.954405422058 0.559003969686
0.954433497537 0.559364850235
0.953846153846 0.559364850235
0.953874538745 0.559725730783
0.953902888752 0.560086611332
0.953931203931 0.56044749188
0.953959484346 0.560808372429
0.953987730061 0.561169252977
0.953402820356 0.561169252977
0.953431372549 0.561530133526
0.953459889773 0.561891014074
0.953488372093 0.562251894623
0.953516819572 0.562612775171
0.953545232274 0.56297365572
0.953573610263 0.563334536268
0.953601953602 0.563695416817
0.953630262355 0.564056297366
0.953658536585 0.564417177914
0.953686776356 0.564778058463
0.95371498173 0.565138939011
0.953743152769 0.56549981956
0.953771289538 0.565860700108
0.953799392097 0.566221580657
0.953219927096 0.566221580657
0.953248330298 0.566582461205
0.953276699029 0.566943341754
0.953305033354 0.567304222302
0.953333333333 0.567665102851
0.953361599031 0.568025983399
0.953389830508 0.568386863948
0.953418027828 0.568747744497
0.953446191052 0.569108625045
0.953474320242 0.569469505594
0.953502415459 0.569830386142
0.953530476765 0.570191266691
0.953558504222 0.570552147239
0.95358649789 0.570913027788
0.953012048193 0.570913027788
0.953040337146 0.571273908336
0.953068592058 0.571634788885
0.953096812989 0.571995669433
0.953125 0.572356549982
0.953153153153 0.57271743053
0.953181272509 0.573078311079
0.953209358128 0.573439191628
0.953237410072 0.573800072176
0.9532654284 0.574160952725
0.952694610778 0.574160952725
0.952124476361 0.574160952725
0.951555023923 0.574160952725
0.951583980873 0.574521833273
0.951612903226 0.574882713822
0.951641791045 0.57524359437
0.951670644391 0.575604474919
0.951699463327 0.575965355467
0.951728247914 0.576326236016
0.951756998213 0.576687116564
0.951785714286 0.577047997113
0.951814396193 0.577408877661
0.951843043995 0.57776975821
0.951871657754 0.578130638759
0.95190023753 0.578491519307
0.951928783383 0.578852399856
0.951957295374 0.579213280404
0.951985773563 0.579574160953
0.952014218009 0.579935041501
0.951450562463 0.579935041501
0.951479289941 0.58029592205
0.951507983442 0.580656802598
0.951536643026 0.581017683147
0.951565268754 0.581378563695
0.951593860685 0.581739444244
0.951622418879 0.582100324792
0.951650943396 0.582461205341
0.951679434296 0.58282208589
0.951707891637 0.583182966438
0.95173631548 0.583543846987
0.951764705882 0.583904727535
0.951793062904 0.584265608084
0.951821386604 0.584626488632
0.95126247798 0.584626488632
0.951291079812 0.584987369181
0.951319648094 0.585348249729
0.951348182884 0.585709130278
0.951376684241 0.586070010826
0.951405152225 0.586430891375
0.951433586893 0.586791771923
0.951461988304 0.587152652472
0.951490356517 0.587513533021
0.950934579439 0.587513533021
0.950379451255 0.587513533021
0.9504084014 0.587874413569
0.950437317784 0.588235294118
0.950466200466 0.588596174666
0.950495049505 0.588957055215
0.950523864959 0.589317935763
0.950552646888 0.589678816312
0.950581395349 0.59003969686
0.950610110401 0.590400577409
0.950058072009 0.590400577409
0.949506674405 0.590400577409
0.948955916473 0.590400577409
0.948985507246 0.590761457957
0.949015063731 0.591122338506
0.949044585987 0.591483219054
0.949074074074 0.591844099603
0.949103528051 0.592204980152
0.949132947977 0.5925658607
0.949162333911 0.592926741249
0.949191685912 0.593287621797
0.949221004039 0.593648502346
0.949250288351 0.594009382894
0.949279538905 0.594370263443
0.94930875576 0.594731143991
0.949337938975 0.59509202454
0.949367088608 0.595452905088
0.949396204715 0.595813785637
0.949425287356 0.596174666185
0.949454336588 0.596535546734
0.949483352468 0.596896427283
0.949512335055 0.597257307831
0.949541284404 0.59761818838
0.949570200573 0.597979068928
0.94959908362 0.598339949477
0.9496279336 0.598700830025
0.949084668192 0.598700830025
0.948542024014 0.598700830025
0.948 0.598700830025
0.948029697316 0.599061710574
0.948059360731 0.599422591122
0.948088990302 0.599783471671
0.948118586089 0.600144352219
0.948148148148 0.600505232768
0.947608200456 0.600505232768
0.947638019351 0.600866113316
0.947667804323 0.601226993865
0.947697555429 0.601587874414
0.947727272727 0.601948754962
0.947756956275 0.602309635511
0.947786606129 0.602670516059
0.947249007374 0.602670516059
0.947278911565 0.603031396608
0.94730878187 0.603392277156
0.947338618347 0.603753157705
0.947368421053 0.604114038253
0.947398190045 0.604474918802
0.947427925382 0.60483579935
0.947457627119 0.605196679899
0.947487295313 0.605557560447
0.947516930023 0.605918440996
0.947546531303 0.606279321545
0.947576099211 0.606640202093
0.947605633803 0.607001082642
0.947635135135 0.60736196319
0.947664603264 0.607722843739
0.947694038245 0.608083724287
0.947723440135 0.608444604836
0.947752808989 0.608805485384
0.947782144862 0.609166365933
0.947811447811 0.609527246481
0.947840717891 0.60988812703
0.947869955157 0.610249007578
0.947899159664 0.610609888127
0.947928331467 0.610970768676
0.947957470621 0.611331649224
0.947986577181 0.611692529773
0.948015651202 0.612053410321
0.948044692737 0.61241429087
0.948073701843 0.612775171418
0.948102678571 0.613136051967
0.948131622978 0.613496932515
0.948160535117 0.613857813064
0.948189415042 0.614218693612
0.948218262806 0.614579574161
0.948247078464 0.614940454709
0.948275862069 0.615301335258
0.948304613674 0.615662215807
0.948333333333 0.616023096355
0.948362021099 0.616383976904
0.948390677026 0.616744857452
0.948419301165 0.617105738001
0.94844789357 0.617466618549
0.948476454294 0.617827499098
0.948504983389 0.618188379646
0.948533480908 0.618549260195
0.948008849558 0.618549260195
0.948037589829 0.618910140743
0.948066298343 0.619271021292
0.948094975152 0.61963190184
0.947571743929 0.61963190184
0.947600661886 0.619992782389
0.94762954796 0.620353662938
0.947658402204 0.620714543486
0.94768722467 0.621075424035
0.94771601541 0.621436304583
0.947744774477 0.621797185132
0.947223749313 0.621797185132
0.947252747253 0.62215806568
0.947281713344 0.622518946229
0.94731064764 0.622879826777
0.947339550192 0.623240707326
0.947368421053 0.623601587874
0.947397260274 0.623962468423
0.947426067908 0.624323348971
0.947454844007 0.62468422952
0.947483588621 0.625045110069
0.947512301804 0.625405990617
0.947540983607 0.625766871166
0.94756963408 0.626127751714
0.947598253275 0.626488632263
0.947626841244 0.626849512811
0.947655398037 0.62721039336
0.947683923706 0.627571273908
0.947712418301 0.627932154457
0.947740881873 0.628293035005
0.947769314472 0.628653915554
0.94779771615 0.629014796102
0.947826086957 0.629375676651
0.947854426942 0.6297365572
0.947882736156 0.630097437748
0.94791101465 0.630458318297
0.947939262473 0.630819198845
0.947425474255 0.630819198845
0.947453954496 0.631180079394
0.947482403898 0.631540959942
0.947510822511 0.631901840491
0.947539210384 0.632262721039
0.947567567568 0.632623601588
0.947595894111 0.632984482136
0.947624190065 0.633345362685
0.947652455478 0.633706243233
0.947680690399 0.634067123782
0.947708894879 0.634428004331
0.947737068966 0.634788884879
0.947765212709 0.635149765428
0.947793326157 0.635510645976
0.94782140936 0.635871526525
0.947849462366 0.636232407073
0.947877485223 0.636593287622
0.947905477981 0.63695416817
0.947933440687 0.637315048719
0.947961373391 0.637675929267
0.947989276139 0.638036809816
0.948017148982 0.638397690364
0.948044991966 0.638758570913
0.947537473233 0.638758570913
0.947565543071 0.639119451462
0.947593582888 0.63948033201
0.947621592731 0.639841212559
0.94764957265 0.640202093107
0.947677522691 0.640562973656
0.947705442903 0.640923854204
0.947733333333 0.641284734753
0.94776119403 0.641645615301
0.94778902504 0.64200649585
0.947816826411 0.642367376398
0.947844598191 0.642728256947
0.947872340426 0.643089137495
0.947900053163 0.643450018044
0.947927736451 0.643810898593
0.947955390335 0.644171779141
0.947983014862 0.64453265969
0.94801061008 0.644893540238
0.948038176034 0.645254420787
0.947535771065 0.645254420787
0.947563559322 0.645615301335
0.947591318158 0.645976181884
0.947619047619 0.646337062432
0.947646747753 0.646697942981
0.947674418605 0.647058823529
0.947702060222 0.647419704078
0.94772967265 0.647780584626
0.947757255937 0.648141465175
0.947257383966 0.648141465175
0.947285187138 0.648502345724
0.947312961012 0.648863226272
0.947340705635 0.649224106821
0.947368421053 0.649584987369
0.947396107312 0.649945867918
0.947423764458 0.650306748466
0.946925906463 0.650306748466
0.946953781513 0.650667629015
0.946981627297 0.651028509563
0.947009443861 0.651389390112
0.947037231253 0.65175027066
0.947064989518 0.652111151209
0.947092718701 0.652472031757
0.947120418848 0.652832912306
0.947148090005 0.653193792855
0.947175732218 0.653554673403
0.947203345531 0.653915553952
0.94723092999 0.6542764345
0.94725848564 0.654637315049
0.947286012526 0.654998195597
0.947313510694 0.655359076146
0.947340980188 0.655719956694
0.947368421053 0.656080837243
0.947395833333 0.656441717791
0.947423217074 0.65680259834
0.94745057232 0.657163478888
0.947477899116 0.657524359437
0.947505197505 0.657885239986
0.947532467532 0.658246120534
0.947559709242 0.658607001083
0.947586922678 0.658967881631
0.947095435685 0.658967881631
0.947122861586 0.65932876218
0.947150259067 0.659689642728
0.947177628172 0.660050523277
0.947204968944 0.660411403825
0.946714950854 0.660411403825
0.946742502585 0.660772284374
0.94677002584 0.661133164922
0.946797520661 0.661494045471
0.946824987093 0.661854926019
0.946852425181 0.662215806568
0.946879834966 0.662576687117
0.946907216495 0.662937567665
0.946934569809 0.663298448214
0.946961894954 0.663659328762
0.946989191971 0.664020209311
0.947016460905 0.664381089859
0.947043701799 0.664741970408
0.947070914697 0.665102850956
0.94709809964 0.665463731505
0.947125256674 0.665824612053
0.947152385839 0.666185492602
0.947179487179 0.66654637315
0.947206560738 0.666907253699
0.947233606557 0.667268134248
0.94726062468 0.667629014796
0.947287615148 0.667989895345
0.947314578005 0.668350775893
0.947341513292 0.668711656442
0.947368421053 0.66907253699
0.947395301328 0.669433417539
0.94742215416 0.669794298087
0.947448979592 0.670155178636
0.947475777664 0.670516059184
0.94750254842 0.670876939733
0.9475292919 0.671237820281
0.947556008147 0.67159870083
0.947582697201 0.671959581379
0.947100712106 0.671959581379
0.946619217082 0.671959581379
0.946646341463 0.672320461927
0.946673438294 0.672681342476
0.946700507614 0.673042223024
0.946727549467 0.673403103573
0.946754563895 0.673763984121
0.946274708566 0.673763984121
0.946301925025 0.67412486467
0.946329113924 0.674485745218
0.946356275304 0.674846625767
0.946383409206 0.675207506315
0.946410515672 0.675568386864
0.946437594745 0.675929267412
0.946464646465 0.676290147961
0.946491670873 0.67665102851
0.946518668012 0.677011909058
0.946545637922 0.677372789607
0.946572580645 0.677733670155
0.946599496222 0.678094550704
0.946626384693 0.678455431252
0.9466532461 0.678816311801
0.946680080483 0.679177192349
0.946706887883 0.679538072898
0.946733668342 0.679898953446
0.946760421899 0.680259833995
0.946787148594 0.680620714543
0.94681384847 0.680981595092
0.946840521565 0.681342475641
0.94686716792 0.681703356189
0.946392785571 0.681703356189
0.946419629444 0.682064236738
0.945945945946 0.682064236738
0.945972986493 0.682425117286
0.946 0.682785997835
0.946026986507 0.683146878383
0.946053946054 0.683507758932
0.945581627559 0.683507758932
0.945109780439 0.683507758932
0.945137157107 0.68386863948
0.945164506481 0.684229520029
0.9451918286 0.684590400577
0.945219123506 0.684951281126
0.945246391239 0.685312161674
0.945273631841 0.685673042223
0.944803580308 0.685673042223
0.944333996024 0.685673042223
0.94436164928 0.686033922772
0.944389275074 0.68639480332
0.944416873449 0.686755683869
0.944444444444 0.687116564417
0.944471988101 0.687477444966
0.94449950446 0.687838325514
0.944031698861 0.687838325514
0.943564356436 0.687838325514
0.943592281049 0.688199206063
0.943620178042 0.688560086611
0.943648047454 0.68892096716
0.943675889328 0.689281847708
0.943703703704 0.689642728257
0.943731490622 0.690003608805
0.943759250123 0.690364489354
0.943786982249 0.690725369903
0.943814687038 0.691086250451
0.943842364532 0.691447131
0.943870014771 0.691808011548
0.943405511811 0.691808011548
0.943433349729 0.692168892097
0.943461160275 0.692529772645
0.943488943489 0.692890653194
0.943516699411 0.693251533742
0.943544428081 0.693612414291
0.943081452404 0.693612414291
0.943109367337 0.693973294839
0.943137254902 0.694334175388
0.94316511514 0.694695055936
0.94319294809 0.695055936485
0.943220753793 0.695416817034
0.94324853229 0.695777697582
0.943276283619 0.696138578131
0.94330400782 0.696499458679
0.942843185149 0.696499458679
0.94287109375 0.696860339228
0.94289897511 0.697221219776
0.942926829268 0.697582100325
0.942954656265 0.697942980873
0.94298245614 0.698303861422
0.943010228933 0.69866474197
0.943037974684 0.699025622519
0.942579075426 0.699025622519
0.942607003891 0.699386503067
0.942634905202 0.699747383616
0.942176870748 0.699747383616
0.942204953861 0.700108264165
0.942233009709 0.700469144713
0.941775836972 0.700469144713
0.941804073715 0.700830025262
0.941347552109 0.700830025262
0.940891472868 0.700830025262
0.940920096852 0.70119090581
0.940948693127 0.701551786359
0.940493468795 0.701551786359
0.940522243714 0.701912666907
0.940550990817 0.702273547456
0.940579710145 0.702634428004
0.940608401738 0.702995308553
0.940637065637 0.703356189101
0.940183309214 0.703356189101
0.940212150434 0.70371706965
0.940240963855 0.704077950198
0.940269749518 0.704438830747
0.940298507463 0.704799711296
0.939846005775 0.704799711296
0.939874939875 0.705160591844
0.939903846154 0.705521472393
0.939932724652 0.705882352941
0.939961575408 0.70624323349
0.939990398464 0.706604114038
0.939539347409 0.706604114038
0.939568345324 0.706964994587
0.939597315436 0.707325875135
0.939626257786 0.707686755684
0.939176245211 0.707686755684
0.938726663475 0.707686755684
0.938755980861 0.708047636232
0.938785270206 0.708408516781
0.938814531549 0.708769397329
0.938843764931 0.709130277878
0.938872970392 0.709491158427
0.938902147971 0.709852038975
0.938454198473 0.709852038975
0.938483547926 0.710212919524
0.938512869399 0.710573800072
0.938542162935 0.710934680621
0.938571428571 0.711295561169
0.938124702523 0.711295561169
0.938154138915 0.711656441718
0.938183547313 0.712017322266
0.938212927757 0.712378202815
0.938242280285 0.712739083363
0.938271604938 0.713099963912
0.938300901756 0.71346084446
0.938330170778 0.713821725009
0.938359412044 0.714182605558
0.937914691943 0.714182605558
0.937944102321 0.714543486106
0.937973484848 0.714904366655
0.938002839565 0.715265247203
0.938032166509 0.715626127752
0.937588652482 0.715626127752
0.937618147448 0.7159870083
0.937647614549 0.716347888849
0.937204910293 0.716347888849
0.937234544597 0.716708769397
0.93679245283 0.716708769397
0.936822253654 0.717069649946
0.93685202639 0.717430530494
0.936881771079 0.717791411043
0.936911487759 0.718152291591
0.936941176471 0.71851317214
0.936970837253 0.718874052689
0.937000470146 0.719234933237
0.937030075188 0.719595813786
0.937059652419 0.719956694334
0.937089201878 0.720317574883
0.937118723604 0.720678455431
0.937148217636 0.72103933598
0.937177684013 0.721400216528
0.937207122774 0.721761097077
0.937236533958 0.722121977625
0.937265917603 0.722482858174
0.937295273748 0.722843738722
0.937324602432 0.723204619271
0.936886395512 0.723204619271
0.93691588785 0.72356549982
0.936945352639 0.723926380368
0.936974789916 0.724287260917
0.93700419972 0.724648141465
0.936567164179 0.724648141465
0.936130536131 0.724648141465
0.936160298229 0.725009022014
0.936190032604 0.725369902562
0.936219739292 0.725730783111
0.936249418334 0.726091663659
0.936279069767 0.726452544208
0.935843793584 0.726452544208
0.935873605948 0.726813424756
0.935903390618 0.727174305305
0.935933147632 0.727535185853
0.93596287703 0.727896066402
0.93599257885 0.728256946951
0.935558646268 0.728256946951
0.935125115848 0.728256946951
0.935155164428 0.728617827499
0.934722222222 0.728617827499
0.934752429431 0.728978708048
0.934782608696 0.729339588596
0.934350439205 0.729339588596
0.93438077634 0.729700469145
0.93441108545 0.730061349693
0.934441366574 0.730422230242
0.934010152284 0.730422230242
0.933579335793 0.730422230242
0.933609958506 0.73078311079
0.933179723502 0.73078311079
0.932749884846 0.73078311079
0.932780847145 0.731143991339
0.932811780948 0.731504871887
0.932842686293 0.731865752436
0.932873563218 0.732226632984
0.932904411765 0.732587513533
0.932935231971 0.732948394082
0.932966023875 0.73330927463
0.932996787517 0.733670155179
0.933027522936 0.734031035727
0.93305823017 0.734391916276
0.933088909258 0.734752796824
0.933119560238 0.735113677373
0.932692307692 0.735113677373
0.932723112128 0.735474557921
0.932296431839 0.735474557921
0.931870141747 0.735474557921
0.931444241316 0.735474557921
0.931018730014 0.735474557921
0.931050228311 0.73583543847
0.930625285258 0.73583543847
0.930656934307 0.736196319018
0.930688554492 0.736557199567
0.930720145852 0.736918080115
0.930751708428 0.737278960664
0.930783242259 0.737639841213
0.930814747383 0.738000721761
0.93084622384 0.73836160231
0.930877671669 0.738722482858
0.930909090909 0.739083363407
0.930940481599 0.739444243955
0.930971843778 0.739805124504
0.931003177485 0.740166005052
0.931034482759 0.740526885601
0.931065759637 0.740887766149
0.93109700816 0.741248646698
0.931128228364 0.741609527246
0.930706521739 0.741609527246
0.930285196922 0.741609527246
0.930316742081 0.741970407795
0.929895974672 0.741970407795
0.929927667269 0.742331288344
0.929959331225 0.742692168892
0.929990966576 0.743053049441
0.930022573363 0.743413929989
0.929602888087 0.743413929989
0.929634641407 0.743774810538
0.929215509468 0.743774810538
0.928796755295 0.743774810538
0.928828828829 0.744135691086
0.92886087348 0.744496571635
0.928892889289 0.744857452183
0.928924876293 0.745218332732
0.928507194245 0.745218332732
0.92808988764 0.745218332732
0.927672955975 0.745218332732
0.927705433318 0.74557921328
0.927289048474 0.74557921328
0.926873037236 0.74557921328
0.926905829596 0.745940093829
0.926938592559 0.746300974377
0.926523297491 0.746300974377
0.926108374384 0.746300974377
0.926141450313 0.746661854926
0.926174496644 0.747022735475
0.926207513417 0.747383616023
0.925793473402 0.747383616023
0.92582663092 0.747744496572
0.925859758821 0.74810537712
0.925892857143 0.748466257669
0.925925925926 0.748827138217
0.92595896521 0.749188018766
0.925991975033 0.749548899314
0.926024955437 0.749909779863
0.926057906459 0.750270660411
0.926090828139 0.75063154096
0.926123720516 0.750992421508
0.925711743772 0.750992421508
0.925300133393 0.750992421508
0.925333333333 0.751353302057
0.924922256775 0.751353302057
0.924955595027 0.751714182606
0.924988903684 0.752075063154
0.925022182786 0.752435943703
0.925055432373 0.752796824251
0.924645390071 0.752796824251
0.924678777138 0.7531577048
0.924269264836 0.7531577048
0.923860115095 0.7531577048
0.92389380531 0.753518585348
0.923485183547 0.753518585348
0.923519009726 0.753879465897
0.92355280601 0.754240346445
0.923586572438 0.754601226994
0.923178807947 0.754601226994
0.92321270962 0.754962107542
0.923246581385 0.755322988091
0.92328042328 0.755683868639
0.923314235346 0.756044749188
0.923348017621 0.756405629737
0.922941435491 0.756405629737
0.922975352113 0.756766510285
0.923009238891 0.757127390834
0.923043095866 0.757488271382
0.923076923077 0.757849151931
0.923110720562 0.758210032479
0.92270531401 0.758210032479
0.922739244952 0.758570913028
0.922773146117 0.758931793576
0.922807017544 0.759292674125
0.922402455064 0.759292674125
0.922436459246 0.759653554673
0.92247043364 0.760014435222
0.922066549912 0.760014435222
0.922100656455 0.76037531577
0.922134733158 0.760736196319
0.922168780061 0.761097076868
0.921765734266 0.761097076868
0.921363040629 0.761097076868
0.921397379913 0.761457957416
0.921431689219 0.761818837965
0.921465968586 0.762179718513
0.921500218055 0.762540599062
0.921098517873 0.762540599062
0.920697167756 0.762540599062
0.920731707317 0.76290147961
0.920330866347 0.76290147961
0.919930374238 0.76290147961
0.919530230535 0.76290147961
0.919130434783 0.76290147961
0.919165580183 0.763262360159
0.919200695048 0.763623240707
0.918801563178 0.763623240707
0.918836805556 0.763984121256
0.918872017354 0.764345001804
0.918907198612 0.764705882353
0.918942349371 0.765066762901
0.918977469671 0.76542764345
0.91901255955 0.765788523999
0.919047619048 0.766149404547
0.919082648204 0.766510285096
0.919117647059 0.766871165644
0.918720276697 0.766871165644
0.918755401901 0.767232046193
0.918358531317 0.767232046193
0.918393782383 0.767592926741
0.918429003021 0.76795380729
0.91846419327 0.768314687838
0.918068132816 0.768314687838
0.917672413793 0.768314687838
0.917707884533 0.768675568387
0.917312661499 0.768675568387
0.917348256565 0.769036448935
0.916953528399 0.769036448935
0.916989247312 0.769397329484
0.917024935512 0.769758210032
0.916630855178 0.769758210032
0.916666666667 0.770119090581
0.916273078574 0.770119090581
0.915879828326 0.770119090581
0.915915915916 0.77047997113
0.915523156089 0.77047997113
0.915559365624 0.770840851678
0.915167095116 0.770840851678
0.915203426124 0.771201732227
0.915239726027 0.771562612775
0.915275994865 0.771923493324
0.914884516681 0.771923493324
0.91492090637 0.772284373872
0.914957264957 0.772645254421
0.914566424605 0.772645254421
0.914602903501 0.773006134969
0.914639351259 0.773367015518
0.914675767918 0.773727896066
0.914285714286 0.773727896066
0.91389599318 0.773727896066
0.913932680017 0.774088776615
0.913969335605 0.774449657163
0.913580246914 0.774449657163
0.913617021277 0.774810537712
0.913228413441 0.774810537712
0.913265306122 0.775171418261
0.913302167446 0.775532298809
0.913338997451 0.775893179358
0.913375796178 0.776254059906
0.913412563667 0.776614940455
0.91302503182 0.776614940455
0.912637828668 0.776614940455
0.912250953794 0.776614940455
0.912288135593 0.776975821003
0.912325285896 0.777336701552
0.912362404742 0.7776975821
0.912399492171 0.778058462649
0.912436548223 0.778419343197
0.912473572939 0.778780223746
0.912087912088 0.778780223746
0.911702577102 0.778780223746
0.911739864865 0.779141104294
0.911777121148 0.779501984843
0.911814345992 0.779862865392
0.911851539435 0.78022374594
0.911888701518 0.780584626489
0.91192583228 0.780945507037
0.911962931761 0.781306387586
0.912 0.781667268134
0.911616161616 0.781667268134
0.911653344552 0.782028148683
0.911690496215 0.782389029231
0.911727616646 0.78274990978
0.911764705882 0.783110790328
0.911801763965 0.783471670877
0.911418975651 0.783471670877
0.911036508603 0.783471670877
0.911073825503 0.783832551425
0.911111111111 0.784193431974
0.911148365465 0.784554312523
0.911185588605 0.784915193071
0.91122278057 0.78527607362
0.911259941398 0.785636954168
0.910878661088 0.785636954168
0.910915934755 0.785997834717
0.910953177258 0.786358715265
0.910572503134 0.786358715265
0.910609857978 0.786719595814
0.910647181628 0.787080476362
0.910267111853 0.787080476362
0.909887359199 0.787080476362
0.909507923269 0.787080476362
0.909545644018 0.787441356911
0.909583333333 0.787802237459
0.909620991254 0.788163118008
0.909658617818 0.788523998556
0.909280066583 0.788523998556
0.909317803661 0.788884879105
0.909355509356 0.789245759654
0.909393183707 0.789606640202
0.909430826755 0.789967520751
0.909468438538 0.790328401299
0.909506019095 0.790689281848
0.909543568465 0.791050162396
0.909581086686 0.791411042945
0.909618573798 0.791771923493
0.909241607957 0.791771923493
0.908864954432 0.791771923493
0.908488612836 0.791771923493
0.908112582781 0.791771923493
0.908150599917 0.792132804042
0.908188585608 0.79249368459
0.908226539893 0.792854565139
0.907851239669 0.792854565139
0.907889301941 0.793215445687
0.907927332783 0.793576326236
0.907552620718 0.793576326236
0.907178217822 0.793576326236
0.906804123711 0.793576326236
0.906842539159 0.793937206785
0.90688092295 0.794298087333
0.906507413509 0.794298087333
0.906545903664 0.794658967882
0.906172839506 0.794658967882
0.905800082271 0.794658967882
0.905838815789 0.79501984843
0.905466502261 0.79501984843
0.905505341002 0.795380728979
0.905133470226 0.795380728979
0.905172413793 0.795741609527
0.904800984817 0.795741609527
0.904840032814 0.796102490076
