0 0.0
1.0 0.000360880548538
1.0 0.000721761097077
1.0 0.00108264164562
1.0 0.00144352219415
1.0 0.00180440274269
1.0 0.00216528329123
1.0 0.00252616383977
1.0 0.00288704438831
1.0 0.00324792493685
1.0 0.00360880548538
1.0 0.00396968603392
1.0 0.00433056658246
1.0 0.004691447131
1.0 0.00505232767954
1.0 0.00541320822808
1.0 0.00577408877661
1.0 0.00613496932515
1.0 0.00649584987369
1.0 0.00685673042223
1.0 0.00721761097077
1.0 0.00757849151931
1.0 0.00793937206785
1.0 0.00830025261638
0.958333333333 0.00830025261638
0.96 0.00866113316492
0.961538461538 0.00902201371346
0.962962962963 0.009382894262
0.964285714286 0.00974377481054
0.965517241379 0.0101046553591
0.966666666667 0.0104655359076
0.967741935484 0.0108264164562
0.96875 0.0111872970047
0.969696969697 0.0115481775532
0.970588235294 0.0119090581018
0.971428571429 0.0122699386503
0.944444444444 0.0122699386503
0.945945945946 0.0126308191988
0.947368421053 0.0129916997474
0.948717948718 0.0133525802959
0.95 0.0137134608445
0.951219512195 0.014074341393
0.952380952381 0.0144352219415
0.953488372093 0.0147961024901
0.954545454545 0.0151569830386
0.955555555556 0.0155178635872
0.95652173913 0.0158787441357
0.957446808511 0.0162396246842
0.958333333333 0.0166005052328
0.959183673469 0.0169613857813
0.96 0.0173222663298
0.960784313725 0.0176831468784
0.961538461538 0.0180440274269
0.962264150943 0.0184049079755
0.962962962963 0.018765788524
0.963636363636 0.0191266690725
0.964285714286 0.0194875496211
0.964912280702 0.0198484301696
0.965517241379 0.0202093107182
0.966101694915 0.0205701912667
0.966666666667 0.0209310718152
0.967213114754 0.0212919523638
0.967741935484 0.0216528329123
0.952380952381 0.0216528329123
0.9375 0.0216528329123
0.938461538462 0.0220137134608
0.939393939394 0.0223745940094
0.940298507463 0.0227354745579
0.941176470588 0.0230963551065
0.942028985507 0.023457235655
0.942857142857 0.0238181162035
0.943661971831 0.0241789967521
0.944444444444 0.0245398773006
0.945205479452 0.0249007578492
0.945945945946 0.0252616383977
0.946666666667 0.0256225189462
0.947368421053 0.0259833994948
0.948051948052 0.0263442800433
0.948717948718 0.0267051605918
0.949367088608 0.0270660411404
0.95 0.0274269216889
0.938271604938 0.0274269216889
0.939024390244 0.0277878022375
0.939759036145 0.028148682786
0.940476190476 0.0285095633345
0.941176470588 0.0288704438831
0.941860465116 0.0292313244316
0.942528735632 0.0295922049802
0.943181818182 0.0299530855287
0.943820224719 0.0303139660772
0.944444444444 0.0306748466258
0.945054945055 0.0310357271743
0.945652173913 0.0313966077228
0.94623655914 0.0317574882714
0.946808510638 0.0321183688199
0.947368421053 0.0324792493685
0.947916666667 0.032840129917
0.948453608247 0.0332010104655
0.948979591837 0.0335618910141
0.949494949495 0.0339227715626
0.95 0.0342836521112
0.950495049505 0.0346445326597
0.950980392157 0.0350054132082
0.95145631068 0.0353662937568
0.951923076923 0.0357271743053
0.952380952381 0.0360880548538
0.952830188679 0.0364489354024
0.953271028037 0.0368098159509
0.953703703704 0.0371706964995
0.954128440367 0.037531577048
0.954545454545 0.0378924575965
0.954954954955 0.0382533381451
0.955357142857 0.0386142186936
0.955752212389 0.0389750992422
0.956140350877 0.0393359797907
0.95652173913 0.0396968603392
0.956896551724 0.0400577408878
0.957264957265 0.0404186214363
0.957627118644 0.0407795019848
0.957983193277 0.0411403825334
0.958333333333 0.0415012630819
0.95867768595 0.0418621436305
0.959016393443 0.042223024179
0.959349593496 0.0425839047275
0.959677419355 0.0429447852761
0.96 0.0433056658246
0.960317460317 0.0436665463732
0.96062992126 0.0440274269217
0.9609375 0.0443883074702
0.961240310078 0.0447491880188
0.961538461538 0.0451100685673
0.961832061069 0.0454709491158
0.962121212121 0.0458318296644
0.962406015038 0.0461927102129
0.962686567164 0.0465535907615
0.962962962963 0.04691447131
0.963235294118 0.0472753518585
0.963503649635 0.0476362324071
0.963768115942 0.0479971129556
0.964028776978 0.0483579935042
0.957142857143 0.0483579935042
0.957446808511 0.0487188740527
0.957746478873 0.0490797546012
0.958041958042 0.0494406351498
0.958333333333 0.0498015156983
0.958620689655 0.0501623962468
0.958904109589 0.0505232767954
0.959183673469 0.0508841573439
0.959459459459 0.0512450378925
0.959731543624 0.051605918441
0.96 0.0519667989895
0.960264900662 0.0523276795381
0.960526315789 0.0526885600866
0.960784313725 0.0530494406351
0.954545454545 0.0530494406351
0.954838709677 0.0534103211837
0.955128205128 0.0537712017322
0.955414012739 0.0541320822808
0.955696202532 0.0544929628293
0.955974842767 0.0548538433778
0.95625 0.0552147239264
0.95652173913 0.0555756044749
0.956790123457 0.0559364850235
0.957055214724 0.056297365572
0.957317073171 0.0566582461205
0.957575757576 0.0570191266691
0.957831325301 0.0573800072176
0.958083832335 0.0577408877661
0.958333333333 0.0581017683147
0.958579881657 0.0584626488632
0.958823529412 0.0588235294118
0.959064327485 0.0591844099603
0.959302325581 0.0595452905088
0.959537572254 0.0599061710574
0.959770114943 0.0602670516059
0.96 0.0606279321545
0.960227272727 0.060988812703
0.960451977401 0.0613496932515
0.960674157303 0.0617105738001
0.960893854749 0.0620714543486
0.961111111111 0.0624323348971
0.961325966851 0.0627932154457
0.961538461538 0.0631540959942
0.96174863388 0.0635149765428
0.961956521739 0.0638758570913
0.962162162162 0.0642367376398
0.962365591398 0.0645976181884
0.96256684492 0.0649584987369
0.962765957447 0.0653193792855
0.962962962963 0.065680259834
0.963157894737 0.0660411403825
0.96335078534 0.0664020209311
0.963541666667 0.0667629014796
0.963730569948 0.0671237820281
0.963917525773 0.0674846625767
0.964102564103 0.0678455431252
0.964285714286 0.0682064236738
0.964467005076 0.0685673042223
0.964646464646 0.0689281847708
0.964824120603 0.0692890653194
0.965 0.0696499458679
0.965174129353 0.0700108264165
0.965346534653 0.070371706965
0.965517241379 0.0707325875135
0.96568627451 0.0710934680621
0.965853658537 0.0714543486106
0.966019417476 0.0718152291591
0.966183574879 0.0721761097077
0.966346153846 0.0725369902562
0.966507177033 0.0728978708048
0.966666666667 0.0732587513533
0.96682464455 0.0736196319018
0.966981132075 0.0739805124504
0.967136150235 0.0743413929989
0.967289719626 0.0747022735475
0.967441860465 0.075063154096
0.967592592593 0.0754240346445
0.967741935484 0.0757849151931
0.967889908257 0.0761457957416
0.96803652968 0.0765066762901
0.968181818182 0.0768675568387
0.968325791855 0.0772284373872
0.968468468468 0.0775893179358
0.968609865471 0.0779501984843
0.96875 0.0783110790328
0.968888888889 0.0786719595814
0.969026548673 0.0790328401299
0.969162995595 0.0793937206785
0.969298245614 0.079754601227
0.96943231441 0.0801154817755
0.969565217391 0.0804763623241
0.969696969697 0.0808372428726
0.969827586207 0.0811981234211
0.969957081545 0.0815590039697
0.970085470085 0.0819198845182
0.970212765957 0.0822807650668
0.970338983051 0.0826416456153
0.970464135021 0.0830025261638
0.970588235294 0.0833634067124
0.970711297071 0.0837242872609
0.970833333333 0.0840851678095
0.970954356846 0.084446048358
0.971074380165 0.0848069289065
0.971193415638 0.0851678094551
0.97131147541 0.0855286900036
0.971428571429 0.0858895705521
0.971544715447 0.0862504511007
0.971659919028 0.0866113316492
0.971774193548 0.0869722121978
0.971887550201 0.0873330927463
0.972 0.0876939732948
0.972111553785 0.0880548538434
0.972222222222 0.0884157343919
0.97233201581 0.0887766149405
0.972440944882 0.089137495489
0.972549019608 0.0894983760375
0.97265625 0.0898592565861
0.972762645914 0.0902201371346
0.972868217054 0.0905810176831
0.972972972973 0.0909418982317
0.969230769231 0.0909418982317
0.969348659004 0.0913027787802
0.969465648855 0.0916636593288
0.969581749049 0.0920245398773
0.969696969697 0.0923854204258
0.969811320755 0.0927463009744
0.96992481203 0.0931071815229
0.970037453184 0.0934680620715
0.970149253731 0.09382894262
0.970260223048 0.0941898231685
0.97037037037 0.0945507037171
0.970479704797 0.0949115842656
0.970588235294 0.0952724648141
0.970695970696 0.0956333453627
0.970802919708 0.0959942259112
0.970909090909 0.0963551064598
0.971014492754 0.0967159870083
0.971119133574 0.0970768675568
0.971223021583 0.0974377481054
0.971326164875 0.0977986286539
0.971428571429 0.0981595092025
0.97153024911 0.098520389751
0.971631205674 0.0988812702995
0.971731448763 0.0992421508481
0.971830985915 0.0996030313966
0.971929824561 0.0999639119451
0.972027972028 0.100324792494
0.97212543554 0.100685673042
0.972222222222 0.101046553591
0.9723183391 0.101407434139
0.972413793103 0.101768314688
0.972508591065 0.102129195236
0.972602739726 0.102490075785
0.972696245734 0.102850956333
0.972789115646 0.103211836882
0.972881355932 0.103572717431
0.972972972973 0.103933597979
0.973063973064 0.104294478528
0.973154362416 0.104655359076
0.973244147157 0.105016239625
0.973333333333 0.105377120173
0.97342192691 0.105738000722
0.973509933775 0.10609888127
0.973597359736 0.106459761819
0.973684210526 0.106820642367
0.973770491803 0.107181522916
0.97385620915 0.107542403464
0.973941368078 0.107903284013
0.974025974026 0.108264164562
0.974110032362 0.10862504511
0.974193548387 0.108985925659
0.974276527331 0.109346806207
0.974358974359 0.109707686756
0.974440894569 0.110068567304
0.974522292994 0.110429447853
0.974603174603 0.110790328401
0.974683544304 0.11115120895
0.97476340694 0.111512089498
0.974842767296 0.111872970047
0.974921630094 0.112233850595
0.975 0.112594731144
0.97507788162 0.112955611693
0.975155279503 0.113316492241
0.975232198142 0.11367737279
0.975308641975 0.114038253338
0.975384615385 0.114399133887
0.975460122699 0.114760014435
0.975535168196 0.115120894984
0.975609756098 0.115481775532
0.975683890578 0.115842656081
0.975757575758 0.116203536629
0.97583081571 0.116564417178
0.975903614458 0.116925297726
0.975975975976 0.117286178275
0.976047904192 0.117647058824
0.976119402985 0.118007939372
0.97619047619 0.118368819921
0.976261127596 0.118729700469
0.976331360947 0.119090581018
0.976401179941 0.119451461566
0.976470588235 0.119812342115
0.976539589443 0.120173222663
0.976608187135 0.120534103212
0.97667638484 0.12089498376
0.976744186047 0.121255864309
0.976811594203 0.121616744857
0.976878612717 0.121977625406
0.976945244957 0.122338505955
0.977011494253 0.122699386503
0.977077363897 0.123060267052
0.977142857143 0.1234211476
0.977207977208 0.123782028149
0.977272727273 0.124142908697
0.977337110482 0.124503789246
0.977401129944 0.124864669794
0.977464788732 0.125225550343
0.977528089888 0.125586430891
0.977591036415 0.12594731144
0.977653631285 0.126308191988
0.977715877437 0.126669072537
0.977777777778 0.127029953086
0.97783933518 0.127390833634
0.977900552486 0.127751714183
0.977961432507 0.128112594731
0.978021978022 0.12847347528
0.978082191781 0.128834355828
0.978142076503 0.129195236377
0.978201634877 0.129556116925
0.978260869565 0.129916997474
0.978319783198 0.130277878022
0.978378378378 0.130638758571
0.978436657682 0.130999639119
0.978494623656 0.131360519668
0.97855227882 0.131721400217
0.978609625668 0.132082280765
0.978666666667 0.132443161314
0.978723404255 0.132804041862
0.978779840849 0.133164922411
0.978835978836 0.133525802959
0.97889182058 0.133886683508
0.978947368421 0.134247564056
0.979002624672 0.134608444605
0.979057591623 0.134969325153
0.97911227154 0.135330205702
0.979166666667 0.13569108625
0.979220779221 0.136051966799
0.979274611399 0.136412847348
0.979328165375 0.136773727896
0.979381443299 0.137134608445
0.979434447301 0.137495488993
0.979487179487 0.137856369542
0.979539641944 0.13821725009
0.979591836735 0.138578130639
0.977099236641 0.138578130639
0.977157360406 0.138939011187
0.977215189873 0.139299891736
0.977272727273 0.139660772284
0.977329974811 0.140021652833
0.977386934673 0.140382533381
0.977443609023 0.14074341393
0.9775 0.141104294479
0.977556109726 0.141465175027
0.977611940299 0.141826055576
0.977667493797 0.142186936124
0.977722772277 0.142547816673
0.977777777778 0.142908697221
0.977832512315 0.14326957777
0.977886977887 0.143630458318
0.977941176471 0.143991338867
0.977995110024 0.144352219415
0.978048780488 0.144713099964
0.978102189781 0.145073980512
0.978155339806 0.145434861061
0.978208232446 0.14579574161
0.978260869565 0.146156622158
0.978313253012 0.146517502707
0.978365384615 0.146878383255
0.978417266187 0.147239263804
0.978468899522 0.147600144352
0.978520286396 0.147961024901
0.978571428571 0.148321905449
0.978622327791 0.148682785998
0.978672985782 0.149043666546
0.976359338061 0.149043666546
0.974056603774 0.149043666546
0.974117647059 0.149404547095
0.974178403756 0.149765427643
0.974238875878 0.150126308192
0.974299065421 0.150487188741
0.974358974359 0.150848069289
0.974418604651 0.151208949838
0.974477958237 0.151569830386
0.974537037037 0.151930710935
0.972286374134 0.151930710935
0.972350230415 0.152291591483
0.972413793103 0.152652472032
0.97247706422 0.15301335258
0.972540045767 0.153374233129
0.970319634703 0.153374233129
0.970387243736 0.153735113677
0.970454545455 0.154095994226
0.97052154195 0.154456874774
0.970588235294 0.154817755323
0.97065462754 0.155178635872
0.970720720721 0.15553951642
0.970786516854 0.155900396969
0.970852017937 0.156261277517
0.970917225951 0.156622158066
0.970982142857 0.156983038614
0.971046770601 0.157343919163
0.971111111111 0.157704799711
0.971175166297 0.15806568026
0.971238938053 0.158426560808
0.971302428256 0.158787441357
0.971365638767 0.159148321905
0.971428571429 0.159509202454
0.97149122807 0.159870083003
0.971553610503 0.160230963551
0.971615720524 0.1605918441
0.971677559913 0.160952724648
0.971739130435 0.161313605197
0.971800433839 0.161674485745
0.971861471861 0.162035366294
0.97192224622 0.162396246842
0.969827586207 0.162396246842
0.969892473118 0.162757127391
0.969957081545 0.163118007939
0.970021413276 0.163478888488
0.970085470085 0.163839769036
0.970149253731 0.164200649585
0.970212765957 0.164561530134
0.970276008493 0.164922410682
0.970338983051 0.165283291231
0.970401691332 0.165644171779
0.970464135021 0.166005052328
0.970526315789 0.166365932876
0.970588235294 0.166726813425
0.970649895178 0.167087693973
0.970711297071 0.167448574522
0.970772442589 0.16780945507
0.970833333333 0.168170335619
0.970893970894 0.168531216167
0.970954356846 0.168892096716
0.971014492754 0.169252977265
0.971074380165 0.169613857813
0.971134020619 0.169974738362
0.971193415638 0.17033561891
0.971252566735 0.170696499459
0.97131147541 0.171057380007
0.971370143149 0.171418260556
0.971428571429 0.171779141104
0.971486761711 0.172140021653
0.971544715447 0.172500902201
0.971602434077 0.17286178275
0.971659919028 0.173222663298
0.969696969697 0.173222663298
0.969758064516 0.173583543847
0.969818913481 0.173944424396
0.969879518072 0.174305304944
0.96993987976 0.174666185493
0.97 0.175027066041
0.968063872255 0.175027066041
0.96812749004 0.17538794659
0.968190854871 0.175748827138
0.968253968254 0.176109707687
0.968316831683 0.176470588235
0.96837944664 0.176831468784
0.968441814596 0.177192349332
0.968503937008 0.177553229881
0.968565815324 0.177914110429
0.96862745098 0.178274990978
0.968688845401 0.178635871527
0.96875 0.178996752075
0.968810916179 0.179357632624
0.968871595331 0.179718513172
0.968932038835 0.180079393721
0.968992248062 0.180440274269
0.969052224371 0.180801154818
0.969111969112 0.181162035366
0.969171483622 0.181522915915
0.967307692308 0.181522915915
0.967370441459 0.181883796463
0.967432950192 0.182244677012
0.967495219885 0.18260555756
0.967557251908 0.182966438109
0.967619047619 0.183327318658
0.967680608365 0.183688199206
0.967741935484 0.184049079755
0.967803030303 0.184409960303
0.96786389414 0.184770840852
0.967924528302 0.1851317214
0.967984934087 0.185492601949
0.968045112782 0.185853482497
0.968105065666 0.186214363046
0.968164794007 0.186575243594
0.968224299065 0.186936124143
0.96828358209 0.187297004691
0.966480446927 0.187297004691
0.966542750929 0.18765788524
0.966604823748 0.188018765789
0.966666666667 0.188379646337
0.966728280961 0.188740526886
0.966789667897 0.189101407434
0.965009208103 0.189101407434
0.965073529412 0.189462287983
0.965137614679 0.189823168531
0.965201465201 0.19018404908
0.965265082267 0.190544929628
0.965328467153 0.190905810177
0.965391621129 0.191266690725
0.965454545455 0.191627571274
0.965517241379 0.191988451822
0.963768115942 0.191988451822
0.962025316456 0.191988451822
0.962093862816 0.192349332371
0.962162162162 0.19271021292
0.962230215827 0.193071093468
0.962298025135 0.193431974017
0.962365591398 0.193792854565
0.962432915921 0.194153735114
0.960714285714 0.194153735114
0.960784313725 0.194514615662
0.959074733096 0.194514615662
0.959147424512 0.194875496211
0.959219858156 0.195236376759
0.959292035398 0.195597257308
0.957597173145 0.195597257308
0.957671957672 0.195958137856
0.957746478873 0.196319018405
0.957820738137 0.196679898953
0.957894736842 0.197040779502
0.957968476357 0.197401660051
0.958041958042 0.197762540599
0.958115183246 0.198123421148
0.95818815331 0.198484301696
0.958260869565 0.198845182245
0.958333333333 0.199206062793
0.958405545927 0.199566943342
0.958477508651 0.19992782389
0.958549222798 0.200288704439
0.958620689655 0.200649584987
0.958691910499 0.201010465536
0.958762886598 0.201371346084
0.958833619211 0.201732226633
0.958904109589 0.202093107182
0.958974358974 0.20245398773
0.959044368601 0.202814868279
0.959114139693 0.203175748827
0.959183673469 0.203536629376
0.959252971138 0.203897509924
0.959322033898 0.204258390473
0.959390862944 0.204619271021
0.959459459459 0.20498015157
0.959527824621 0.205341032118
0.959595959596 0.205701912667
0.959663865546 0.206062793215
0.959731543624 0.206423673764
0.959798994975 0.206784554313
0.959866220736 0.207145434861
0.959933222037 0.20750631541
0.96 0.207867195958
0.96006655574 0.208228076507
0.958471760797 0.208228076507
0.958540630182 0.208588957055
0.958609271523 0.208949837604
0.95867768595 0.209310718152
0.958745874587 0.209671598701
0.95881383855 0.210032479249
0.958881578947 0.210393359798
0.95894909688 0.210754240346
0.959016393443 0.211115120895
0.959083469722 0.211476001444
0.959150326797 0.211836881992
0.959216965742 0.212197762541
0.959283387622 0.212558643089
0.959349593496 0.212919523638
0.959415584416 0.213280404186
0.959481361426 0.213641284735
0.957928802589 0.213641284735
0.957996768982 0.214002165283
0.958064516129 0.214363045832
0.958132045089 0.21472392638
0.958199356913 0.215084806929
0.958266452648 0.215445687477
0.958333333333 0.215806568026
0.9584 0.216167448575
0.958466453674 0.216528329123
0.958532695375 0.216889209672
0.958598726115 0.21725009022
0.9586645469 0.217610970769
0.957142857143 0.217610970769
0.957210776545 0.217971851317
0.957278481013 0.218332731866
0.957345971564 0.218693612414
0.957413249211 0.219054492963
0.957480314961 0.219415373511
0.957547169811 0.21977625406
0.957613814757 0.220137134608
0.957680250784 0.220498015157
0.957746478873 0.220858895706
0.9578125 0.221219776254
0.957878315133 0.221580656803
0.957943925234 0.221941537351
0.95800933126 0.2223024179
0.958074534161 0.222663298448
0.956589147287 0.222663298448
0.956656346749 0.223024178997
0.956723338485 0.223385059545
0.956790123457 0.223745940094
0.956856702619 0.224106820642
0.956923076923 0.224467701191
0.956989247312 0.224828581739
0.957055214724 0.225189462288
0.957120980092 0.225550342837
0.957186544343 0.225911223385
0.957251908397 0.226272103934
0.957317073171 0.226632984482
0.957382039574 0.226993865031
0.957446808511 0.227354745579
0.95751138088 0.227715626128
0.957575757576 0.228076506676
0.957639939486 0.228437387225
0.957703927492 0.228798267773
0.957767722474 0.229159148322
0.957831325301 0.22952002887
0.957894736842 0.229880909419
0.957957957958 0.230241789968
0.958020989505 0.230602670516
0.958083832335 0.230963551065
0.958146487294 0.231324431613
0.958208955224 0.231685312162
0.95827123696 0.23204619271
0.958333333333 0.232407073259
0.958395245171 0.232767953807
0.958456973294 0.233128834356
0.958518518519 0.233489714904
0.957100591716 0.233489714904
0.957163958641 0.233850595453
0.957227138643 0.234211476001
0.957290132548 0.23457235655
0.957352941176 0.234933237099
0.957415565345 0.235294117647
0.957478005865 0.235654998196
0.957540263543 0.236015878744
0.957602339181 0.236376759293
0.957664233577 0.236737639841
0.957725947522 0.23709852039
0.957787481805 0.237459400938
0.957848837209 0.237820281487
0.957910014514 0.238181162035
0.957971014493 0.238542042584
0.958031837916 0.238902923132
0.958092485549 0.239263803681
0.958152958153 0.23962468423
0.958213256484 0.239985564778
0.958273381295 0.240346445327
0.958333333333 0.240707325875
0.958393113343 0.241068206424
0.958452722063 0.241429086972
0.958512160229 0.241789967521
0.958571428571 0.242150848069
0.958630527817 0.242511728618
0.958689458689 0.242872609166
0.958748221906 0.243233489715
0.958806818182 0.243594370263
0.957446808511 0.243594370263
0.956090651558 0.243594370263
0.956152758133 0.243955250812
0.956214689266 0.244316131361
0.956276445698 0.244677011909
0.956338028169 0.245037892458
0.956399437412 0.245398773006
0.956460674157 0.245759653555
0.95652173913 0.246120534103
0.956582633053 0.246481414652
0.956643356643 0.2468422952
0.956703910615 0.247203175749
0.955369595537 0.247203175749
0.955431754875 0.247564056297
0.955493741307 0.247924936846
0.955555555556 0.248285817394
0.955617198336 0.248646697943
0.95567867036 0.249007578492
0.955739972337 0.24936845904
0.955801104972 0.249729339589
0.955862068966 0.250090220137
0.955922865014 0.250451100686
0.95598349381 0.250811981234
0.956043956044 0.251172861783
0.956104252401 0.251533742331
0.956164383562 0.25189462288
0.956224350205 0.252255503428
0.956284153005 0.252616383977
0.956343792633 0.252977264525
0.956403269755 0.253338145074
0.956462585034 0.253699025623
0.95652173913 0.254059906171
0.9565807327 0.25442078672
0.956639566396 0.254781667268
0.956698240866 0.255142547817
0.956756756757 0.255503428365
0.95681511471 0.255864308914
0.956873315364 0.256225189462
0.956931359354 0.256586070011
0.956989247312 0.256946950559
0.957046979866 0.257307831108
0.957104557641 0.257668711656
0.957161981258 0.258029592205
0.957219251337 0.258390472754
0.957276368491 0.258751353302
0.957333333333 0.259112233851
0.957390146471 0.259473114399
0.956117021277 0.259473114399
0.956175298805 0.259833994948
0.956233421751 0.260194875496
0.956291390728 0.260555756045
0.956349206349 0.260916636593
0.956406869221 0.261277517142
0.956464379947 0.26163839769
0.95652173913 0.261999278239
0.956578947368 0.262360158787
0.956636005256 0.262721039336
0.956692913386 0.263081919885
0.956749672346 0.263442800433
0.956806282723 0.263803680982
0.956862745098 0.26416456153
0.956919060052 0.264525442079
0.956975228162 0.264886322627
0.95703125 0.265247203176
0.957087126138 0.265608083724
0.957142857143 0.265968964273
0.95719844358 0.266329844821
0.95725388601 0.26669072537
0.957309184994 0.267051605918
0.957364341085 0.267412486467
0.957419354839 0.267773367016
0.957474226804 0.268134247564
0.957528957529 0.268495128113
0.957583547558 0.268856008661
0.957637997433 0.26921688921
0.957692307692 0.269577769758
0.957746478873 0.269938650307
0.957800511509 0.270299530855
0.95785440613 0.270660411404
0.957908163265 0.271021291952
0.957961783439 0.271382172501
0.956743002545 0.271382172501
0.956797966963 0.271743053049
0.956852791878 0.272103933598
0.95690747782 0.272464814147
0.955696202532 0.272464814147
0.955752212389 0.272825694695
0.955808080808 0.273186575244
0.955863808323 0.273547455792
0.955919395466 0.273908336341
0.955974842767 0.274269216889
0.956030150754 0.274630097438
0.95608531995 0.274990977986
0.956140350877 0.275351858535
0.956195244055 0.275712739083
0.95625 0.276073619632
0.956304619226 0.27643450018
0.956359102244 0.276795380729
0.956413449564 0.277156261278
0.956467661692 0.277517141826
0.955279503106 0.277517141826
0.955334987593 0.277878022375
0.955390334572 0.278238902923
0.955445544554 0.278599783472
0.955500618047 0.27896066402
0.955555555556 0.279321544569
0.955610357583 0.279682425117
0.955665024631 0.280043305666
0.955719557196 0.280404186214
0.955773955774 0.280765066763
0.955828220859 0.281125947311
0.955882352941 0.28148682786
0.955936352509 0.281847708409
0.955990220049 0.282208588957
0.956043956044 0.282569469506
0.956097560976 0.282930350054
0.956151035323 0.283291230603
0.956204379562 0.283652111151
0.956257594168 0.2840129917
0.956310679612 0.284373872248
0.956363636364 0.284734752797
0.956416464891 0.285095633345
0.956469165659 0.285456513894
0.95652173913 0.285817394442
0.956574185766 0.286178274991
0.956626506024 0.28653915554
0.955475330927 0.28653915554
0.955528846154 0.286900036088
0.955582232893 0.287260916637
0.955635491607 0.287621797185
0.955688622754 0.287982677734
0.955741626794 0.288343558282
0.954599761051 0.288343558282
0.953460620525 0.288343558282
0.953516090584 0.288704438831
0.953571428571 0.289065319379
0.953626634958 0.289426199928
0.953681710214 0.289787080476
0.953736654804 0.290147961025
0.953791469194 0.290508841573
0.952662721893 0.290508841573
0.952718676123 0.290869722122
0.952774498229 0.291230602671
0.952830188679 0.291591483219
0.952885747939 0.291952363768
0.952941176471 0.292313244316
0.952996474736 0.292674124865
0.953051643192 0.293035005413
0.953106682298 0.293395885962
0.953161592506 0.29375676651
0.953216374269 0.294117647059
0.953271028037 0.294478527607
0.953325554259 0.294839408156
0.95337995338 0.295200288704
0.953434225844 0.295561169253
0.953488372093 0.295922049802
0.953542392567 0.29628293035
0.953596287703 0.296643810899
0.953650057937 0.297004691447
0.953703703704 0.297365571996
0.952601156069 0.297365571996
0.952655889145 0.297726452544
0.952710495963 0.298087333093
0.952764976959 0.298448213641
0.952819332566 0.29880909419
0.952873563218 0.299169974738
0.952927669346 0.299530855287
0.952981651376 0.299891735835
0.953035509737 0.300252616384
0.953089244851 0.300613496933
0.953142857143 0.300974377481
0.953196347032 0.30133525803
0.953249714937 0.301696138578
0.953302961276 0.302057019127
0.953356086462 0.302417899675
0.953409090909 0.302778780224
0.953461975028 0.303139660772
0.952380952381 0.303139660772
0.952434881087 0.303500541321
0.952488687783 0.303861421869
0.952542372881 0.304222302418
0.952595936795 0.304583182966
0.952649379932 0.304944063515
0.952702702703 0.305304944064
0.951631046119 0.305304944064
0.951685393258 0.305665824612
0.951739618406 0.306026705161
0.951793721973 0.306387585709
0.951847704367 0.306748466258
0.951901565996 0.307109346806
0.951955307263 0.307470227355
0.952008928571 0.307831107903
0.952062430323 0.308191988452
0.952115812918 0.308552869
0.952169076752 0.308913749549
0.952222222222 0.309274630097
0.952275249723 0.309635510646
0.952328159645 0.309996391195
0.952380952381 0.310357271743
0.951327433628 0.310357271743
0.95138121547 0.310718152292
0.951434878587 0.31107903284
0.951488423374 0.311439913389
0.95154185022 0.311800793937
0.951595159516 0.312161674486
0.951648351648 0.312522555034
0.951701427003 0.312883435583
0.951754385965 0.313244316131
0.951807228916 0.31360519668
0.951859956236 0.313966077228
0.951912568306 0.314326957777
0.951965065502 0.314687838326
0.952017448201 0.315048718874
0.952069716776 0.315409599423
0.9521218716 0.315770479971
0.952173913043 0.31613136052
0.952225841477 0.316492241068
0.952277657267 0.316853121617
0.95232936078 0.317214002165
0.952380952381 0.317574882714
0.952432432432 0.317935763262
0.952483801296 0.318296643811
0.952535059331 0.318657524359
0.952586206897 0.319018404908
0.952637244349 0.319379285457
0.952688172043 0.319740166005
0.952738990333 0.320101046554
0.952789699571 0.320461927102
0.952840300107 0.320822807651
0.952890792291 0.321183688199
0.952941176471 0.321544568748
0.952991452991 0.321905449296
0.953041622199 0.322266329845
0.952025586354 0.322266329845
0.952076677316 0.322627210393
0.952127659574 0.322988090942
0.952178533475 0.32334897149
0.952229299363 0.323709852039
0.952279957582 0.324070732588
0.952330508475 0.324431613136
0.952380952381 0.324792493685
0.952431289641 0.325153374233
0.952481520591 0.325514254782
0.95253164557 0.32587513533
0.95258166491 0.326236015879
0.952631578947 0.326596896427
0.952681388013 0.326957776976
0.952731092437 0.327318657524
0.95278069255 0.327679538073
0.952830188679 0.328040418621
0.952879581152 0.32840129917
0.952928870293 0.328762179719
0.952978056426 0.329123060267
0.953027139875 0.329483940816
0.953076120959 0.329844821364
0.953125 0.330205701913
0.953173777315 0.330566582461
0.953222453222 0.33092746301
0.953271028037 0.331288343558
0.953319502075 0.331649224107
0.953367875648 0.332010104655
0.953416149068 0.332370985204
0.953464322647 0.332731865752
0.953512396694 0.333092746301
0.953560371517 0.33345362685
0.953608247423 0.333814507398
0.953656024717 0.334175387947
0.953703703704 0.334536268495
0.953751284687 0.334897149044
0.953798767967 0.335258029592
0.953846153846 0.335618910141
0.953893442623 0.335979790689
0.953940634596 0.336340671238
0.953987730061 0.336701551786
0.954034729316 0.337062432335
0.954081632653 0.337423312883
0.954128440367 0.337784193432
0.954175152749 0.338145073981
0.954221770092 0.338505954529
0.954268292683 0.338866835078
0.954314720812 0.339227715626
0.954361054767 0.339588596175
0.954407294833 0.339949476723
0.954453441296 0.340310357272
0.954499494439 0.34067123782
0.954545454545 0.341032118369
0.954591321897 0.341392998917
0.953629032258 0.341392998917
0.953675730111 0.341753879466
0.953722334004 0.342114760014
0.953768844221 0.342475640563
0.953815261044 0.342836521112
0.953861584754 0.34319740166
0.953907815631 0.343558282209
0.953953953954 0.343919162757
0.953 0.343919162757
0.952047952048 0.343919162757
0.952095808383 0.344280043306
0.952143569292 0.344640923854
0.95219123506 0.345001804403
0.95223880597 0.345362684951
0.952286282306 0.3457235655
0.95233366435 0.346084446048
0.952380952381 0.346445326597
0.95242814668 0.346806207145
0.952475247525 0.347167087694
0.952522255193 0.347527968243
0.95256916996 0.347888848791
0.952615992103 0.34824972934
0.952662721893 0.348610609888
0.952709359606 0.348971490437
0.952755905512 0.349332370985
0.952802359882 0.349693251534
0.952848722986 0.350054132082
0.952894995093 0.350415012631
0.952941176471 0.350775893179
0.952987267385 0.351136773728
0.953033268102 0.351497654276
0.953079178886 0.351858534825
0.953125 0.352219415374
0.953170731707 0.352580295922
0.953216374269 0.352941176471
0.953261927945 0.353302057019
0.953307392996 0.353662937568
0.953352769679 0.354023818116
0.953398058252 0.354384698665
0.953443258972 0.354745579213
0.953488372093 0.355106459762
0.95353339787 0.35546734031
0.953578336557 0.355828220859
0.953623188406 0.356189101407
0.952702702703 0.356189101407
0.95274831244 0.356549981956
0.952793834297 0.356910862505
0.952839268527 0.357271743053
0.952884615385 0.357632623602
0.95292987512 0.35799350415
0.952015355086 0.35799350415
0.952061361457 0.358354384699
0.952107279693 0.358715265247
0.952153110048 0.359076145796
0.952198852772 0.359437026344
0.952244508118 0.359797906893
0.952290076336 0.360158787441
0.952335557674 0.36051966799
0.952380952381 0.360880548538
0.952426260704 0.361241429087
0.951520912548 0.361241429087
0.951566951567 0.361602309636
0.951612903226 0.361963190184
0.951658767773 0.362324070733
0.951704545455 0.362684951281
0.951750236518 0.36304583183
0.95179584121 0.363406712378
0.951841359773 0.363767592927
0.951886792453 0.364128473475
0.951932139491 0.364489354024
0.95197740113 0.364850234572
0.952022577611 0.365211115121
0.952067669173 0.365571995669
0.952112676056 0.365932876218
0.952157598499 0.366293756767
0.952202436739 0.366654637315
0.951310861423 0.366654637315
0.951356407858 0.367015517864
0.951401869159 0.367376398412
0.951447245565 0.367737278961
0.951492537313 0.368098159509
0.951537744641 0.368459040058
0.951582867784 0.368819920606
0.951627906977 0.369180801155
0.951672862454 0.369541681703
0.951717734448 0.369902562252
0.951762523191 0.3702634428
0.950880444856 0.3702634428
0.95 0.3702634428
0.949121184089 0.3702634428
0.949168207024 0.370624323349
0.949215143121 0.370985203898
0.948339483395 0.370985203898
0.948387096774 0.371346084446
0.948434622468 0.371706964995
0.948482060718 0.372067845543
0.948529411765 0.372428726092
0.948576675849 0.37278960664
0.948623853211 0.373150487189
0.948670944088 0.373511367737
0.948717948718 0.373872248286
0.948764867338 0.374233128834
0.948811700183 0.374594009383
0.948858447489 0.374954889931
0.948905109489 0.37531577048
0.948951686418 0.375676651029
0.948998178506 0.376037531577
0.949044585987 0.376398412126
0.949090909091 0.376759292674
0.949137148047 0.377120173223
0.949183303085 0.377481053771
0.949229374433 0.37784193432
0.949275362319 0.378202814868
0.949321266968 0.378563695417
0.949367088608 0.378924575965
0.949412827462 0.379285456514
0.949458483755 0.379646337062
0.94950405771 0.380007217611
0.94954954955 0.38036809816
0.949594959496 0.380728978708
0.94964028777 0.381089859257
0.949685534591 0.381450739805
0.94973070018 0.381811620354
0.949775784753 0.382172500902
0.94982078853 0.382533381451
0.949865711728 0.382894261999
0.949910554562 0.383255142548
0.949955317248 0.383616023096
0.95 0.383976903645
0.950044603033 0.384337784193
0.949197860963 0.384337784193
0.948352626892 0.384337784193
0.947508896797 0.384337784193
0.947555555556 0.384698664742
0.947602131439 0.385059545291
0.947648624667 0.385420425839
0.947695035461 0.385781306388
0.947741364039 0.386142186936
0.947787610619 0.386503067485
0.94783377542 0.386863948033
0.947879858657 0.387224828582
0.947043248014 0.387224828582
0.94708994709 0.38758570913
0.947136563877 0.387946589679
0.947183098592 0.388307470227
0.947229551451 0.388668350776
0.947275922671 0.389029231324
0.947322212467 0.389390111873
0.947368421053 0.389750992422
0.947414548642 0.39011187297
0.946584938704 0.39011187297
0.946631671041 0.390472753519
0.946678321678 0.390833634067
0.94672489083 0.391194514616
0.946771378709 0.391555395164
0.946817785527 0.391916275713
0.946864111498 0.392277156261
0.946910356832 0.39263803681
0.946956521739 0.392998917358
0.947002606429 0.393359797907
0.947048611111 0.393720678455
0.947094535993 0.394081559004
0.947140381282 0.394442439553
0.947186147186 0.394803320101
0.94723183391 0.39516420065
0.947277441659 0.395525081198
0.947322970639 0.395885961747
0.947368421053 0.396246842295
0.947413793103 0.396607722844
0.947459086994 0.396968603392
0.947504302926 0.397329483941
0.947549441101 0.397690364489
0.947594501718 0.398051245038
0.947639484979 0.398412125586
0.947684391081 0.398773006135
0.947729220223 0.399133886684
0.947773972603 0.399494767232
0.947818648417 0.399855647781
0.947863247863 0.400216528329
0.947907771136 0.400577408878
0.94795221843 0.400938289426
0.94799658994 0.401299169975
0.94804088586 0.401660050523
0.948085106383 0.402020931072
0.948129251701 0.40238181162
0.948173322005 0.402742692169
0.948217317487 0.403103572717
0.948261238338 0.403464453266
0.948305084746 0.403825333815
0.948348856901 0.404186214363
0.948392554992 0.404547094912
0.948436179205 0.40490797546
0.94847972973 0.405268856009
0.947679324895 0.405268856009
0.947723440135 0.405629736557
0.947767481045 0.405990617106
0.947811447811 0.406351497654
0.947855340622 0.406712378203
0.947899159664 0.407073258751
0.947942905122 0.4074341393
0.947986577181 0.407795019848
0.94719195306 0.407795019848
0.947236180905 0.408155900397
0.947280334728 0.408516780946
0.947324414716 0.408877661494
0.947368421053 0.409238542043
0.947412353923 0.409599422591
0.946622185154 0.409599422591
0.946666666667 0.40996030314
0.946711074105 0.410321183688
0.946755407654 0.410682064237
0.946799667498 0.411042944785
0.946843853821 0.411403825334
0.946887966805 0.411764705882
0.946932006633 0.412125586431
0.946975973488 0.412486466979
0.94701986755 0.412847347528
0.947063688999 0.413208228077
0.947107438017 0.413569108625
0.947151114781 0.413929989174
0.947194719472 0.414290869722
0.947238252267 0.414651750271
0.947281713344 0.415012630819
0.946502057613 0.415012630819
0.946546052632 0.415373511368
0.946589975349 0.415734391916
0.946633825944 0.416095272465
0.946677604594 0.416456153013
0.946721311475 0.416817033562
0.946764946765 0.41717791411
0.946808510638 0.417538794659
0.946852003271 0.417899675208
0.946895424837 0.418260555756
0.94693877551 0.418621436305
0.946982055465 0.418982316853
0.947025264874 0.419343197402
0.947068403909 0.41970407795
0.947111472742 0.420064958499
0.947154471545 0.420425839047
0.947197400487 0.420786719596
0.94724025974 0.421147600144
0.947283049473 0.421508480693
0.947325769854 0.421869361241
0.947368421053 0.42223024179
0.947411003236 0.422591122339
0.947453516572 0.422952002887
0.947495961228 0.423312883436
0.947538337369 0.423673763984
0.947580645161 0.424034644533
0.94762288477 0.424395525081
0.947665056361 0.42475640563
0.947707160097 0.425117286178
0.947749196141 0.425478166727
0.946987951807 0.425478166727
0.947030497592 0.425839047275
0.94707297514 0.426199927824
0.947115384615 0.426560808372
0.947157726181 0.426921688921
0.9472 0.42728256947
0.946442845723 0.42728256947
0.946485623003 0.427643450018
0.946528332003 0.428004330567
0.946570972887 0.428365211115
0.946613545817 0.428726091664
0.946656050955 0.429086972212
0.946698488465 0.429447852761
0.946740858506 0.429808733309
0.946783161239 0.430169613858
0.946825396825 0.430530494406
0.946867565424 0.430891374955
0.946117274168 0.430891374955
0.946159936659 0.431252255503
0.946202531646 0.431613136052
0.946245059289 0.431974016601
0.946287519747 0.432334897149
0.946329913181 0.432695777698
0.946372239748 0.433056658246
0.946414499606 0.433417538795
0.946456692913 0.433778419343
0.946498819827 0.434139299892
0.946540880503 0.43450018044
0.946582875098 0.434861060989
0.946624803768 0.435221941537
0.946666666667 0.435582822086
0.94670846395 0.435943702634
0.946750195771 0.436304583183
0.946791862285 0.436665463732
0.946833463643 0.43702634428
0.946875 0.437387224829
0.946916471507 0.437748105377
0.946957878315 0.438108985926
0.946999220577 0.438469866474
0.947040498442 0.438830747023
0.947081712062 0.439191627571
0.94634525661 0.439191627571
0.946386946387 0.43955250812
0.946428571429 0.439913388668
0.946470131885 0.440274269217
0.946511627907 0.440635149765
0.946553059644 0.440996030314
0.945820433437 0.440996030314
0.945862335654 0.441356910863
0.945904173107 0.441717791411
0.945945945946 0.44207867196
0.945987654321 0.442439552508
0.946029298381 0.442800433057
0.946070878274 0.443161313605
0.946112394149 0.443522194154
0.946153846154 0.443883074702
0.946195234435 0.444243955251
0.94623655914 0.444604835799
0.946277820414 0.444965716348
0.945552147239 0.444965716348
0.945593869732 0.445326596896
0.945635528331 0.445687477445
0.945677123183 0.446048357994
0.945718654434 0.446409238542
0.945760122231 0.446770119091
0.945801526718 0.447130999639
0.94584286804 0.447491880188
0.945884146341 0.447852760736
0.945925361767 0.448213641285
0.94596651446 0.448574521833
0.946007604563 0.448935402382
0.946048632219 0.44929628293
0.94608959757 0.449657163479
0.946130500759 0.450018044027
0.945413191812 0.450018044027
0.945454545455 0.450378924576
0.945495836488 0.450739805125
0.945537065053 0.451100685673
0.945578231293 0.451461566222
0.945619335347 0.45182244677
0.945660377358 0.452183327319
0.945701357466 0.452544207867
0.94574227581 0.452905088416
0.94578313253 0.453265968964
0.945823927765 0.453626849513
0.945864661654 0.453987730061
0.945905334335 0.45434861061
0.945945945946 0.454709491158
0.945986496624 0.455070371707
0.946026986507 0.455431252256
0.94606741573 0.455792132804
0.946107784431 0.456153013353
0.946148092745 0.456513893901
0.946188340807 0.45687477445
0.946228528753 0.457235654998
0.946268656716 0.457596535547
0.946308724832 0.457957416095
0.946348733234 0.458318296644
0.946388682055 0.458679177192
0.946428571429 0.459040057741
0.946468401487 0.459400938289
0.946508172363 0.459761818838
0.946547884187 0.460122699387
0.946587537092 0.460483579935
0.946627131208 0.460844460484
0.946666666667 0.461205341032
0.945965951147 0.461205341032
0.94600591716 0.461566221581
0.946045824095 0.461927102129
0.946085672083 0.462287982678
0.946125461255 0.462648863226
0.94616519174 0.463009743775
0.94620486367 0.463370624323
0.946244477172 0.463731504872
0.946284032377 0.46409238542
0.946323529412 0.464453265969
0.946362968406 0.464814146518
0.946402349486 0.465175027066
0.946441672781 0.465535907615
0.946480938416 0.465896788163
0.94652014652 0.466257668712
0.946559297218 0.46661854926
0.946598390636 0.466979429809
0.946637426901 0.467340310357
0.946676406136 0.467701190906
0.946715328467 0.468062071454
0.946754194019 0.468422952003
0.946793002915 0.468783832551
0.94683175528 0.4691447131
0.946870451237 0.469505593649
0.946909090909 0.469866474197
0.946947674419 0.470227354746
0.946986201888 0.470588235294
0.94702467344 0.470949115843
0.947063089195 0.471309996391
0.947101449275 0.47167087694
0.947139753802 0.472031757488
0.947178002894 0.472392638037
0.947216196674 0.472753518585
0.94725433526 0.473114399134
0.947292418773 0.473475279682
0.94733044733 0.473836160231
0.947368421053 0.47419704078
0.947406340058 0.474557921328
0.947444204464 0.474918801877
0.947482014388 0.475279682425
0.94751976995 0.475640562974
0.947557471264 0.476001443522
0.947595118449 0.476362324071
0.947632711621 0.476723204619
0.947670250896 0.477084085168
0.94770773639 0.477444965716
0.947745168218 0.477805846265
0.947782546495 0.478166726813
0.947819871337 0.478527607362
0.947857142857 0.478888487911
0.947894361171 0.479249368459
0.947931526391 0.479610249008
0.947968638632 0.479971129556
0.948005698006 0.480332010105
0.948042704626 0.480692890653
0.948079658606 0.481053771202
0.948116560057 0.48141465175
0.948153409091 0.481775532299
0.947480482612 0.481775532299
0.947517730496 0.482136412847
0.947554925585 0.482497293396
0.947592067989 0.482858173944
0.94762915782 0.483219054493
0.947666195191 0.483579935042
0.947703180212 0.48394081559
0.947740112994 0.484301696139
0.947776993649 0.484662576687
0.947813822285 0.485023457236
0.947850599013 0.485384337784
0.947887323944 0.485745218333
0.947923997185 0.486106098881
0.947960618847 0.48646697943
0.947997189037 0.486827859978
0.948033707865 0.487188740527
0.947368421053 0.487188740527
0.947405329593 0.487549621075
0.947442186405 0.487910501624
0.947478991597 0.488271382173
0.947515745276 0.488632262721
0.947552447552 0.48899314327
0.947589098532 0.489354023818
0.947625698324 0.489714904367
0.947662247034 0.490075784915
0.94769874477 0.490436665464
0.947735191638 0.490797546012
0.947771587744 0.491158426561
0.947807933194 0.491519307109
0.947844228095 0.491880187658
0.94788047255 0.492241068206
0.947916666667 0.492601948755
0.947952810548 0.492962829304
0.947295423024 0.492962829304
0.947331947332 0.493323709852
0.947368421053 0.493684590401
0.947404844291 0.494045470949
0.947441217151 0.494406351498
0.947477539737 0.494767232046
0.947513812155 0.495128112595
0.947550034507 0.495488993143
0.947586206897 0.495849873692
0.947622329428 0.49621075424
0.947658402204 0.496571634789
0.947694425327 0.496932515337
0.9477303989 0.497293395886
0.947766323024 0.497654276435
0.947802197802 0.498015156983
0.947838023336 0.498376037532
0.947873799726 0.49873691808
0.947909527073 0.499097798629
0.947945205479 0.499458679177
0.947980835044 0.499819559726
0.948016415869 0.500180440274
0.948051948052 0.500541320823
0.948087431694 0.500902201371
0.948122866894 0.50126308192
0.948158253752 0.501623962468
0.948193592365 0.501984843017
0.948228882834 0.502345723565
0.948264125255 0.502706604114
0.948299319728 0.503067484663
0.948334466349 0.503428365211
0.948369565217 0.50378924576
0.948404616429 0.504150126308
0.948439620081 0.504511006857
0.948474576271 0.504871887405
0.948509485095 0.505232767954
0.948544346649 0.505593648502
0.948579161028 0.505954529051
0.94861392833 0.506315409599
0.948648648649 0.506676290148
0.94868332208 0.507037170696
0.948717948718 0.507398051245
0.948752528658 0.507758931794
0.948787061995 0.508119812342
0.948821548822 0.508480692891
0.948855989233 0.508841573439
0.948890383322 0.509202453988
0.948924731183 0.509563334536
0.948959032908 0.509924215085
0.948993288591 0.510285095633
0.949027498323 0.510645976182
0.949061662198 0.51100685673
0.949095780308 0.511367737279
0.949129852744 0.511728617827
0.949163879599 0.512089498376
0.949197860963 0.512450378925
0.949231796927 0.512811259473
0.949265687583 0.513172140022
0.949299533022 0.51353302057
0.949333333333 0.513893901119
0.949367088608 0.514254781667
0.949400798935 0.514615662216
0.949434464405 0.514976542764
0.949468085106 0.515337423313
0.94950166113 0.515698303861
0.948871181939 0.515698303861
0.948905109489 0.51605918441
0.948938992042 0.516420064958
0.948972829689 0.516780945507
0.949006622517 0.517141826056
0.949040370615 0.517502706604
0.949074074074 0.517863587153
0.949107732981 0.518224467701
0.949141347424 0.51858534825
0.949174917492 0.518946228798
0.949208443272 0.519307109347
0.949241924852 0.519667989895
0.949275362319 0.520028870444
0.94930875576 0.520389750992
0.949342105263 0.520750631541
0.948717948718 0.520750631541
0.948751642576 0.521111512089
0.948785292186 0.521472392638
0.948818897638 0.521833273187
0.948852459016 0.522194153735
0.948885976409 0.522555034284
0.948919449902 0.522915914832
0.948952879581 0.523276795381
0.948986265533 0.523637675929
0.949019607843 0.523998556478
0.949052906597 0.524359437026
0.94908616188 0.524720317575
0.949119373777 0.525081198123
0.949152542373 0.525442078672
0.949185667752 0.52580295922
0.94921875 0.526163839769
0.9492517892 0.526524720318
0.948634590377 0.526524720318
0.948018193632 0.526524720318
0.948051948052 0.526885600866
0.948085658663 0.527246481415
0.948119325551 0.527607361963
0.948152948801 0.527968242512
0.948186528497 0.52832912306
0.948220064725 0.528690003609
0.948253557568 0.529050884157
0.947640594699 0.529050884157
0.947674418605 0.529411764706
0.947708198838 0.529772645254
0.947741935484 0.530133525803
0.947775628627 0.530494406351
0.947809278351 0.5308552869
0.947842884739 0.531216167449
0.947876447876 0.531577047997
0.947909967846 0.531937928546
0.947300771208 0.531937928546
0.946692357097 0.531937928546
0.946726572529 0.532298809094
0.946760744067 0.532659689643
0.946794871795 0.533020570191
0.946828955798 0.53338145074
0.946862996159 0.533742331288
0.946896992962 0.534103211837
0.946930946292 0.534464092385
0.94696485623 0.534824972934
0.946998722861 0.535185853482
0.947032546267 0.535546734031
0.947066326531 0.53590761458
0.947100063735 0.536268495128
0.947133757962 0.536629375677
0.947167409293 0.536990256225
0.947201017812 0.537351136774
0.947234583598 0.537712017322
0.947268106734 0.538072897871
0.947301587302 0.538433778419
0.947335025381 0.538794658968
0.947368421053 0.539155539516
0.946768060837 0.539155539516
0.946801773274 0.539516420065
0.946835443038 0.539877300613
0.946869070209 0.540238181162
0.946902654867 0.540599061711
0.946936197094 0.540959942259
0.94696969697 0.541320822808
0.947003154574 0.541681703356
0.947036569987 0.542042583905
0.947069943289 0.542403464453
0.946473551637 0.542403464453
0.946507237256 0.542764345002
0.946540880503 0.54312522555
0.946574481458 0.543486106099
0.946608040201 0.543846986647
0.946641556811 0.544207867196
0.946675031368 0.544568747744
0.94670846395 0.544929628293
0.946741854637 0.545290508842
0.94614902943 0.545290508842
0.946182728411 0.54565138939
0.946216385241 0.546012269939
0.94625 0.546373150487
0.946283572767 0.546734031036
0.94631710362 0.547094911584
0.946350592639 0.547455792133
0.9463840399 0.547816672681
0.946417445483 0.54817755323
0.946450809465 0.548538433778
0.946484131923 0.548899314327
0.946517412935 0.549260194875
0.946550652579 0.549621075424
0.946583850932 0.549981955973
0.94661700807 0.550342836521
0.946650124069 0.55070371707
0.946063236206 0.55070371707
0.945477075589 0.55070371707
0.945510835913 0.551064597618
0.945544554455 0.551425478167
0.945578231293 0.551786358715
0.945611866502 0.552147239264
0.945645460161 0.552508119812
0.945679012346 0.552869000361
0.945712523134 0.553229880909
0.945745992602 0.553590761458
0.945779420826 0.553951642006
0.945812807882 0.554312522555
0.945846153846 0.554673403104
0.945879458795 0.555034283652
0.945912722803 0.555395164201
0.945945945946 0.555756044749
0.9459791283 0.556116925298
0.946012269939 0.556477805846
0.946045370938 0.556838686395
0.946078431373 0.557199566943
0.946111451317 0.557560447492
0.946144430845 0.55792132804
0.946177370031 0.558282208589
0.946210268949 0.558643089137
0.946243127673 0.559003969686
0.946275946276 0.559364850235
0.946308724832 0.559725730783
0.946341463415 0.560086611332
0.946374162096 0.56044749188
0.94640682095 0.560808372429
0.946439440049 0.561169252977
0.945863746959 0.561169252977
0.945896656535 0.561530133526
0.945929526124 0.561891014074
0.945962355798 0.562251894623
0.945995145631 0.562612775171
0.946027895694 0.56297365572
0.946060606061 0.563334536268
0.946093276802 0.563695416817
0.94612590799 0.564056297366
0.946158499698 0.564417177914
0.946191051995 0.564778058463
0.946223564955 0.565138939011
0.946256038647 0.56549981956
0.946288473144 0.565860700108
0.946320868516 0.566221580657
0.946353224834 0.566582461205
0.946385542169 0.566943341754
0.94641782059 0.567304222302
0.946450060168 0.567665102851
0.946482260974 0.568025983399
0.946514423077 0.568386863948
0.946546546547 0.568747744497
0.946578631453 0.569108625045
0.94601079784 0.569108625045
0.946043165468 0.569469505594
0.946075494308 0.569830386142
0.946107784431 0.570191266691
0.946140035907 0.570552147239
0.946172248804 0.570913027788
0.946204423192 0.571273908336
0.94623655914 0.571634788885
0.946268656716 0.571995669433
0.94630071599 0.572356549982
0.94633273703 0.57271743053
0.946364719905 0.573078311079
0.946396664681 0.573439191628
0.946428571429 0.573800072176
0.945865556217 0.573800072176
0.945897740785 0.574160952725
0.945929887106 0.574521833273
0.945961995249 0.574882713822
0.945994065282 0.57524359437
0.946026097272 0.575604474919
0.946058091286 0.575965355467
0.946090047393 0.576326236016
0.94612196566 0.576687116564
0.946153846154 0.577047997113
0.946185688941 0.577408877661
0.94621749409 0.57776975821
0.946249261666 0.578130638759
0.946280991736 0.578491519307
0.946312684366 0.578852399856
0.946344339623 0.579213280404
0.946375957572 0.579574160953
0.94640753828 0.579935041501
0.946439081813 0.58029592205
0.946470588235 0.580656802598
0.946502057613 0.581017683147
0.946533490012 0.581378563695
0.946564885496 0.581739444244
0.946596244131 0.582100324792
0.946627565982 0.582461205341
0.946658851114 0.58282208589
0.94669009959 0.583182966438
0.946721311475 0.583543846987
0.946752486834 0.583904727535
0.946783625731 0.584265608084
0.946814728229 0.584626488632
0.946845794393 0.584987369181
0.946876824285 0.585348249729
0.946324387398 0.585348249729
0.946355685131 0.585709130278
0.946386946387 0.586070010826
0.946418171229 0.586430891375
0.946449359721 0.586791771923
0.946480511926 0.587152652472
0.946511627907 0.587513533021
0.946542707728 0.587874413569
0.946573751452 0.588235294118
0.946604759141 0.588596174666
0.946635730858 0.588957055215
0.946666666667 0.589317935763
0.946697566628 0.589678816312
0.946149392009 0.589678816312
0.946180555556 0.59003969686
0.946211683054 0.590400577409
0.945664739884 0.590400577409
0.945696129405 0.590761457957
0.945727482679 0.591122338506
0.945758799769 0.591483219054
0.945790080738 0.591844099603
0.945821325648 0.592204980152
0.945852534562 0.5925658607
0.945883707542 0.592926741249
0.945914844649 0.593287621797
0.945945945946 0.593648502346
0.945977011494 0.594009382894
0.946008041356 0.594370263443
0.946039035591 0.594731143991
0.946069994263 0.59509202454
0.946100917431 0.595452905088
0.946131805158 0.595813785637
0.946162657503 0.596174666185
0.946193474528 0.596535546734
0.946224256293 0.596896427283
0.946255002859 0.597257307831
0.946285714286 0.59761818838
0.946316390634 0.597979068928
0.945776255708 0.597979068928
0.945807187678 0.598339949477
0.945838084379 0.598700830025
0.945868945869 0.599061710574
0.94589977221 0.599422591122
0.94593056346 0.599783471671
0.945961319681 0.600144352219
0.945992040932 0.600505232768
0.946022727273 0.600866113316
0.946053378762 0.601226993865
0.94608399546 0.601587874414
0.946114577425 0.601948754962
0.946145124717 0.602309635511
0.946175637394 0.602670516059
0.946206115515 0.603031396608
0.94623655914 0.603392277156
0.946266968326 0.603753157705
0.946297343132 0.604114038253
0.946327683616 0.604474918802
0.946357989836 0.60483579935
0.946388261851 0.605196679899
0.946418499718 0.605557560447
0.946448703495 0.605918440996
0.946478873239 0.606279321545
0.946509009009 0.606640202093
0.946539110861 0.607001082642
0.946006749156 0.607001082642
0.945474985947 0.607001082642
0.945505617978 0.60736196319
0.945536215609 0.607722843739
0.9455667789 0.608083724287
0.945597307908 0.608444604836
0.945627802691 0.608805485384
0.945658263305 0.609166365933
0.94568868981 0.609527246481
0.945719082261 0.60988812703
0.945749440716 0.610249007578
0.945779765232 0.610609888127
0.945810055866 0.610970768676
0.945840312674 0.611331649224
0.945870535714 0.611692529773
0.945900725042 0.612053410321
0.945930880713 0.61241429087
0.945961002786 0.612775171418
0.945991091314 0.613136051967
0.946021146355 0.613496932515
0.946051167964 0.613857813064
0.946081156198 0.614218693612
0.946111111111 0.614579574161
0.94614103276 0.614940454709
0.946170921199 0.615301335258
0.946200776484 0.615662215807
0.945676274945 0.615662215807
0.945152354571 0.615662215807
0.945182724252 0.616023096355
0.945213060321 0.616383976904
0.945243362832 0.616744857452
0.944720840243 0.616744857452
0.944751381215 0.617105738001
0.944781888459 0.617466618549
0.944812362031 0.617827499098
0.944842801986 0.618188379646
0.944873208379 0.618549260195
0.94435261708 0.618549260195
0.944383259912 0.618910140743
0.944413869015 0.619271021292
0.944444444444 0.61963190184
0.944474986256 0.619992782389
0.944505494505 0.620353662938
0.944535969248 0.620714543486
0.944017563117 0.620714543486
0.944048272079 0.621075424035
0.944078947368 0.621436304583
0.944109589041 0.621797185132
0.944140197152 0.62215806568
0.944170771757 0.622518946229
0.943654266958 0.622518946229
0.943138326955 0.622518946229
0.943169398907 0.622879826777
0.94320043692 0.623240707326
0.943231441048 0.623601587874
0.94271685761 0.623601587874
0.942202835333 0.623601587874
0.941689373297 0.623601587874
0.941176470588 0.623601587874
0.941208492107 0.623962468423
0.941240478781 0.624323348971
0.941272430669 0.62468422952
0.941304347826 0.625045110069
0.94133623031 0.625405990617
0.940825190011 0.625405990617
0.940857297884 0.625766871166
0.940889370933 0.626127751714
0.940921409214 0.626488632263
0.940953412784 0.626849512811
0.9409853817 0.62721039336
0.941017316017 0.627571273908
0.941049215792 0.627932154457
0.941081081081 0.628293035005
0.940572663425 0.628293035005
0.940064794816 0.628293035005
0.939557474366 0.628293035005
0.939050701187 0.628293035005
0.939083557951 0.628653915554
0.93911637931 0.629014796102
0.93914916532 0.629375676651
0.939181916039 0.6297365572
0.939214631522 0.630097437748
0.939247311828 0.630458318297
0.938742611499 0.630458318297
0.938775510204 0.630819198845
0.938808373591 0.631180079394
0.938841201717 0.631540959942
0.938873994638 0.631901840491
0.938906752412 0.632262721039
0.938939475094 0.632623601588
0.938972162741 0.632984482136
0.939004815409 0.633345362685
0.938502673797 0.633345362685
0.938535542491 0.633706243233
0.938568376068 0.634067123782
0.938601174586 0.634428004331
0.9386339381 0.634788884879
0.938666666667 0.635149765428
0.938699360341 0.635510645976
0.93873201918 0.635871526525
0.938764643237 0.636232407073
0.938797232571 0.636593287622
0.938829787234 0.63695416817
0.938862307283 0.637315048719
0.938894792774 0.637675929267
0.93892724376 0.638036809816
0.938959660297 0.638397690364
0.93899204244 0.638758570913
0.939024390244 0.639119451462
0.938526762056 0.639119451462
0.938029661017 0.639119451462
0.938062466914 0.63948033201
0.938095238095 0.639841212559
0.938127974617 0.640202093107
0.938160676533 0.640562973656
0.938193343899 0.640923854204
0.938225976769 0.641284734753
0.938258575198 0.641645615301
0.938291139241 0.64200649585
0.938323668951 0.642367376398
0.938356164384 0.642728256947
0.938388625592 0.643089137495
0.937894736842 0.643089137495
0.937927406628 0.643450018044
0.937960042061 0.643810898593
0.937992643195 0.644171779141
0.938025210084 0.64453265969
0.938057742782 0.644893540238
0.938090241343 0.645254420787
0.938122705821 0.645615301335
0.938155136268 0.645976181884
0.937663698271 0.645976181884
0.937172774869 0.645976181884
0.937205651491 0.646337062432
0.937238493724 0.646697942981
0.93727130162 0.647058823529
0.937304075235 0.647419704078
0.937336814621 0.647780584626
0.936847599165 0.647780584626
0.936880542514 0.648141465175
0.936913451512 0.648502345724
0.936946326212 0.648863226272
0.936458333333 0.648863226272
0.936491410724 0.649224106821
0.936524453694 0.649584987369
0.936557462298 0.649945867918
0.93659043659 0.650306748466
0.936623376623 0.650667629015
0.936137071651 0.650667629015
0.935651271406 0.650667629015
0.935684647303 0.651028509563
0.935717988595 0.651389390112
0.935751295337 0.65175027066
0.935784567582 0.652111151209
0.935817805383 0.652472031757
0.935851008795 0.652832912306
0.93588417787 0.653193792855
0.935917312661 0.653554673403
0.935950413223 0.653915553952
0.935983479608 0.6542764345
0.936016511868 0.654637315049
0.936049510057 0.654998195597
0.936082474227 0.655359076146
0.936115404431 0.655719956694
0.936148300721 0.656080837243
0.935666495111 0.656080837243
0.935699588477 0.656441717791
0.935732647815 0.65680259834
0.935765673176 0.657163478888
0.935798664612 0.657524359437
0.935831622177 0.657885239986
0.935864545921 0.658246120534
0.935897435897 0.658607001083
0.935930292158 0.658967881631
0.935963114754 0.65932876218
0.935995903738 0.659689642728
0.936028659161 0.660050523277
0.936061381074 0.660411403825
0.93609406953 0.660772284374
0.936126724578 0.661133164922
0.936159346272 0.661494045471
0.936191934661 0.661854926019
0.936224489796 0.662215806568
0.936257011729 0.662576687117
0.93628950051 0.662937567665
0.93632195619 0.663298448214
0.936354378819 0.663659328762
0.936386768448 0.664020209311
0.936419125127 0.664381089859
0.936451448907 0.664741970408
0.936483739837 0.665102850956
0.936515997969 0.665463731505
0.93654822335 0.665824612053
0.936580416032 0.666185492602
0.936612576065 0.66654637315
0.936644703497 0.666907253699
0.936676798379 0.667268134248
0.936708860759 0.667629014796
0.936740890688 0.667989895345
0.936772888214 0.668350775893
0.936804853387 0.668711656442
0.936331480546 0.668711656442
0.935858585859 0.668711656442
0.93589096416 0.66907253699
0.935923309788 0.669433417539
0.935955622794 0.669794298087
0.935483870968 0.669794298087
0.935516372796 0.670155178636
0.935548841893 0.670516059184
0.935581278309 0.670876939733
0.935613682093 0.671237820281
0.935143288084 0.671237820281
0.935175879397 0.67159870083
0.935208437971 0.671959581379
0.935240963855 0.672320461927
0.9352734571 0.672681342476
0.935305917753 0.673042223024
0.935338345865 0.673403103573
0.935370741483 0.673763984121
0.93490235353 0.673763984121
0.934934934935 0.67412486467
0.934967483742 0.674485745218
0.935 0.674846625767
0.935032483758 0.675207506315
0.934565434565 0.675207506315
0.934598102846 0.675568386864
0.934630738523 0.675929267412
0.934663341646 0.676290147961
0.934695912263 0.67665102851
0.934728450424 0.677011909058
0.934760956175 0.677372789607
0.934793429567 0.677733670155
0.934825870647 0.678094550704
0.934858279463 0.678455431252
0.934890656064 0.678816311801
0.934426229508 0.678816311801
0.934458788481 0.679177192349
0.934491315136 0.679538072898
0.934523809524 0.679898953446
0.934556271691 0.680259833995
0.934588701685 0.680620714543
0.934621099554 0.680981595092
0.934158415842 0.680981595092
0.934190994557 0.681342475641
0.934223541048 0.681703356189
0.934256055363 0.682064236738
0.934288537549 0.682425117286
0.934320987654 0.682785997835
0.934353405726 0.683146878383
0.934385791811 0.683507758932
0.934418145957 0.68386863948
0.934450468211 0.684229520029
0.934482758621 0.684590400577
0.934515017233 0.684951281126
0.934547244094 0.685312161674
0.934579439252 0.685673042223
0.934611602753 0.686033922772
0.934643734644 0.68639480332
0.934675834971 0.686755683869
0.93470790378 0.687116564417
0.934739941119 0.687477444966
0.934771947033 0.687838325514
0.934803921569 0.688199206063
0.934835864772 0.688560086611
0.93486777669 0.68892096716
0.934899657367 0.689281847708
0.934931506849 0.689642728257
0.934963325183 0.690003608805
0.934506353861 0.690003608805
0.934538348803 0.690364489354
0.9345703125 0.690725369903
0.934602244998 0.691086250451
0.934634146341 0.691447131
0.934666016577 0.691808011548
0.93469785575 0.692168892097
0.934729663906 0.692529772645
0.934761441091 0.692890653194
0.934793187348 0.693251533742
0.934824902724 0.693612414291
0.934856587263 0.693973294839
0.934888241011 0.694334175388
0.934919864012 0.694695055936
0.934466019417 0.694695055936
0.934497816594 0.695055936485
0.934529582929 0.695416817034
0.934561318468 0.695777697582
0.934593023256 0.696138578131
0.934624697337 0.696499458679
0.934656340755 0.696860339228
0.934687953556 0.697221219776
0.934235976789 0.697221219776
0.934267762204 0.697582100325
0.934299516908 0.697942980873
0.934331240946 0.698303861422
0.934362934363 0.69866474197
0.934394597202 0.699025622519
0.934426229508 0.699386503067
0.934457831325 0.699747383616
0.934489402697 0.700108264165
0.934520943669 0.700469144713
0.934552454283 0.700830025262
0.934583934584 0.70119090581
0.934615384615 0.701551786359
0.934646804421 0.701912666907
0.934678194044 0.702273547456
0.934709553529 0.702634428004
0.934740882917 0.702995308553
0.934772182254 0.703356189101
0.934803451582 0.70371706965
0.934834690944 0.704077950198
0.934865900383 0.704438830747
0.934897079943 0.704799711296
0.934928229665 0.705160591844
0.934959349593 0.705521472393
0.934990439771 0.705882352941
0.935021500239 0.70624323349
0.935052531041 0.706604114038
0.93508353222 0.706964994587
0.93463740458 0.706964994587
0.934668574154 0.707325875135
0.934699714013 0.707686755684
0.934730824202 0.708047636232
0.934761904762 0.708408516781
0.934792955735 0.708769397329
0.934823977165 0.709130277878
0.934854969092 0.709491158427
0.934410646388 0.709491158427
0.934441805226 0.709852038975
0.934472934473 0.710212919524
0.934504034172 0.710573800072
0.934535104364 0.710934680621
0.934566145092 0.711295561169
0.934597156398 0.711656441718
0.934628138323 0.712017322266
0.934659090909 0.712378202815
0.934216753431 0.712378202815
0.934247871334 0.712739083363
0.934278959811 0.713099963912
0.934310018904 0.71346084446
0.934341048654 0.713821725009
0.934372049103 0.714182605558
0.934403020293 0.714543486106
0.934433962264 0.714904366655
0.93399339934 0.714904366655
0.934024505184 0.715265247203
0.934055581724 0.715626127752
0.934086629002 0.7159870083
0.934117647059 0.716347888849
0.934148635936 0.716708769397
0.933709449929 0.716708769397
0.933270676692 0.716708769397
0.933302019728 0.717069649946
0.933333333333 0.717430530494
0.93336461755 0.717791411043
0.93339587242 0.718152291591
0.933427097984 0.71851317214
0.933458294283 0.718874052689
0.933489461358 0.719234933237
0.933520599251 0.719595813786
0.933551708002 0.719956694334
0.933582787652 0.720317574883
0.933613838242 0.720678455431
0.933644859813 0.72103933598
0.933208780943 0.72103933598
0.932773109244 0.72103933598
0.932804479701 0.721400216528
0.932369402985 0.721400216528
0.932400932401 0.721761097077
0.932432432432 0.722121977625
0.932463903121 0.722482858174
0.932495344507 0.722843738722
0.932526756631 0.723204619271
0.932558139535 0.72356549982
0.932589493259 0.723926380368
0.932620817844 0.724287260917
0.93265211333 0.724648141465
0.932219127205 0.724648141465
0.932250580046 0.725009022014
0.932282003711 0.725369902562
0.931849791377 0.725369902562
0.931417979611 0.725369902562
0.931449745252 0.725730783111
0.931481481481 0.726091663659
0.931513188339 0.726452544208
0.931544865865 0.726813424756
0.93111419325 0.726813424756
0.931146025878 0.727174305305
0.931177829099 0.727535185853
0.931209602955 0.727896066402
0.931241347485 0.728256946951
0.931273062731 0.728617827499
0.931304748732 0.728978708048
0.93133640553 0.729339588596
0.931368033164 0.729700469145
0.931399631676 0.730061349693
0.931431201104 0.730422230242
0.93100275989 0.730422230242
0.930574712644 0.730422230242
0.930606617647 0.73078311079
0.930638493339 0.731143991339
0.930670339761 0.731504871887
0.930702156953 0.731865752436
0.930733944954 0.732226632984
0.930765703806 0.732587513533
0.930797433547 0.732948394082
0.930829134219 0.73330927463
0.930860805861 0.733670155179
0.930892448513 0.734031035727
0.930924062214 0.734391916276
0.930955647005 0.734752796824
0.930987202925 0.735113677373
0.930561900411 0.735113677373
0.930593607306 0.735474557921
0.930625285258 0.73583543847
0.930656934307 0.736196319018
0.930688554492 0.736557199567
0.930720145852 0.736918080115
0.930751708428 0.737278960664
0.930783242259 0.737639841213
0.930814747383 0.738000721761
0.93084622384 0.73836160231
0.930877671669 0.738722482858
0.930454545455 0.738722482858
0.930031803726 0.738722482858
0.930063578565 0.739083363407
0.930095324557 0.739444243955
0.930127041742 0.739805124504
0.930158730159 0.740166005052
0.930190389846 0.740526885601
0.930222020843 0.740887766149
0.930253623188 0.741248646698
0.930285196922 0.741609527246
0.930316742081 0.741970407795
0.930348258706 0.742331288344
0.930379746835 0.742692168892
0.929959331225 0.742692168892
0.929990966576 0.743053049441
0.929571106095 0.743053049441
0.929151624549 0.743053049441
0.928732521425 0.743053049441
0.92876465284 0.743413929989
0.928346101848 0.743413929989
0.927927927928 0.743413929989
0.927960378208 0.743774810538
0.92799279928 0.744135691086
0.928025191183 0.744496571635
0.927607913669 0.744496571635
0.927640449438 0.744857452183
0.927672955975 0.745218332732
0.927256398743 0.745218332732
0.927289048474 0.74557921328
0.92732166891 0.745940093829
0.926905829596 0.745940093829
0.926938592559 0.746300974377
0.926523297491 0.746300974377
0.926556202418 0.746661854926
0.926589077887 0.747022735475
0.926174496644 0.747022735475
0.926207513417 0.747383616023
0.925793473402 0.747383616023
0.92582663092 0.747744496572
0.925413130862 0.747744496572
0.925446428571 0.74810537712
0.925479696564 0.748466257669
0.92506690455 0.748466257669
0.925100312082 0.748827138217
0.92513368984 0.749188018766
0.925167037862 0.749548899314
0.925200356189 0.749909779863
0.92523364486 0.750270660411
0.925266903915 0.75063154096
0.925300133393 0.750992421508
0.925333333333 0.751353302057
0.925366503776 0.751714182606
0.92539964476 0.752075063154
0.924988903684 0.752075063154
0.924578527063 0.752075063154
0.924611973392 0.752435943703
0.924645390071 0.752796824251
0.924678777138 0.7531577048
0.924712134632 0.753518585348
0.924302788845 0.753518585348
0.924336283186 0.753879465897
0.924369747899 0.754240346445
0.923961096375 0.754240346445
0.923994697304 0.754601226994
0.923586572438 0.754601226994
0.923620309051 0.754962107542
0.923654015887 0.755322988091
0.923687692986 0.755683868639
0.923721340388 0.756044749188
0.923314235346 0.756044749188
0.922907488987 0.756044749188
0.922941435491 0.756405629737
0.922975352113 0.756766510285
0.923009238891 0.757127390834
0.922603342128 0.757127390834
0.922637362637 0.757488271382
0.922671353251 0.757849151931
0.92270531401 0.758210032479
0.922300263389 0.758210032479
0.922334357174 0.758570913028
0.921929824561 0.758570913028
0.921964050855 0.758931793576
0.921560035057 0.758931793576
0.921156373193 0.758931793576
0.92119089317 0.759292674125
0.921225382932 0.759653554673
0.92125984252 0.760014435222
0.921294271972 0.76037531577
0.921328671329 0.760736196319
0.921363040629 0.761097076868
0.92096069869 0.761097076868
0.920558707988 0.761097076868
0.920593368237 0.761457957416
0.920627998256 0.761818837965
0.920662598082 0.762179718513
0.920261437908 0.762179718513
0.919860627178 0.762179718513
0.91989551589 0.762540599062
0.919930374238 0.76290147961
0.919965202262 0.763262360159
0.92 0.763623240707
0.920034767492 0.763984121256
0.919635099913 0.763984121256
0.919235779418 0.763984121256
0.919270833333 0.764345001804
0.919305856833 0.764705882353
0.919340849957 0.765066762901
0.918942349371 0.765066762901
0.918977469671 0.76542764345
0.918579471633 0.76542764345
0.918614718615 0.765788523999
0.918649935093 0.766149404547
0.918685121107 0.766510285096
0.918720276697 0.766871165644
0.918755401901 0.767232046193
0.91879049676 0.767592926741
0.918825561313 0.76795380729
0.918860595598 0.768314687838
0.918895599655 0.768675568387
0.918930573523 0.769036448935
0.918965517241 0.769397329484
0.918569582077 0.769397329484
0.918604651163 0.769758210032
0.918639690056 0.770119090581
0.918244406196 0.770119090581
0.918279569892 0.77047997113
0.918314703353 0.770840851678
0.917920068758 0.770840851678
0.917525773196 0.770840851678
0.91713181623 0.770840851678
0.916738197425 0.770840851678
0.916773916774 0.771201732227
0.916380789022 0.771201732227
0.916416630947 0.771562612775
0.916452442159 0.771923493324
0.916059957173 0.771923493324
0.916095890411 0.772284373872
0.915703893881 0.772284373872
0.915739948674 0.772645254421
0.915348439504 0.772645254421
0.914957264957 0.772645254421
0.914993592482 0.773006134969
0.914602903501 0.773006134969
0.914212548015 0.773006134969
0.914249146758 0.773367015518
0.914285714286 0.773727896066
0.914322250639 0.774088776615
0.914358755859 0.774449657163
0.914395229983 0.774810537712
0.914431673052 0.775171418261
0.914468085106 0.775532298809
0.91407911527 0.775532298809
0.914115646259 0.775893179358
0.914152146196 0.776254059906
0.914188615123 0.776614940455
0.913800424628 0.776614940455
0.913837011885 0.776975821003
0.913873568095 0.777336701552
0.913486005089 0.777336701552
0.913098770666 0.777336701552
0.91313559322 0.7776975821
0.912748835239 0.7776975821
0.912785774767 0.778058462649
0.912399492171 0.778058462649
0.912013536379 0.778058462649
0.911627906977 0.778058462649
0.911665257819 0.778419343197
0.911702577102 0.778780223746
0.911739864865 0.779141104294
0.911777121148 0.779501984843
0.911814345992 0.779862865392
0.911851539435 0.78022374594
0.911888701518 0.780584626489
0.91192583228 0.780945507037
0.911541701769 0.780945507037
0.911578947368 0.781306387586
0.911195286195 0.781306387586
0.910811947833 0.781306387586
0.910849453322 0.781667268134
0.910466582598 0.781667268134
0.910504201681 0.782028148683
0.910121797564 0.782028148683
0.909739714526 0.782028148683
0.909777591272 0.782389029231
0.909395973154 0.782389029231
0.909433962264 0.78274990978
0.909052808047 0.78274990978
0.908671973188 0.78274990978
0.908291457286 0.78274990978
0.908329845123 0.783110790328
0.907949790795 0.783110790328
0.907988289419 0.783471670877
0.907608695652 0.783471670877
0.907229419139 0.783471670877
0.907268170426 0.783832551425
0.907306889353 0.784193431974
0.90734557596 0.784554312523
0.906967042136 0.784554312523
0.907005838198 0.784915193071
0.907044601917 0.78527607362
0.907083333333 0.785636954168
0.906705539359 0.785636954168
0.906744379684 0.785997834717
0.906367041199 0.785997834717
0.906405990017 0.786358715265
0.906444906445 0.786719595814
0.906483790524 0.787080476362
0.906522642293 0.787441356911
0.906561461794 0.787802237459
0.906185139062 0.787802237459
0.90622406639 0.788163118008
0.905848195769 0.788163118008
0.905472636816 0.788163118008
0.905097389142 0.788163118008
0.905136702568 0.788523998556
0.904761904762 0.788523998556
0.904387417219 0.788523998556
0.90442697559 0.788884879105
0.904052936311 0.788884879105
0.904092600248 0.789245759654
0.903719008264 0.789245759654
0.903758777365 0.789606640202
0.903385631709 0.789606640202
0.903012794057 0.789606640202
0.902640264026 0.789606640202
0.902268041237 0.789606640202
0.902308326463 0.789967520751
0.901936547178 0.789967520751
0.90197693575 0.790328401299
0.901605599012 0.790328401299
0.901646090535 0.790689281848
0.901275195393 0.790689281848
0.901315789474 0.791050162396
0.901356350185 0.791411042945
0.901396877568 0.791771923493
0.901437371663 0.792132804042
0.901477832512 0.79249368459
0.901107919573 0.79249368459
0.90073831009 0.79249368459
0.90077900779 0.792854565139
0.900409836066 0.792854565139
0.900040966817 0.792854565139
0.900081900082 0.793215445687
0.899713467049 0.793215445687
0.899345335516 0.793215445687
0.899386503067 0.793576326236
0.899427636958 0.793937206785
0.899468737229 0.794298087333
0.899509803922 0.794658967882
0.899142507146 0.794658967882
0.899183673469 0.79501984843
0.899224806202 0.795380728979
0.898858075041 0.795380728979
0.898491642886 0.795380728979
0.898533007335 0.795741609527
0.89816700611 0.795741609527
0.897801302932 0.795741609527
0.897435897436 0.795741609527
0.89707078926 0.795741609527
0.897112647418 0.796102490076
0.897154471545 0.796463370624
0.896789922796 0.796463370624
0.896425670187 0.796463370624
0.89646772229 0.796824251173
0.896103896104 0.796824251173
0.896146044625 0.797185131721
0.896188158962 0.79754601227
0.896230239157 0.797906892818
0.895867098865 0.797906892818
0.89590927501 0.798267773367
0.895546558704 0.798267773367
0.895588830433 0.798628653916
0.895226537217 0.798628653916
0.894864537 0.798628653916
0.894907033145 0.798989534464
0.894545454545 0.798989534464
0.894184168013 0.798989534464
0.894226887364 0.799350415013
0.894269572236 0.799711295561
0.893908834207 0.799711295561
0.893548387097 0.799711295561
0.893188230552 0.799711295561
0.892828364222 0.799711295561
0.892468787757 0.799711295561
0.892109500805 0.799711295561
0.892152917505 0.80007217611
0.891794046661 0.80007217611
0.891435464415 0.80007217611
0.891077170418 0.80007217611
0.891120932101 0.800433056658
0.890763052209 0.800433056658
