1.0 0.000361141206212
1.0 0.000722282412423
1.0 0.00108342361863
1.0 0.00144456482485
1.0 0.00180570603106
1.0 0.00216684723727
1.0 0.00252798844348
1.0 0.00288912964969
1.0 0.0032502708559
1.0 0.00361141206212
1.0 0.00397255326833
1.0 0.00433369447454
1.0 0.00469483568075
1.0 0.00505597688696
1.0 0.00541711809317
1.0 0.00577825929939
1.0 0.0061394005056
1.0 0.00650054171181
1.0 0.00686168291802
1.0 0.00722282412423
1.0 0.00758396533044
1.0 0.00794510653666
1.0 0.00830624774287
1.0 0.00866738894908
1.0 0.00902853015529
1.0 0.0093896713615
1.0 0.00975081256771
1.0 0.0101119537739
1.0 0.0104730949801
1.0 0.0108342361863
1.0 0.0111953773926
1.0 0.0115565185988
1.0 0.011917659805
1.0 0.0122788010112
1.0 0.0126399422174
1.0 0.0130010834236
1.0 0.0133622246298
1.0 0.013723365836
1.0 0.0140845070423
1.0 0.0144456482485
1.0 0.0148067894547
1.0 0.0151679306609
0.976744186047 0.0151679306609
0.977272727273 0.0155290718671
0.977777777778 0.0158902130733
0.978260869565 0.0162513542795
0.978723404255 0.0166124954857
0.979166666667 0.0169736366919
0.979591836735 0.0173347778982
0.98 0.0176959191044
0.960784313725 0.0176959191044
0.961538461538 0.0180570603106
0.962264150943 0.0184182015168
0.962962962963 0.018779342723
0.963636363636 0.0191404839292
0.964285714286 0.0195016251354
0.964912280702 0.0198627663416
0.965517241379 0.0202239075479
0.966101694915 0.0205850487541
0.966666666667 0.0209461899603
0.967213114754 0.0213073311665
0.967741935484 0.0216684723727
0.968253968254 0.0220296135789
0.96875 0.0223907547851
0.969230769231 0.0227518959913
0.969696969697 0.0231130371975
0.970149253731 0.0234741784038
0.970588235294 0.02383531961
0.971014492754 0.0241964608162
0.971428571429 0.0245576020224
0.971830985915 0.0249187432286
0.972222222222 0.0252798844348
0.972602739726 0.025641025641
0.972972972973 0.0260021668472
0.973333333333 0.0263633080534
0.973684210526 0.0267244492597
0.974025974026 0.0270855904659
0.974358974359 0.0274467316721
0.974683544304 0.0278078728783
0.975 0.0281690140845
0.975308641975 0.0285301552907
0.975609756098 0.0288912964969
0.975903614458 0.0292524377031
0.97619047619 0.0296135789094
0.976470588235 0.0299747201156
0.976744186047 0.0303358613218
0.977011494253 0.030697002528
0.977272727273 0.0310581437342
0.966292134831 0.0310581437342
0.966666666667 0.0314192849404
0.967032967033 0.0317804261466
0.967391304348 0.0321415673528
0.967741935484 0.032502708559
0.968085106383 0.0328638497653
0.968421052632 0.0332249909715
0.96875 0.0335861321777
0.969072164948 0.0339472733839
0.969387755102 0.0343084145901
0.969696969697 0.0346695557963
0.97 0.0350306970025
0.970297029703 0.0353918382087
0.970588235294 0.035752979415
0.970873786408 0.0361141206212
0.971153846154 0.0364752618274
0.971428571429 0.0368364030336
0.971698113208 0.0371975442398
0.971962616822 0.037558685446
0.972222222222 0.0379198266522
0.97247706422 0.0382809678584
0.972727272727 0.0386421090646
0.972972972973 0.0390032502709
0.973214285714 0.0393643914771
0.973451327434 0.0397255326833
0.973684210526 0.0400866738895
0.973913043478 0.0404478150957
0.974137931034 0.0408089563019
0.974358974359 0.0411700975081
0.974576271186 0.0415312387143
0.974789915966 0.0418923799205
0.975 0.0422535211268
0.97520661157 0.042614662333
0.975409836066 0.0429758035392
0.975609756098 0.0433369447454
0.975806451613 0.0436980859516
0.976 0.0440592271578
0.97619047619 0.044420368364
0.976377952756 0.0447815095702
0.9765625 0.0451426507765
0.976744186047 0.0455037919827
0.976923076923 0.0458649331889
0.977099236641 0.0462260743951
0.977272727273 0.0465872156013
0.977443609023 0.0469483568075
0.977611940299 0.0473094980137
0.977777777778 0.0476706392199
0.977941176471 0.0480317804261
0.978102189781 0.0483929216324
0.978260869565 0.0487540628386
0.978417266187 0.0491152040448
0.978571428571 0.049476345251
0.978723404255 0.0498374864572
0.978873239437 0.0501986276634
0.979020979021 0.0505597688696
0.979166666667 0.0509209100758
0.979310344828 0.0512820512821
0.979452054795 0.0516431924883
0.972789115646 0.0516431924883
0.966216216216 0.0516431924883
0.96644295302 0.0520043336945
0.966666666667 0.0523654749007
0.966887417219 0.0527266161069
0.967105263158 0.0530877573131
0.967320261438 0.0534488985193
0.967532467532 0.0538100397255
0.967741935484 0.0541711809317
0.967948717949 0.054532322138
0.968152866242 0.0548934633442
0.96835443038 0.0552546045504
0.968553459119 0.0556157457566
0.96875 0.0559768869628
0.968944099379 0.056338028169
0.969135802469 0.0566991693752
0.969325153374 0.0570603105814
0.969512195122 0.0574214517876
0.969696969697 0.0577825929939
0.969879518072 0.0581437342001
0.97005988024 0.0585048754063
0.970238095238 0.0588660166125
0.970414201183 0.0592271578187
0.970588235294 0.0595882990249
0.970760233918 0.0599494402311
0.970930232558 0.0603105814373
0.971098265896 0.0606717226436
0.971264367816 0.0610328638498
0.971428571429 0.061394005056
0.971590909091 0.0617551462622
0.971751412429 0.0621162874684
0.97191011236 0.0624774286746
0.972067039106 0.0628385698808
0.972222222222 0.063199711087
0.972375690608 0.0635608522932
0.972527472527 0.0639219934995
0.972677595628 0.0642831347057
0.972826086957 0.0646442759119
0.972972972973 0.0650054171181
0.97311827957 0.0653665583243
0.973262032086 0.0657276995305
0.973404255319 0.0660888407367
0.973544973545 0.0664499819429
0.973684210526 0.0668111231492
0.973821989529 0.0671722643554
0.973958333333 0.0675334055616
0.974093264249 0.0678945467678
0.974226804124 0.068255687974
0.974358974359 0.0686168291802
0.974489795918 0.0689779703864
0.97461928934 0.0693391115926
0.974747474747 0.0697002527988
0.974874371859 0.0700613940051
0.975 0.0704225352113
0.975124378109 0.0707836764175
0.975247524752 0.0711448176237
0.975369458128 0.0715059588299
0.975490196078 0.0718671000361
0.975609756098 0.0722282412423
0.97572815534 0.0725893824485
0.975845410628 0.0729505236547
0.975961538462 0.073311664861
0.976076555024 0.0736728060672
0.97619047619 0.0740339472734
0.976303317536 0.0743950884796
0.97641509434 0.0747562296858
0.971830985915 0.0747562296858
0.971962616822 0.075117370892
0.972093023256 0.0754785120982
0.972222222222 0.0758396533044
0.972350230415 0.0762007945107
0.97247706422 0.0765619357169
0.972602739726 0.0769230769231
0.972727272727 0.0772842181293
0.972850678733 0.0776453593355
0.972972972973 0.0780065005417
0.973094170404 0.0783676417479
0.96875 0.0783676417479
0.968888888889 0.0787287829541
0.969026548673 0.0790899241603
0.969162995595 0.0794510653666
0.969298245614 0.0798122065728
0.96943231441 0.080173347779
0.969565217391 0.0805344889852
0.969696969697 0.0808956301914
0.969827586207 0.0812567713976
0.969957081545 0.0816179126038
0.970085470085 0.08197905381
0.970212765957 0.0823401950163
0.970338983051 0.0827013362225
0.970464135021 0.0830624774287
0.970588235294 0.0834236186349
0.966527196653 0.0834236186349
0.966666666667 0.0837847598411
0.966804979253 0.0841459010473
0.96694214876 0.0845070422535
0.9670781893 0.0848681834597
0.967213114754 0.0852293246659
0.967346938776 0.0855904658722
0.967479674797 0.0859516070784
0.967611336032 0.0863127482846
0.967741935484 0.0866738894908
0.967871485944 0.087035030697
0.968 0.0873961719032
0.96812749004 0.0877573131094
0.968253968254 0.0881184543156
0.96837944664 0.0884795955218
0.968503937008 0.0888407367281
0.96862745098 0.0892018779343
0.96875 0.0895630191405
0.968871595331 0.0899241603467
0.968992248062 0.0902853015529
0.969111969112 0.0906464427591
0.969230769231 0.0910075839653
0.969348659004 0.0913687251715
0.969465648855 0.0917298663778
0.969581749049 0.092091007584
0.969696969697 0.0924521487902
0.969811320755 0.0928132899964
0.96992481203 0.0931744312026
0.970037453184 0.0935355724088
0.970149253731 0.093896713615
0.970260223048 0.0942578548212
0.97037037037 0.0946189960274
0.970479704797 0.0949801372337
0.970588235294 0.0953412784399
0.970695970696 0.0957024196461
0.970802919708 0.0960635608523
0.970909090909 0.0964247020585
0.971014492754 0.0967858432647
0.971119133574 0.0971469844709
0.971223021583 0.0975081256771
0.971326164875 0.0978692668834
0.971428571429 0.0982304080896
0.97153024911 0.0985915492958
0.971631205674 0.098952690502
0.971731448763 0.0993138317082
0.971830985915 0.0996749729144
0.971929824561 0.100036114121
0.972027972028 0.100397255327
0.97212543554 0.100758396533
0.972222222222 0.101119537739
0.9723183391 0.101480678945
0.972413793103 0.101841820152
0.972508591065 0.102202961358
0.972602739726 0.102564102564
0.972696245734 0.10292524377
0.972789115646 0.103286384977
0.972881355932 0.103647526183
0.972972972973 0.104008667389
0.973063973064 0.104369808595
0.973154362416 0.104730949801
0.973244147157 0.105092091008
0.973333333333 0.105453232214
0.97342192691 0.10581437342
0.973509933775 0.106175514626
0.973597359736 0.106536655832
0.973684210526 0.106897797039
0.973770491803 0.107258938245
0.97385620915 0.107620079451
0.973941368078 0.107981220657
0.974025974026 0.108342361863
0.974110032362 0.10870350307
0.974193548387 0.109064644276
0.974276527331 0.109425785482
0.974358974359 0.109786926688
0.974440894569 0.110148067895
0.974522292994 0.110509209101
0.974603174603 0.110870350307
0.974683544304 0.111231491513
0.97476340694 0.111592632719
0.974842767296 0.111953773926
0.974921630094 0.112314915132
0.975 0.112676056338
0.97507788162 0.113037197544
0.975155279503 0.11339833875
0.975232198142 0.113759479957
0.975308641975 0.114120621163
0.975384615385 0.114481762369
0.975460122699 0.114842903575
0.97247706422 0.114842903575
0.97256097561 0.115204044782
0.9726443769 0.115565185988
0.972727272727 0.115926327194
0.972809667674 0.1162874684
0.972891566265 0.116648609606
0.972972972973 0.117009750813
0.973053892216 0.117370892019
0.973134328358 0.117732033225
0.973214285714 0.118093174431
0.973293768546 0.118454315637
0.973372781065 0.118815456844
0.973451327434 0.11917659805
0.973529411765 0.119537739256
0.973607038123 0.119898880462
0.973684210526 0.120260021668
0.973760932945 0.120621162875
0.973837209302 0.120982304081
0.973913043478 0.121343445287
0.973988439306 0.121704586493
0.974063400576 0.1220657277
0.974137931034 0.122426868906
0.974212034384 0.122788010112
0.974285714286 0.123149151318
0.974358974359 0.123510292524
0.974431818182 0.123871433731
0.974504249292 0.124232574937
0.974576271186 0.124593716143
0.974647887324 0.124954857349
0.974719101124 0.125315998555
0.974789915966 0.125677139762
0.974860335196 0.126038280968
0.974930362117 0.126399422174
0.975 0.12676056338
0.975069252078 0.127121704586
0.975138121547 0.127482845793
0.97520661157 0.127843986999
0.972527472527 0.127843986999
0.972602739726 0.128205128205
0.972677595628 0.128566269411
0.972752043597 0.128927410618
0.970108695652 0.128927410618
0.970189701897 0.129288551824
0.97027027027 0.12964969303
0.970350404313 0.130010834236
0.970430107527 0.130371975442
0.970509383378 0.130733116649
0.970588235294 0.131094257855
0.970666666667 0.131455399061
0.970744680851 0.131816540267
0.970822281167 0.132177681473
0.970899470899 0.13253882268
0.970976253298 0.132899963886
0.971052631579 0.133261105092
0.971128608924 0.133622246298
0.971204188482 0.133983387505
0.971279373368 0.134344528711
0.971354166667 0.134705669917
0.971428571429 0.135066811123
0.971502590674 0.135427952329
0.97157622739 0.135789093536
0.971649484536 0.136150234742
0.971722365039 0.136511375948
0.971794871795 0.136872517154
0.971867007673 0.13723365836
0.97193877551 0.137594799567
0.972010178117 0.137955940773
0.972081218274 0.138317081979
0.972151898734 0.138678223185
0.972222222222 0.139039364391
0.972292191436 0.139400505598
0.972361809045 0.139761646804
0.972431077694 0.14012278801
0.9725 0.140483929216
0.972568578554 0.140845070423
0.97263681592 0.141206211629
0.97270471464 0.141567352835
0.972772277228 0.141928494041
0.972839506173 0.142289635247
0.972906403941 0.142650776454
0.972972972973 0.14301191766
0.973039215686 0.143373058866
0.973105134474 0.143734200072
0.973170731707 0.144095341278
0.973236009732 0.144456482485
0.973300970874 0.144817623691
0.973365617433 0.145178764897
0.973429951691 0.145539906103
0.973493975904 0.145901047309
0.973557692308 0.146262188516
0.973621103118 0.146623329722
0.973684210526 0.146984470928
0.973747016706 0.147345612134
0.97380952381 0.147706753341
0.973871733967 0.148067894547
0.973933649289 0.148429035753
0.973995271868 0.148790176959
0.971698113208 0.148790176959
0.971764705882 0.149151318165
0.971830985915 0.149512459372
0.971896955504 0.149873600578
0.971962616822 0.150234741784
0.972027972028 0.15059588299
0.972093023256 0.150957024196
0.972157772622 0.151318165403
0.972222222222 0.151679306609
0.972286374134 0.152040447815
0.972350230415 0.152401589021
0.972413793103 0.152762730228
0.97247706422 0.153123871434
0.972540045767 0.15348501264
0.972602739726 0.153846153846
0.972665148064 0.154207295052
0.972727272727 0.154568436259
0.972789115646 0.154929577465
0.972850678733 0.155290718671
0.972911963883 0.155651859877
0.972972972973 0.156013001083
0.973033707865 0.15637414229
0.973094170404 0.156735283496
0.973154362416 0.157096424702
0.973214285714 0.157457565908
0.973273942094 0.157818707114
0.973333333333 0.158179848321
0.973392461197 0.158540989527
0.973451327434 0.158902130733
0.971302428256 0.158902130733
0.971365638767 0.159263271939
0.971428571429 0.159624413146
0.97149122807 0.159985554352
0.971553610503 0.160346695558
0.971615720524 0.160707836764
0.971677559913 0.16106897797
0.971739130435 0.161430119177
0.971800433839 0.161791260383
0.971861471861 0.162152401589
0.97192224622 0.162513542795
0.971982758621 0.162874684001
0.972043010753 0.163235825208
0.972103004292 0.163596966414
0.972162740899 0.16395810762
0.972222222222 0.164319248826
0.972281449893 0.164680390033
0.972340425532 0.165041531239
0.970276008493 0.165041531239
0.970338983051 0.165402672445
0.970401691332 0.165763813651
0.970464135021 0.166124954857
0.970526315789 0.166486096064
0.970588235294 0.16684723727
0.970649895178 0.167208378476
0.970711297071 0.167569519682
0.970772442589 0.167930660888
0.970833333333 0.168291802095
0.968814968815 0.168291802095
0.96887966805 0.168652943301
0.968944099379 0.169014084507
0.969008264463 0.169375225713
0.969072164948 0.169736366919
0.969135802469 0.170097508126
0.969199178645 0.170458649332
0.969262295082 0.170819790538
0.969325153374 0.171180931744
0.969387755102 0.171542072951
0.969450101833 0.171903214157
0.969512195122 0.172264355363
0.969574036511 0.172625496569
0.96963562753 0.172986637775
0.969696969697 0.173347778982
0.969758064516 0.173708920188
0.969818913481 0.174070061394
0.969879518072 0.1744312026
0.96993987976 0.174792343806
0.97 0.175153485013
0.97005988024 0.175514626219
0.970119521912 0.175875767425
0.970178926441 0.176236908631
0.970238095238 0.176598049837
0.970297029703 0.176959191044
0.970355731225 0.17732033225
0.970414201183 0.177681473456
0.970472440945 0.178042614662
0.970530451866 0.178403755869
0.970588235294 0.178764897075
0.970645792564 0.179126038281
0.970703125 0.179487179487
0.970760233918 0.179848320693
0.970817120623 0.1802094619
0.970873786408 0.180570603106
0.970930232558 0.180931744312
0.970986460348 0.181292885518
0.971042471042 0.181654026724
0.971098265896 0.182015167931
0.971153846154 0.182376309137
0.971209213052 0.182737450343
0.971264367816 0.183098591549
0.971319311663 0.183459732756
0.971374045802 0.183820873962
0.969523809524 0.183820873962
0.969581749049 0.184182015168
0.969639468691 0.184543156374
0.969696969697 0.18490429758
0.969754253308 0.185265438787
0.969811320755 0.185626579993
0.969868173258 0.185987721199
0.96992481203 0.186348862405
0.969981238274 0.186710003611
0.970037453184 0.187071144818
0.970093457944 0.187432286024
0.970149253731 0.18779342723
0.970204841713 0.188154568436
0.970260223048 0.188515709642
0.970315398887 0.188876850849
0.97037037037 0.189237992055
0.970425138632 0.189599133261
0.970479704797 0.189960274467
0.970534069982 0.190321415674
0.970588235294 0.19068255688
0.970642201835 0.191043698086
0.970695970696 0.191404839292
0.970749542962 0.191765980498
0.970802919708 0.192127121705
0.970856102004 0.192488262911
0.970909090909 0.192849404117
0.970961887477 0.193210545323
0.971014492754 0.193571686529
0.971066907776 0.193932827736
0.971119133574 0.194293968942
0.971171171171 0.194655110148
0.971223021583 0.195016251354
0.971274685817 0.19537739256
0.971326164875 0.195738533767
0.969588550984 0.195738533767
0.969642857143 0.196099674973
0.969696969697 0.196460816179
0.96975088968 0.196821957385
0.969804618117 0.197183098592
0.969858156028 0.197544239798
0.96814159292 0.197544239798
0.968197879859 0.197905381004
0.968253968254 0.19826652221
0.968309859155 0.198627663416
0.968365553603 0.198988804623
0.968421052632 0.199349945829
0.968476357268 0.199711087035
0.968531468531 0.200072228241
0.968586387435 0.200433369447
0.968641114983 0.200794510654
0.968695652174 0.20115565186
0.96875 0.201516793066
0.968804159445 0.201877934272
0.968858131488 0.202239075479
0.968911917098 0.202600216685
0.968965517241 0.202961357891
0.969018932874 0.203322499097
0.969072164948 0.203683640303
0.969125214408 0.20404478151
0.969178082192 0.204405922716
0.969230769231 0.204767063922
0.969283276451 0.205128205128
0.96933560477 0.205489346334
0.969387755102 0.205850487541
0.969439728353 0.206211628747
0.969491525424 0.206572769953
0.969543147208 0.206933911159
0.969594594595 0.207295052365
0.969645868465 0.207656193572
0.969696969697 0.208017334778
0.96974789916 0.208378475984
0.969798657718 0.20873961719
0.969849246231 0.209100758397
0.969899665552 0.209461899603
0.968280467446 0.209461899603
0.968333333333 0.209823040809
0.968386023295 0.210184182015
0.968438538206 0.210545323221
0.968490878939 0.210906464428
0.968543046358 0.211267605634
0.968595041322 0.21162874684
0.968646864686 0.211989888046
0.968698517298 0.212351029252
0.96875 0.212712170459
0.968801313629 0.213073311665
0.968852459016 0.213434452871
0.968903436989 0.213795594077
0.968954248366 0.214156735283
0.969004893964 0.21451787649
0.969055374593 0.214879017696
0.969105691057 0.215240158902
0.969155844156 0.215601300108
0.969205834684 0.215962441315
0.96925566343 0.216323582521
0.969305331179 0.216684723727
0.96935483871 0.217045864933
0.969404186795 0.217407006139
0.969453376206 0.217768147346
0.969502407705 0.218129288552
0.969551282051 0.218490429758
0.9696 0.218851570964
0.9696485623 0.21921271217
0.969696969697 0.219573853377
0.96974522293 0.219934994583
0.969793322734 0.220296135789
0.969841269841 0.220657276995
0.969889064976 0.221018418202
0.969936708861 0.221379559408
0.969984202212 0.221740700614
0.970031545741 0.22210184182
0.970078740157 0.222462983026
0.970125786164 0.222824124233
0.970172684458 0.223185265439
0.970219435737 0.223546406645
0.970266040689 0.223907547851
0.96875 0.223907547851
0.96879875195 0.224268689057
0.968847352025 0.224629830264
0.968895800933 0.22499097147
0.968944099379 0.225352112676
0.968992248062 0.225713253882
0.969040247678 0.226074395088
0.967542503864 0.226074395088
0.966049382716 0.226074395088
0.964560862866 0.226074395088
0.964615384615 0.226435536295
0.964669738863 0.226796677501
0.96472392638 0.227157818707
0.964777947933 0.227518959913
0.964831804281 0.22788010112
0.964885496183 0.228241242326
0.96493902439 0.228602383532
0.96499238965 0.228963524738
0.965045592705 0.229324665944
0.965098634294 0.229685807151
0.965151515152 0.230046948357
0.965204236006 0.230408089563
0.965256797583 0.230769230769
0.965309200603 0.231130371975
0.965361445783 0.231491513182
0.965413533835 0.231852654388
0.965465465465 0.232213795594
0.965517241379 0.2325749368
0.964071856287 0.2325749368
0.962630792227 0.2325749368
0.962686567164 0.232936078007
0.962742175857 0.233297219213
0.962797619048 0.233658360419
0.962852897474 0.234019501625
0.962908011869 0.234380642831
0.962962962963 0.234741784038
0.963017751479 0.235102925244
0.963072378139 0.23546406645
0.961651917404 0.23546406645
0.961708394698 0.235825207656
0.961764705882 0.236186348862
0.961820851689 0.236547490069
0.961876832845 0.236908631275
0.961932650073 0.237269772481
0.961988304094 0.237630913687
0.96204379562 0.237992054893
0.962099125364 0.2383531961
0.962154294032 0.238714337306
0.962209302326 0.239075478512
0.962264150943 0.239436619718
0.96231884058 0.239797760925
0.962373371925 0.240158902131
0.962427745665 0.240520043337
0.962481962482 0.240881184543
0.962536023055 0.241242325749
0.961151079137 0.241242325749
0.961206896552 0.241603466956
0.961262553802 0.241964608162
0.961318051576 0.242325749368
0.961373390558 0.242686890574
0.961428571429 0.24304803178
0.961483594864 0.243409172987
0.961538461538 0.243770314193
0.961593172119 0.244131455399
0.961647727273 0.244492596605
0.96170212766 0.244853737811
0.961756373938 0.245214879018
0.961810466761 0.245576020224
0.96186440678 0.24593716143
0.96191819464 0.246298302636
0.961971830986 0.246659443843
0.962025316456 0.247020585049
0.962078651685 0.247381726255
0.962131837307 0.247742867461
0.96218487395 0.248104008667
0.960839160839 0.248104008667
0.960893854749 0.248465149874
0.960948396095 0.24882629108
0.961002785515 0.249187432286
0.961057023644 0.249548573492
0.961111111111 0.249909714698
0.961165048544 0.250270855905
0.961218836565 0.250631997111
0.961272475795 0.250993138317
0.961325966851 0.251354279523
0.961379310345 0.25171542073
0.961432506887 0.252076561936
0.961485557084 0.252437703142
0.961538461538 0.252798844348
0.96159122085 0.253159985554
0.961643835616 0.253521126761
0.96169630643 0.253882267967
0.96174863388 0.254243409173
0.961800818554 0.254604550379
0.961852861035 0.254965691585
0.961904761905 0.255326832792
0.961956521739 0.255687973998
0.962008141113 0.256049115204
0.962059620596 0.25641025641
0.962110960758 0.256771397616
0.962162162162 0.257132538823
0.962213225371 0.257493680029
0.962264150943 0.257854821235
0.962314939435 0.258215962441
0.962365591398 0.258577103648
0.962416107383 0.258938244854
0.962466487936 0.25929938606
0.962516733601 0.259660527266
0.96256684492 0.260021668472
0.96261682243 0.260382809679
0.962666666667 0.260743950885
0.962716378162 0.261105092091
0.962765957447 0.261466233297
0.962815405046 0.261827374503
0.962864721485 0.26218851571
0.962913907285 0.262549656916
0.962962962963 0.262910798122
0.963011889036 0.263271939328
0.963060686016 0.263633080534
0.963109354414 0.263994221741
0.963157894737 0.264355362947
0.96320630749 0.264716504153
0.963254593176 0.265077645359
0.963302752294 0.265438786566
0.96335078534 0.265799927772
0.96339869281 0.266161068978
0.963446475196 0.266522210184
0.963494132986 0.26688335139
0.963541666667 0.267244492597
0.963589076723 0.267605633803
0.963636363636 0.267966775009
0.963683527886 0.268327916215
0.963730569948 0.268689057421
0.963777490298 0.269050198628
0.963824289406 0.269411339834
0.963870967742 0.26977248104
0.963917525773 0.270133622246
0.963963963964 0.270494763453
0.964010282776 0.270855904659
0.96405648267 0.271217045865
0.964102564103 0.271578187071
0.964148527529 0.271939328277
0.964194373402 0.272300469484
0.964240102171 0.27266161069
0.964285714286 0.273022751896
0.964331210191 0.273383893102
0.964376590331 0.273745034308
0.964421855146 0.274106175515
0.964467005076 0.274467316721
0.964512040558 0.274828457927
0.964556962025 0.275189599133
0.964601769912 0.275550740339
0.964646464646 0.275911881546
0.964691046658 0.276273022752
0.964735516373 0.276634163958
0.963522012579 0.276634163958
0.962311557789 0.276634163958
0.961104140527 0.276634163958
0.961152882206 0.276995305164
0.961201501877 0.277356446371
0.96125 0.277717587577
0.961298377029 0.278078728783
0.961346633416 0.278439869989
0.961394769614 0.278801011195
0.960199004975 0.278801011195
0.960248447205 0.279162152402
0.960297766749 0.279523293608
0.960346964064 0.279884434814
0.960396039604 0.28024557602
0.96044499382 0.280606717226
0.96049382716 0.280967858433
0.960542540074 0.281328999639
0.960591133005 0.281690140845
0.960639606396 0.282051282051
0.960687960688 0.282412423257
0.959509202454 0.282412423257
0.959558823529 0.282773564464
0.959608323133 0.28313470567
0.959657701711 0.283495846876
0.959706959707 0.283856988082
0.959756097561 0.284218129289
0.959805115713 0.284579270495
0.959854014599 0.284940411701
0.959902794654 0.285301552907
0.959951456311 0.285662694113
0.96 0.28602383532
0.96004842615 0.286384976526
0.960096735187 0.286746117732
0.960144927536 0.287107258938
0.960193003619 0.287468400144
0.960240963855 0.287829541351
0.960288808664 0.288190682557
0.960336538462 0.288551823763
0.960384153661 0.288912964969
0.959232613909 0.288912964969
0.959281437126 0.289274106176
0.959330143541 0.289635247382
0.959378733572 0.289996388588
0.959427207637 0.290357529794
0.95947556615 0.290718671
0.959523809524 0.291079812207
0.959571938169 0.291440953413
0.959619952494 0.291802094619
0.959667852906 0.292163235825
0.95971563981 0.292524377031
0.959763313609 0.292885518238
0.959810874704 0.293246659444
0.95867768595 0.293246659444
0.958726415094 0.29360780065
0.958775029446 0.293968941856
0.958823529412 0.294330083062
0.958871915394 0.294691224269
0.958920187793 0.295052365475
0.958968347011 0.295413506681
0.959016393443 0.295774647887
0.959064327485 0.296135789094
0.959112149533 0.2964969303
0.959159859977 0.296858071506
0.959207459207 0.297219212712
0.959254947614 0.297580353918
0.959302325581 0.297941495125
0.959349593496 0.298302636331
0.95939675174 0.298663777537
0.959443800695 0.299024918743
0.959490740741 0.299386059949
0.959537572254 0.299747201156
0.959584295612 0.300108342362
0.959630911188 0.300469483568
0.959677419355 0.300830624774
0.959723820483 0.30119176598
0.959770114943 0.301552907187
0.9598163031 0.301914048393
0.959862385321 0.302275189599
0.95990836197 0.302636330805
0.95995423341 0.302997472012
0.96 0.303358613218
0.9600456621 0.303719754424
0.960091220068 0.30408089563
0.96013667426 0.304442036836
0.960182025028 0.304803178043
0.960227272727 0.305164319249
0.960272417707 0.305525460455
0.960317460317 0.305886601661
0.960362400906 0.306247742867
0.960407239819 0.306608884074
0.960451977401 0.30697002528
0.959367945824 0.30697002528
0.959413754228 0.307331166486
0.959459459459 0.307692307692
0.959505061867 0.308053448899
0.959550561798 0.308414590105
0.959595959596 0.308775731311
0.959641255605 0.309136872517
0.959686450168 0.309498013723
0.959731543624 0.30985915493
0.959776536313 0.310220296136
0.959821428571 0.310581437342
0.959866220736 0.310942578548
0.95991091314 0.311303719754
0.959955506118 0.311664860961
0.96 0.312026002167
0.960044395117 0.312387143373
0.960088691796 0.312748284579
0.960132890365 0.313109425785
0.96017699115 0.313470566992
0.960220994475 0.313831708198
0.960264900662 0.314192849404
0.960308710033 0.31455399061
0.960352422907 0.314915131817
0.960396039604 0.315276273023
0.96043956044 0.315637414229
0.96048298573 0.315998555435
0.960526315789 0.316359696641
0.960569550931 0.316720837848
0.960612691466 0.317081979054
0.960655737705 0.31744312026
0.960698689956 0.317804261466
0.960741548528 0.318165402672
0.960784313725 0.318526543879
0.959738846572 0.318526543879
0.958695652174 0.318526543879
0.958740499457 0.318887685085
0.958785249458 0.319248826291
0.958829902492 0.319609967497
0.958874458874 0.319971108704
0.958918918919 0.32033224991
0.958963282937 0.320693391116
0.959007551241 0.321054532322
0.959051724138 0.321415673528
0.959095801938 0.321776814735
0.959139784946 0.322137955941
0.959183673469 0.322499097147
0.959227467811 0.322860238353
0.959271168274 0.323221379559
0.959314775161 0.323582520766
0.95935828877 0.323943661972
0.959401709402 0.324304803178
0.959445037353 0.324665944384
0.959488272921 0.32502708559
0.9595314164 0.325388226797
0.959574468085 0.325749368003
0.959617428268 0.326110509209
0.95966029724 0.326471650415
0.959703075292 0.326832791622
0.959745762712 0.327193932828
0.959788359788 0.327555074034
0.959830866808 0.32791621524
0.959873284055 0.328277356446
0.959915611814 0.328638497653
0.959957850369 0.328999638859
0.96 0.329360780065
0.960042060988 0.329721921271
0.960084033613 0.330083062477
0.960125918153 0.330444203684
0.960167714885 0.33080534489
0.960209424084 0.331166486096
0.960251046025 0.331527627302
0.960292580982 0.331888768508
0.960334029228 0.332249909715
0.960375391032 0.332611050921
0.960416666667 0.332972192127
0.9604578564 0.333333333333
0.960498960499 0.33369447454
0.960539979232 0.334055615746
0.960580912863 0.334416756952
0.960621761658 0.334777898158
0.96066252588 0.335139039364
0.960703205791 0.335500180571
0.960743801653 0.335861321777
0.960784313725 0.336222462983
0.960824742268 0.336583604189
0.960865087539 0.336944745395
0.960905349794 0.337305886602
0.960945529291 0.337667027808
0.960985626283 0.338028169014
0.961025641026 0.33838931022
0.96106557377 0.338750451427
0.96110542477 0.339111592633
0.961145194274 0.339472733839
0.961184882533 0.339833875045
0.961224489796 0.340195016251
0.96126401631 0.340556157458
0.961303462322 0.340917298664
0.961342828077 0.34127843987
0.961382113821 0.341639581076
0.961421319797 0.342000722282
0.961460446247 0.342361863489
0.961499493414 0.342723004695
0.961538461538 0.343084145901
0.961577350859 0.343445287107
0.960606060606 0.343445287107
0.960645812311 0.343806428313
0.960685483871 0.34416756952
0.960725075529 0.344528710726
0.960764587525 0.344889851932
0.960804020101 0.345250993138
0.960843373494 0.345612134345
0.960882647944 0.345973275551
0.960921843687 0.346334416757
0.960960960961 0.346695557963
0.961 0.347056699169
0.961038961039 0.347417840376
0.961077844311 0.347778981582
0.960119641077 0.347778981582
0.96015936255 0.348140122788
0.960199004975 0.348501263994
0.960238568588 0.3488624052
0.960278053625 0.349223546407
0.960317460317 0.349584687613
0.9603567889 0.349945828819
0.960396039604 0.350306970025
0.960435212661 0.350668111231
0.9604743083 0.351029252438
0.960513326752 0.351390393644
0.960552268245 0.35175153485
0.960591133005 0.352112676056
0.96062992126 0.352473817263
0.960668633235 0.352834958469
0.959724950884 0.352834958469
0.959764474975 0.353196099675
0.959803921569 0.353557240881
0.959843290891 0.353918382087
0.95988258317 0.354279523294
0.959921798631 0.3546406645
0.9599609375 0.355001805706
0.96 0.355362946912
0.960038986355 0.355724088118
0.959104186952 0.355724088118
0.959143968872 0.356085229325
0.959183673469 0.356446370531
0.959223300971 0.356807511737
0.9592628516 0.357168652943
0.959302325581 0.35752979415
0.959341723136 0.357890935356
0.959381044487 0.358252076562
0.959420289855 0.358613217768
0.959459459459 0.358974358974
0.95949855352 0.359335500181
0.959537572254 0.359696641387
0.959576515881 0.360057782593
0.959615384615 0.360418923799
0.959654178674 0.360780065005
0.959692898273 0.361141206212
0.958772770853 0.361141206212
0.95785440613 0.361141206212
0.957894736842 0.361502347418
0.95793499044 0.361863488624
0.957975167144 0.36222462983
0.958015267176 0.362585771036
0.958055290753 0.362946912243
0.958095238095 0.363308053449
0.95813510942 0.363669194655
0.958174904943 0.364030335861
0.958214624881 0.364391477068
0.95825426945 0.364752618274
0.958293838863 0.36511375948
0.958333333333 0.365474900686
0.958372753075 0.365836041892
0.958412098299 0.366197183099
0.958451369216 0.366558324305
0.957547169811 0.366558324305
0.957587181904 0.366919465511
0.957627118644 0.367280606717
0.957666980245 0.367641747923
0.957706766917 0.36800288913
0.957746478873 0.368364030336
0.957786116323 0.368725171542
0.956888472352 0.368725171542
0.956928838951 0.369086312748
0.956969130028 0.369447453954
0.957009345794 0.369808595161
0.957049486461 0.370169736367
0.957089552239 0.370530877573
0.957129543336 0.370892018779
0.957169459963 0.371253159986
0.957209302326 0.371614301192
0.957249070632 0.371975442398
0.957288765088 0.372336583604
0.9573283859 0.37269772481
0.956441149212 0.37269772481
0.956481481481 0.373058866017
0.95652173913 0.373420007223
0.956561922366 0.373781148429
0.956602031394 0.374142289635
0.956642066421 0.374503430841
0.95668202765 0.374864572048
0.956721915285 0.375225713254
0.956761729531 0.37558685446
0.956801470588 0.375947995666
0.956841138659 0.376309136873
0.956880733945 0.376670278079
0.956920256645 0.377031419285
0.95695970696 0.377392560491
0.956999085087 0.377753701697
0.957038391225 0.378114842904
0.957077625571 0.37847598411
0.957116788321 0.378837125316
0.957155879672 0.379198266522
0.957194899818 0.379559407728
0.957233848954 0.379920548935
0.957272727273 0.380281690141
0.957311534968 0.380642831347
0.957350272232 0.381003972553
0.957388939257 0.381365113759
0.957427536232 0.381726254966
0.957466063348 0.382087396172
0.957504520796 0.382448537378
0.957542908762 0.382809678584
0.957581227437 0.383170819791
0.957619477006 0.383531960997
0.957657657658 0.383893102203
0.957695769577 0.384254243409
0.95773381295 0.384615384615
0.95777178796 0.384976525822
0.957809694794 0.385337667028
0.957847533632 0.385698808234
0.957885304659 0.38605994944
0.95702775291 0.38605994944
0.956171735242 0.38605994944
0.956210902592 0.386421090646
0.95625 0.386782231853
0.956289027654 0.387143373059
0.95632798574 0.387504514265
0.956366874443 0.387865655471
0.95640569395 0.388226796678
0.956444444444 0.388587937884
0.95648312611 0.38894907909
0.95652173913 0.389310220296
0.956560283688 0.389671361502
0.956598759965 0.390032502709
0.956637168142 0.390393643915
0.9566755084 0.390754785121
0.956713780919 0.391115926327
0.955869373345 0.391115926327
0.955908289242 0.391477067533
0.955947136564 0.39183820874
0.955985915493 0.392199349946
0.956024626209 0.392560491152
0.956063268893 0.392921632358
0.956101843723 0.393282773564
0.956140350877 0.393643914771
0.956178790535 0.394005055977
0.956217162872 0.394366197183
0.956255468066 0.394727338389
0.956293706294 0.395088479596
0.956331877729 0.395449620802
0.956369982548 0.395810762008
0.956408020924 0.396171903214
0.956445993031 0.39653304442
0.956483899043 0.396894185627
0.95652173913 0.397255326833
0.956559513467 0.397616468039
0.956597222222 0.397977609245
0.956634865568 0.398338750451
0.956672443674 0.398699891658
0.95670995671 0.399061032864
0.956747404844 0.39942217407
0.956784788245 0.399783315276
0.956822107081 0.400144456482
0.956859361519 0.400505597689
0.956896551724 0.400866738895
0.956933677864 0.401227880101
0.956970740103 0.401589021307
0.957007738607 0.401950162514
0.95704467354 0.40231130372
0.957081545064 0.402672444926
0.957118353345 0.403033586132
0.957155098543 0.403394727338
0.957191780822 0.403755868545
0.957228400342 0.404117009751
0.957264957265 0.404478150957
0.957301451751 0.404839292163
0.957337883959 0.405200433369
0.957374254049 0.405561574576
0.957410562181 0.405922715782
0.957446808511 0.406283856988
0.957482993197 0.406644998194
0.957519116398 0.407006139401
0.957555178268 0.407367280607
0.957591178965 0.407728421813
0.957627118644 0.408089563019
0.95766299746 0.408450704225
0.957698815567 0.408811845432
0.957734573119 0.409172986638
0.95777027027 0.409534127844
0.957805907173 0.40989526905
0.95784148398 0.410256410256
0.957877000842 0.410617551463
0.957912457912 0.410978692669
0.957106812447 0.410978692669
0.957142857143 0.411339833875
0.95717884131 0.411700975081
0.957214765101 0.412062116287
0.957250628667 0.412423257494
0.957286432161 0.4127843987
0.957322175732 0.413145539906
0.957357859532 0.413506681112
0.957393483709 0.413867822319
0.957429048414 0.414228963525
0.957464553795 0.414590104731
0.9575 0.414951245937
0.957535387177 0.415312387143
0.957570715474 0.41567352835
0.956774729842 0.41567352835
0.955980066445 0.41567352835
0.95601659751 0.416034669556
0.956053067993 0.416395810762
0.956089478045 0.416756951968
0.956125827815 0.417118093174
0.956162117452 0.417479234381
0.956198347107 0.417840375587
0.956234516928 0.418201516793
0.956270627063 0.418562657999
0.956306677659 0.418923799205
0.956342668863 0.419284940412
0.956378600823 0.419646081618
0.956414473684 0.420007222824
0.956450287592 0.42036836403
0.956486042693 0.420729505237
0.955701394586 0.420729505237
0.955737704918 0.421090646443
0.955773955774 0.421451787649
0.9558101473 0.421812928855
0.95584627964 0.422174070061
0.955882352941 0.422535211268
0.955918367347 0.422896352474
0.955954323002 0.42325749368
0.955990220049 0.423618634886
0.956026058632 0.423979776092
0.956061838893 0.424340917299
0.956097560976 0.424702058505
0.95613322502 0.425063199711
0.956168831169 0.425424340917
0.956204379562 0.425785482124
0.95623987034 0.42614662333
0.956275303644 0.426507764536
0.956310679612 0.426868905742
0.956345998383 0.427230046948
0.956381260097 0.427591188155
0.956416464891 0.427952329361
0.956451612903 0.428313470567
0.956486704271 0.428674611773
0.95652173913 0.429035752979
0.956556717619 0.429396894186
0.956591639871 0.429758035392
0.956626506024 0.430119176598
0.956661316212 0.430480317804
0.956696070569 0.43084145901
0.955929487179 0.43084145901
0.955964771817 0.431202600217
0.956 0.431563741423
0.956035171863 0.431924882629
0.95607028754 0.432286023835
0.956105347167 0.432647165042
0.956140350877 0.433008306248
0.956175298805 0.433369447454
0.956210191083 0.43373058866
0.956245027844 0.434091729866
0.956279809221 0.434452871073
0.956314535346 0.434814012279
0.956349206349 0.435175153485
0.956383822363 0.435536294691
0.956418383518 0.435897435897
0.956452889945 0.436258577104
0.956487341772 0.43661971831
0.95652173913 0.436980859516
0.956556082148 0.437342000722
0.956590370955 0.437703141928
0.956624605678 0.438064283135
0.956658786446 0.438425424341
0.956692913386 0.438786565547
0.956726986625 0.439147706753
0.956761006289 0.43950884796
0.956794972506 0.439869989166
0.9568288854 0.440231130372
0.956862745098 0.440592271578
0.956896551724 0.440953412784
0.956930305403 0.441314553991
0.95696400626 0.441675695197
0.956997654418 0.442036836403
0.95703125 0.442397977609
0.95706479313 0.442759118815
0.957098283931 0.443120260022
0.957131722525 0.443481401228
0.957165109034 0.443842542434
0.95719844358 0.44420368364
0.957231726283 0.444564824847
0.957264957265 0.444925966053
0.957298136646 0.445287107259
0.957331264546 0.445648248465
0.957364341085 0.446009389671
0.957397366383 0.446370530878
0.957430340557 0.446731672084
0.957463263728 0.44709281329
0.957496136012 0.447453954496
0.957528957529 0.447815095702
0.957561728395 0.448176236909
0.957594448728 0.448537378115
0.957627118644 0.448898519321
0.95765973826 0.449259660527
0.957692307692 0.449620801733
0.957724827056 0.44998194294
0.957757296467 0.450343084146
0.95778971604 0.450704225352
0.95782208589 0.451065366558
0.95785440613 0.451426507765
0.957886676876 0.451787648971
0.95791889824 0.452148790177
0.957951070336 0.452509931383
0.957983193277 0.452871072589
0.958015267176 0.453232213796
0.958047292143 0.453593355002
0.958079268293 0.453954496208
0.958111195735 0.454315637414
0.958143074581 0.45467677862
0.958174904943 0.455037919827
0.95820668693 0.455399061033
0.958238420653 0.455760202239
0.958270106222 0.456121343445
0.958301743745 0.456482484651
0.958333333333 0.456843625858
0.958364875095 0.457204767064
0.958396369138 0.45756590827
0.958427815571 0.457927049476
0.958459214502 0.458288190683
0.958490566038 0.458649331889
0.958521870287 0.459010473095
0.958553127355 0.459371614301
0.958584337349 0.459732755507
0.957863054929 0.459732755507
0.957894736842 0.460093896714
0.95792637115 0.46045503792
0.957957957958 0.460816179126
0.957989497374 0.461177320332
0.958020989505 0.461538461538
0.958052434457 0.461899602745
0.958083832335 0.462260743951
0.958115183246 0.462621885157
0.958146487294 0.462983026363
0.958177744586 0.46334416757
0.957462686567 0.46334416757
0.956748695004 0.46334416757
0.956780923994 0.463705308776
0.956813104989 0.464066449982
0.956845238095 0.464427591188
0.95687732342 0.464788732394
0.95690936107 0.465149873601
0.956941351151 0.465511014807
0.956973293769 0.465872156013
0.957005189029 0.466233297219
0.957037037037 0.466594438425
0.957068837898 0.466955579632
0.957100591716 0.467316720838
0.957132298596 0.467677862044
0.957163958641 0.46803900325
0.957195571956 0.468400144456
0.957227138643 0.468761285663
0.957258658806 0.469122426869
0.957290132548 0.469483568075
0.957321559971 0.469844709281
0.957352941176 0.470205850488
0.957384276267 0.470566991694
0.957415565345 0.4709281329
0.957446808511 0.471289274106
0.957478005865 0.471650415312
0.957509157509 0.472011556519
0.957540263543 0.472372697725
0.957571324067 0.472733838931
0.957602339181 0.473094980137
0.957633308985 0.473456121343
0.957664233577 0.47381726255
0.957695113056 0.474178403756
0.957725947522 0.474539544962
0.957756737072 0.474900686168
0.957787481805 0.475261827375
0.957818181818 0.475622968581
0.957848837209 0.475984109787
0.957879448076 0.476345250993
0.957910014514 0.476706392199
0.957940536621 0.477067533406
0.957971014493 0.477428674612
0.958001448226 0.477789815818
0.958031837916 0.478150957024
0.958062183659 0.47851209823
0.958092485549 0.478873239437
0.958122743682 0.479234380643
0.958152958153 0.479595521849
0.958183129056 0.479956663055
0.958213256484 0.480317804261
0.958243340533 0.480678945468
0.958273381295 0.481040086674
0.958303378864 0.48140122788
0.958333333333 0.481762369086
0.958363244795 0.482123510293
0.958393113343 0.482484651499
0.958422939068 0.482845792705
0.957736389685 0.482845792705
0.957766642806 0.483206933911
0.957796852647 0.483568075117
0.957827019299 0.483929216324
0.957857142857 0.48429035753
0.957887223412 0.484651498736
0.957917261056 0.485012639942
0.95794725588 0.485373781148
0.957977207977 0.485734922355
0.958007117438 0.486096063561
0.958036984353 0.486457204767
0.958066808813 0.486818345973
0.958096590909 0.487179487179
0.958126330731 0.487540628386
0.958156028369 0.487901769592
0.958185683912 0.488262910798
0.95821529745 0.488624052004
0.958244869073 0.488985193211
0.958274398868 0.489346334417
0.957597173145 0.489346334417
0.957627118644 0.489707475623
0.957657021877 0.490068616829
0.957686882934 0.490429758035
0.957716701903 0.490790899242
0.957746478873 0.491152040448
0.957776213934 0.491513181654
0.957805907173 0.49187432286
0.957835558679 0.492235464066
0.957865168539 0.492596605273
0.957894736842 0.492957746479
0.957924263675 0.493318887685
0.957252978276 0.493318887685
0.956582633053 0.493318887685
0.956613016095 0.493680028891
0.956643356643 0.494041170098
0.956673654787 0.494402311304
0.956703910615 0.49476345251
0.956734124215 0.495124593716
0.956764295676 0.495485734922
0.956794425087 0.495846876129
0.956824512535 0.496208017335
0.956158663883 0.496208017335
0.956189151599 0.496569158541
0.956219596942 0.496930299747
0.95625 0.497291440953
0.956280360861 0.49765258216
0.956310679612 0.498013723366
0.956340956341 0.498374864572
0.956371191136 0.498736005778
0.956401384083 0.499097146984
0.95643153527 0.499458288191
0.956461644782 0.499819429397
0.956491712707 0.500180570603
0.95652173913 0.500541711809
0.956551724138 0.500902853016
0.956581667815 0.501263994222
0.956611570248 0.501625135428
0.956641431521 0.501986276634
0.956671251719 0.50234741784
0.956701030928 0.502708559047
0.956730769231 0.503069700253
0.956760466712 0.503430841459
0.956790123457 0.503791982665
0.956819739548 0.504153123871
0.956849315068 0.504514265078
0.956878850103 0.504875406284
0.956908344733 0.50523654749
0.956937799043 0.505597688696
0.956967213115 0.505958829902
0.956996587031 0.506319971109
0.957025920873 0.506681112315
0.957055214724 0.507042253521
0.957084468665 0.507403394727
0.957113682777 0.507764535934
0.957142857143 0.50812567714
0.957171991842 0.508486818346
0.957201086957 0.508847959552
0.957230142566 0.509209100758
0.957259158752 0.509570241965
0.957288135593 0.509931383171
0.957317073171 0.510292524377
0.957345971564 0.510653665583
0.956698240866 0.510653665583
0.956727518594 0.511014806789
0.956756756757 0.511375947996
0.956785955436 0.511737089202
0.95681511471 0.512098230408
0.956844234659 0.512459371614
0.956873315364 0.512820512821
0.956902356902 0.513181654027
0.956931359354 0.513542795233
0.956960322798 0.513903936439
0.956989247312 0.514265077645
0.957018132975 0.514626218852
0.957046979866 0.514987360058
0.957075788062 0.515348501264
0.957104557641 0.51570964247
0.957133288681 0.516070783676
0.957161981258 0.516431924883
0.957190635452 0.516793066089
0.957219251337 0.517154207295
0.957247828991 0.517515348501
0.957276368491 0.517876489707
0.957304869913 0.518237630914
0.957333333333 0.51859877212
0.956695536309 0.51859877212
0.95672436751 0.518959913326
0.956753160346 0.519321054532
0.956781914894 0.519682195739
0.956810631229 0.520043336945
0.956839309429 0.520404478151
0.956204379562 0.520404478151
0.956233421751 0.520765619357
0.956262425447 0.521126760563
0.956291390728 0.52148790177
0.95632031767 0.521849042976
0.956349206349 0.522210184182
0.956378056841 0.522571325388
0.956406869221 0.522932466594
0.956435643564 0.523293607801
0.956464379947 0.523654749007
0.956493078444 0.524015890213
0.95652173913 0.524377031419
0.95655036208 0.524738172625
0.955921052632 0.524738172625
0.955950032873 0.525099313832
0.955978975033 0.525460455038
0.956007879186 0.525821596244
0.956036745407 0.52618273745
0.95606557377 0.526543878657
0.956094364351 0.526905019863
0.956123117223 0.527266161069
0.956151832461 0.527627302275
0.956180510137 0.527988443481
0.955555555556 0.527988443481
0.955584585238 0.528349584688
0.955613577023 0.528710725894
0.955642530985 0.5290718671
0.955671447197 0.529433008306
0.955700325733 0.529794149512
0.955729166667 0.530155290719
0.955757970072 0.530516431925
0.955786736021 0.530877573131
0.955815464587 0.531238714337
0.955844155844 0.531599855544
0.955872809864 0.53196099675
0.955901426719 0.532322137956
0.955930006481 0.532683279162
0.955958549223 0.533044420368
0.955987055016 0.533405561575
0.956015523933 0.533766702781
0.956043956044 0.534127843987
0.956072351421 0.534488985193
0.956100710136 0.534850126399
0.956129032258 0.535211267606
0.955512572534 0.535211267606
0.955541237113 0.535572408812
0.955569864778 0.535933550018
0.955598455598 0.536294691224
0.955627009646 0.53665583243
0.955655526992 0.537016973637
0.955684007707 0.537378114843
0.955712451861 0.537739256049
0.955740859525 0.538100397255
0.955769230769 0.538461538462
0.955797565663 0.538822679668
0.955825864277 0.539183820874
0.955214331414 0.539183820874
0.955242966752 0.53954496208
0.955271565495 0.539906103286
0.955300127714 0.540267244493
0.955328653478 0.540628385699
0.955357142857 0.540989526905
0.955385595921 0.541350668111
0.955414012739 0.541711809317
0.95544239338 0.542072950524
0.955470737913 0.54243409173
0.955499046408 0.542795232936
0.955527318933 0.543156374142
0.955555555556 0.543517515349
0.955583756345 0.543878656555
0.95561192137 0.544239797761
0.955640050697 0.544600938967
0.955668144395 0.544962080173
0.955696202532 0.54532322138
0.955724225174 0.545684362586
0.955752212389 0.546045503792
0.955780164245 0.546406644998
0.955808080808 0.546767786204
0.955835962145 0.547128927411
0.955863808323 0.547490068617
0.955891619408 0.547851209823
0.955919395466 0.548212351029
0.955947136564 0.548573492235
0.955974842767 0.548934633442
0.956002514142 0.549295774648
0.956030150754 0.549656915854
0.956057752668 0.55001805706
0.95608531995 0.550379198267
0.956112852665 0.550740339473
0.956140350877 0.551101480679
0.956167814652 0.551462621885
0.956195244055 0.551823763091
0.956222639149 0.552184904298
0.95625 0.552546045504
0.956277326671 0.55290718671
0.956304619226 0.553268327916
0.956331877729 0.553629469122
0.956359102244 0.553990610329
0.956386292835 0.554351751535
0.956413449564 0.554712892741
0.956440572495 0.555074033947
0.955845771144 0.555074033947
0.955873213176 0.555435175153
0.955900621118 0.55579631636
0.955927995034 0.556157457566
0.955955334988 0.556518598772
0.955982641042 0.556879739978
0.956009913259 0.557240881185
0.956037151703 0.557602022391
0.956064356436 0.557963163597
0.95609152752 0.558324304803
0.956118665019 0.558685446009
0.956145768993 0.559046587216
0.956172839506 0.559407728422
0.956199876619 0.559768869628
0.956226880395 0.560130010834
0.956253850893 0.56049115204
0.956280788177 0.560852293247
0.956307692308 0.561213434453
0.956334563346 0.561574575659
0.955746773202 0.561574575659
0.955773955774 0.561935716865
0.955801104972 0.562296858072
0.955828220859 0.562657999278
0.955855303495 0.563019140484
0.955882352941 0.56338028169
0.955909369259 0.563741422896
0.955936352509 0.564102564103
0.955963302752 0.564463705309
0.955378973105 0.564463705309
0.95540623091 0.564824846515
0.955433455433 0.565185987721
0.955460646736 0.565547128927
0.955487804878 0.565908270134
0.955514929921 0.56626941134
0.954933008526 0.56626941134
0.954351795496 0.56626941134
0.954379562044 0.566630552546
0.954407294833 0.566991693752
0.954434993925 0.567352834958
0.954462659381 0.567713976165
0.954490291262 0.568075117371
0.95451788963 0.568436258577
0.954545454545 0.568797399783
0.954572986069 0.56915854099
0.954600484262 0.569519682196
0.954022988506 0.569519682196
0.954050785973 0.569880823402
0.954078549849 0.570241964608
0.954106280193 0.570603105814
0.954133977067 0.570964247021
0.954161640531 0.571325388227
0.954189270645 0.571686529433
0.95421686747 0.572047670639
0.954244431066 0.572408811845
0.954271961492 0.572769953052
0.954299458809 0.573131094258
0.954326923077 0.573492235464
0.954354354354 0.57385337667
0.954381752701 0.574214517876
0.954409118176 0.574575659083
0.954436450839 0.574936800289
0.954463750749 0.575297941495
0.954491017964 0.575659082701
0.953919808498 0.575659082701
0.953349282297 0.575659082701
0.953377166766 0.576020223908
0.953405017921 0.576381365114
0.953432835821 0.57674250632
0.953460620525 0.577103647526
0.953488372093 0.577464788732
0.952920143027 0.577464788732
0.952948183443 0.577825929939
0.952976190476 0.578187071145
0.953004164188 0.578548212351
0.953032104637 0.578909353557
0.953060011884 0.579270494763
0.953087885986 0.57963163597
0.953115727003 0.579992777176
0.953143534994 0.580353918382
0.953171310018 0.580715059588
0.953199052133 0.581076200795
0.953226761397 0.581437342001
0.95325443787 0.581798483207
0.953282081609 0.582159624413
0.953309692671 0.582520765619
0.953337271116 0.582881906826
0.953364817001 0.583243048032
0.953392330383 0.583604189238
0.952830188679 0.583604189238
0.952268709487 0.583604189238
0.952296819788 0.583965330444
0.952324896998 0.58432647165
0.952352941176 0.584687612857
0.952380952381 0.585048754063
0.95240893067 0.585409895269
0.952436876101 0.585771036475
0.952464788732 0.586132177681
0.952492668622 0.586493318888
0.952520515826 0.586854460094
0.952548330404 0.5872156013
0.952576112412 0.587576742506
0.952603861908 0.587937883713
0.952631578947 0.588299024919
0.952659263589 0.588660166125
0.952102803738 0.588660166125
0.95213076474 0.589021307331
0.952158693116 0.589382448537
0.952186588921 0.589743589744
0.952214452214 0.59010473095
0.952242283052 0.590465872156
0.95227008149 0.590827013362
0.952297847586 0.591188154568
0.952325581395 0.591549295775
0.952353282975 0.591910436981
0.952380952381 0.592271578187
0.952408589669 0.592632719393
0.952436194896 0.592993860599
0.952463768116 0.593355001806
0.952491309386 0.593716143012
0.952518818761 0.594077284218
0.952546296296 0.594438425424
0.952573742047 0.594799566631
0.952601156069 0.595160707837
0.952628538417 0.595521849043
0.952655889145 0.595882990249
0.952106174264 0.595882990249
0.951557093426 0.595882990249
0.951008645533 0.595882990249
0.951036866359 0.596244131455
0.951065054692 0.596605272662
0.951093210587 0.596966413868
0.9511213341 0.597327555074
0.951149425287 0.59768869628
0.951177484204 0.598049837486
0.951205510907 0.598410978693
0.95123350545 0.598772119899
0.95126146789 0.599133261105
0.951289398281 0.599494402311
0.951317296678 0.599855543518
0.950772753291 0.599855543518
0.950800915332 0.600216684724
0.950829045169 0.60057782593
0.950857142857 0.600938967136
0.950885208452 0.601300108342
0.950913242009 0.601661249549
0.950941243582 0.602022390755
0.950969213227 0.602383531961
0.950997150997 0.602744673167
0.951025056948 0.603105814373
0.951052931133 0.60346695558
0.951080773606 0.603828096786
0.951108584423 0.604189237992
0.950568181818 0.604189237992
0.950596252129 0.604550379198
0.950624290579 0.604911520404
0.950652297221 0.605272661611
0.950680272109 0.605633802817
0.950708215297 0.605994944023
0.95073612684 0.606356085229
0.950764006791 0.606717226436
0.950791855204 0.607078367642
0.950254381006 0.607078367642
0.950282485876 0.607439508848
0.950310559006 0.607800650054
0.950338600451 0.60816179126
0.950366610265 0.608522932467
0.950394588501 0.608884073673
0.950422535211 0.609245214879
0.95045045045 0.609606356085
0.950478334271 0.609967497291
0.950506186727 0.610328638498
0.95053400787 0.610689779704
0.95 0.610689779704
0.950028074116 0.61105092091
0.950056116723 0.611412062116
0.950084127874 0.611773203322
0.950112107623 0.612134344529
0.950140056022 0.612495485735
0.950167973124 0.612856626941
0.950195858982 0.613217768147
0.950223713647 0.613578909354
0.950251537172 0.61394005056
0.950279329609 0.614301191766
0.950307091011 0.614662332972
0.949776785714 0.614662332972
0.949804796431 0.615023474178
0.94983277592 0.615384615385
0.949860724234 0.615745756591
0.949888641425 0.616106897797
0.949916527546 0.616468039003
0.949388209121 0.616468039003
0.949416342412 0.616829180209
0.949444444444 0.617190321416
0.949472515269 0.617551462622
0.949500554939 0.617912603828
0.949528563505 0.618273745034
0.949002217295 0.618273745034
0.949030470914 0.618634886241
0.949058693245 0.618996027447
0.949086884339 0.619357168653
0.949115044248 0.619718309859
0.948590381426 0.619718309859
0.94861878453 0.620079451065
0.948647156267 0.620440592272
0.948675496689 0.620801733478
0.948703805847 0.621162874684
0.948732083793 0.62152401589
0.948760330579 0.621885157096
0.948788546256 0.622246298303
0.948816730875 0.622607439509
0.948844884488 0.622968580715
0.948873007147 0.623329721921
0.948901098901 0.623690863127
0.948929159802 0.624052004334
0.948957189901 0.62441314554
0.948985189248 0.624774286746
0.948464912281 0.624774286746
0.948493150685 0.625135427952
0.94852135816 0.625496569159
0.948549534756 0.625857710365
0.948577680525 0.626218851571
0.948605795517 0.626579992777
0.948633879781 0.626941133983
0.94866193337 0.62730227519
0.948689956332 0.627663416396
0.948717948718 0.628024557602
0.948745910578 0.628385698808
0.948773841962 0.628746840014
0.948801742919 0.629107981221
0.9488296135 0.629469122427
0.948857453754 0.629830263633
0.94888526373 0.630191404839
0.948913043478 0.630552546046
0.948940793047 0.630913687252
0.948968512486 0.631274828458
0.948996201845 0.631635969664
0.949023861171 0.63199711087
0.949051490515 0.632358252077
0.949079089924 0.632719393283
0.949106659448 0.633080534489
0.949134199134 0.633441675695
0.948620876149 0.633441675695
0.948648648649 0.633802816901
0.94867639114 0.634163958108
0.948704103672 0.634525099314
0.948731786292 0.63488624052
0.948759439051 0.635247381726
0.948787061995 0.635608522932
0.948814655172 0.635969664139
0.948842218632 0.636330805345
0.948869752422 0.636691946551
0.94889725659 0.637053087757
0.948924731183 0.637414228964
0.948952176249 0.63777537017
0.948979591837 0.638136511376
0.94847020934 0.638136511376
0.948497854077 0.638497652582
0.948525469169 0.638858793788
0.948553054662 0.639219934995
0.948580610605 0.639581076201
0.948608137045 0.639942217407
0.948635634029 0.640303358613
0.948663101604 0.640664499819
0.948690539818 0.641025641026
0.948717948718 0.641386782232
0.94874532835 0.641747923438
0.948772678762 0.642109064644
0.9488 0.64247020585
0.948827292111 0.642831347057
0.948854555141 0.643192488263
0.948881789137 0.643553629469
0.948908994146 0.643914770675
0.948936170213 0.644275911882
0.948963317384 0.644637053088
0.948990435707 0.644998194294
0.949017525226 0.6453593355
0.949044585987 0.645720476706
0.948541114058 0.645720476706
0.948038176034 0.645720476706
0.948065712772 0.646081617913
0.948093220339 0.646442759119
0.948120698782 0.646803900325
0.948148148148 0.647165041531
0.948175568482 0.647526182737
0.948202959831 0.647887323944
0.94823032224 0.64824846515
0.948257655755 0.648609606356
0.948284960422 0.648970747562
0.948312236287 0.649331888769
0.948339483395 0.649693029975
0.948366701791 0.650054171181
0.947867298578 0.650054171181
0.947894736842 0.650415312387
0.947922146239 0.650776453593
0.947949526814 0.6511375948
0.947976878613 0.651498736006
0.948004201681 0.651859877212
0.948031496063 0.652221018418
0.948058761805 0.652582159624
0.948085998951 0.652943300831
0.947589098532 0.652943300831
0.947616553169 0.653304442037
0.947643979058 0.653665583243
0.947671376243 0.654026724449
0.94769874477 0.654387865655
0.947726084684 0.654749006862
0.947753396029 0.655110148068
0.947780678851 0.655471289274
0.947807933194 0.65583243048
0.947313510694 0.65583243048
0.947340980188 0.656193571687
0.947368421053 0.656554712893
0.947395833333 0.656915854099
0.946902654867 0.656915854099
0.946930280957 0.657276995305
0.946957878315 0.657638136511
0.946985446985 0.657999277718
0.947012987013 0.658360418924
0.947040498442 0.65872156013
0.947067981318 0.659082701336
0.947095435685 0.659443842542
0.947122861586 0.659804983749
0.947150259067 0.660166124955
0.947177628172 0.660527266161
0.947204968944 0.660888407367
0.947232281428 0.661249548573
0.947259565667 0.66161068978
0.947286821705 0.661971830986
0.947314049587 0.662332972192
0.947341249355 0.662694113398
0.947368421053 0.663055254605
0.947395564724 0.663416395811
0.947422680412 0.663777537017
0.947449768161 0.664138678223
0.946961894954 0.664138678223
0.946989191971 0.664499819429
0.947016460905 0.664860960636
0.946529562982 0.664860960636
0.946043165468 0.664860960636
0.946070878274 0.665222101842
0.945585215606 0.665222101842
0.945100051308 0.665222101842
0.945128205128 0.665583243048
0.944643772424 0.665583243048
0.944672131148 0.665944384254
0.944188428059 0.665944384254
0.943705220061 0.665944384254
0.943734015345 0.66630552546
0.943762781186 0.666666666667
0.943791517629 0.667027807873
0.943820224719 0.667388949079
0.943848902501 0.667750090285
0.94387755102 0.668111231492
0.943906170321 0.668472372698
0.943934760449 0.668833513904
0.943963321447 0.66919465511
0.94399185336 0.669555796316
0.943511450382 0.669555796316
0.943031536114 0.669555796316
0.943060498221 0.669916937523
0.943089430894 0.670278078729
0.94311833418 0.670639219935
0.943147208122 0.671000361141
0.943176052765 0.671361502347
0.943204868154 0.671722643554
0.943233654334 0.67208378476
0.942755825735 0.67208378476
0.942784810127 0.672444925966
0.942813765182 0.672806067172
0.942842690946 0.673167208378
0.942871587462 0.673528349585
0.942900454775 0.673889490791
0.942929292929 0.674250631997
0.942453306411 0.674250631997
0.94248234107 0.674611773203
0.942511346445 0.67497291441
0.942540322581 0.675334055616
0.942065491184 0.675334055616
0.942094662638 0.675695196822
0.942123804731 0.676056338028
0.942152917505 0.676417479234
0.942182001006 0.676778620441
0.942211055276 0.677139761647
0.942240080362 0.677500902853
0.941767068273 0.677500902853
0.941294530858 0.677500902853
0.941323971916 0.677862044059
0.941353383459 0.678223185265
0.941382765531 0.678584326472
0.941412118177 0.678945467678
0.941441441441 0.679306608884
0.941470735368 0.67966775009
0.9415 0.680028891296
0.941029485257 0.680028891296
0.941058941059 0.680390032503
0.941088367449 0.680751173709
0.941117764471 0.681112314915
0.94114713217 0.681473456121
0.941176470588 0.681834597328
0.941205779771 0.682195738534
0.941235059761 0.68255687974
0.941264310602 0.682918020946
0.941293532338 0.683279162152
0.941322725012 0.683640303359
0.941351888668 0.684001444565
0.941381023348 0.684362585771
0.941410129096 0.684723726977
0.94094292804 0.684723726977
0.940476190476 0.684723726977
0.940009915716 0.684723726977
0.940039643211 0.685084868183
0.940069341258 0.68544600939
0.940099009901 0.685807150596
0.940128649184 0.686168291802
0.940158259149 0.686529433008
0.940187839842 0.686890574215
0.939723320158 0.686890574215
0.93975308642 0.687251715421
0.939782823297 0.687612856627
0.939319190923 0.687612856627
0.938856015779 0.687612856627
0.938393297191 0.687612856627
0.93842364532 0.687973997833
0.938453963565 0.688335139039
0.938484251969 0.688696280246
0.938514510576 0.689057421452
0.938053097345 0.689057421452
0.938083538084 0.689418562658
0.938113948919 0.689779703864
0.938144329897 0.69014084507
0.93817468106 0.690501986277
0.938205002452 0.690863127483
0.938235294118 0.691224268689
0.9382655561 0.691585409895
0.937806072478 0.691585409895
0.937836514929 0.691946551101
0.937866927593 0.692307692308
0.937408312958 0.692307692308
0.937438905181 0.692668833514
0.937469467513 0.69302997472
0.9375 0.693391115926
0.937530502684 0.693752257133
0.93756097561 0.694113398339
0.93759141882 0.694474539545
0.937621832359 0.694835680751
0.937652216269 0.695196821957
0.937682570594 0.695557963164
0.937712895377 0.69591910437
0.937743190661 0.696280245576
0.93777345649 0.696641386782
0.937803692906 0.697002527988
0.937833899951 0.697363669195
0.93786407767 0.697724810401
0.937894226104 0.698085951607
0.937924345296 0.698447092813
0.937469704314 0.698447092813
0.9375 0.69880823402
0.937530266344 0.699169375226
0.937560503388 0.699530516432
0.937590711176 0.699891657638
0.937620889749 0.700252798844
0.937651039149 0.700613940051
0.93768115942 0.700975081257
0.937711250604 0.701336222463
0.937741312741 0.701697363669
0.937771345876 0.702058504875
0.937801350048 0.702419646082
0.937831325301 0.702780787288
0.937379576108 0.702780787288
0.936928261916 0.702780787288
0.936958614052 0.703141928494
0.936988936989 0.7035030697
0.936538461538 0.7035030697
0.936568957232 0.703864210906
0.936599423631 0.704225352113
0.936629860778 0.704586493319
0.936660268714 0.704947634525
0.936690647482 0.705308775731
0.936720997124 0.705669916938
0.936751317681 0.706031058144
0.936781609195 0.70639219935
0.936811871709 0.706753340556
0.936363636364 0.706753340556
0.935915829747 0.706753340556
0.935946462715 0.707114481762
0.935499283325 0.707114481762
0.93553008596 0.707475622969
0.935560859189 0.707836764175
0.935591603053 0.708197905381
0.935622317597 0.708559046587
0.935176358437 0.708559046587
0.935207241544 0.708920187793
0.935238095238 0.709281329
0.934792955735 0.709281329
0.934348239772 0.709281329
0.934379457917 0.709642470206
0.934410646388 0.710003611412
0.934441805226 0.710364752618
0.933998100665 0.710364752618
0.934029425724 0.710725893824
0.934060721063 0.711087035031
0.934091986724 0.711448176237
0.934123222749 0.711809317443
0.93415442918 0.712170458649
0.934185606061 0.712531599856
0.933743492664 0.712531599856
0.933774834437 0.712892741062
0.933806146572 0.713253882268
0.933837429112 0.713615023474
0.933868682097 0.71397616468
0.933899905571 0.714337305887
0.933931099575 0.714698447093
0.933962264151 0.715059588299
0.93399339934 0.715420729505
0.933553251649 0.715420729505
0.933584550165 0.715781870711
0.933615819209 0.716143011918
0.933647058824 0.716504153124
0.93367826905 0.71686529433
0.933709449929 0.717226435536
0.933740601504 0.717587576743
0.933771723814 0.717948717949
0.933802816901 0.718309859155
0.93336461755 0.718309859155
0.932926829268 0.718309859155
0.93295827473 0.718671000361
0.932989690722 0.719032141567
0.933021077283 0.719393282774
0.933052434457 0.71975442398
0.933083762284 0.720115565186
0.933115060804 0.720476706392
0.933146330061 0.720837847598
0.933177570093 0.721198988805
0.932741709482 0.721198988805
0.932773109244 0.721560130011
0.932337844144 0.721560130011
0.932369402985 0.721921271217
0.932400932401 0.722282412423
0.932432432432 0.722643553629
0.932463903121 0.723004694836
0.932495344507 0.723365836042
0.932061423918 0.723365836042
0.932093023256 0.723726977248
0.931659693166 0.723726977248
0.931691449814 0.724088118454
0.931258708778 0.724088118454
0.930826369545 0.724088118454
0.930394431555 0.724088118454
0.930426716141 0.724449259661
0.930458970793 0.724810400867
0.930491195551 0.725171542073
0.930523390459 0.725532683279
0.930555555556 0.725893824485
0.930587690884 0.726254965692
0.930619796485 0.726616106898
0.930651872399 0.726977248104
0.930683918669 0.72733838931
0.930715935335 0.727699530516
0.930747922438 0.728060671723
0.930779880018 0.728421812929
0.930350553506 0.728421812929
0.930382664822 0.728782954135
0.930414746544 0.729144095341
0.929986181483 0.729144095341
0.930018416206 0.729505236547
0.930050621261 0.729866377754
0.929622815087 0.729866377754
0.929655172414 0.73022751896
0.9296875 0.730588660166
0.929719797887 0.730949801372
0.929752066116 0.731310942579
0.929784304727 0.731672083785
0.929357798165 0.731672083785
0.928931682714 0.731672083785
0.928964252979 0.732033224991
0.928996793404 0.732394366197
0.928571428571 0.732394366197
0.928604118993 0.732755507403
0.928636779506 0.73311664861
0.928669410151 0.733477789816
0.928702010969 0.733838931022
0.928734582001 0.734200072228
0.928767123288 0.734561213434
0.92879963487 0.734922354641
0.928832116788 0.735283495847
0.928864569083 0.735644637053
0.928896991796 0.736005778259
0.928929384966 0.736366919466
0.928961748634 0.736728060672
0.92899408284 0.737089201878
0.928571428571 0.737089201878
0.928149158709 0.737089201878
0.927727272727 0.737089201878
0.927760109041 0.737450343084
0.927792915531 0.73781148429
0.927825692238 0.738172625497
0.927858439201 0.738533766703
0.927891156463 0.738894907909
0.927923844062 0.739256049115
0.927956502039 0.739617190321
0.927989130435 0.739978331528
0.927569035763 0.739978331528
0.927601809955 0.740339472734
0.927182270466 0.740339472734
0.926763110307 0.740339472734
0.926796204248 0.74070061394
0.926377597109 0.74070061394
0.926410835214 0.741061755146
0.926444043321 0.741422896352
0.92647722147 0.741784037559
0.926510369702 0.742145178765
0.926543488058 0.742506319971
0.926126126126 0.742506319971
0.926159387663 0.742867461177
0.926192619262 0.743228602384
0.926225820963 0.74358974359
0.926258992806 0.743950884796
0.926292134831 0.744312026002
0.925876010782 0.744312026002
0.925909295016 0.744673167208
0.925493716338 0.744673167208
0.925527142216 0.745034308415
0.925112107623 0.745034308415
0.924697445092 0.745034308415
0.924283154122 0.745034308415
0.924317062248 0.745395449621
0.924350940018 0.745756590827
0.924384787472 0.746117732033
0.92397137746 0.746117732033
0.923558337059 0.746117732033
0.923145665773 0.746117732033
0.922733363109 0.746117732033
0.922321428571 0.746117732033
0.922356091031 0.746478873239
0.922390722569 0.746840014446
0.922425323228 0.747201155652
0.92201426025 0.747201155652
0.922048997773 0.747562296858
0.922083704363 0.747923438064
0.922118380062 0.74828457927
0.921708185053 0.74828457927
0.921742996888 0.748645720477
0.921333333333 0.748645720477
0.921368280764 0.749006861683
0.920959147425 0.749006861683
0.920550377275 0.749006861683
0.920585625555 0.749368002889
0.920620842572 0.749729144095
0.920212765957 0.749729144095
0.920248116969 0.750090285302
0.92028343667 0.750451426508
0.91987605135 0.750451426508
0.919911504425 0.750812567714
0.919946926139 0.75117370892
0.919540229885 0.75117370892
0.919575784357 0.751534850126
0.91961130742 0.751895991333
0.919646799117 0.752257132539
0.919240953222 0.752257132539
0.918835465373 0.752257132539
0.918871252205 0.752618273745
0.918907007492 0.752979414951
0.918502202643 0.752979414951
0.918097754293 0.752979414951
0.917693661972 0.752979414951
0.917289925209 0.752979414951
0.917326297274 0.753340556157
0.917362637363 0.753701697364
0.917398945518 0.75406283857
0.916996047431 0.75406283857
0.916593503073 0.75406283857
0.916630100921 0.754423979776
0.916666666667 0.754785120982
0.916703200351 0.755146262189
0.916739702016 0.755507403395
0.916338151555 0.755507403395
0.916374781086 0.755868544601
0.916411378556 0.756229685807
0.916447944007 0.756590827013
0.916484477481 0.75695196822
0.916520979021 0.757313109426
0.916557448668 0.757674250632
0.91615720524 0.757674250632
0.915757311218 0.757674250632
0.915357766143 0.757674250632
0.91495856956 0.757674250632
0.914559721011 0.757674250632
0.914596949891 0.758035391838
0.914198606272 0.758035391838
0.914235959948 0.758396533044
0.914273281114 0.758757674251
0.913875598086 0.758757674251
0.91347826087 0.758757674251
0.913081269013 0.758757674251
0.912684622068 0.758757674251
0.912722535823 0.759118815457
0.912760416667 0.759479956663
0.912364425163 0.759479956663
0.911968777103 0.759479956663
0.911573472042 0.759479956663
0.911611785095 0.759841097869
0.911216977046 0.759841097869
0.911255411255 0.760202239075
0.911293812203 0.760563380282
0.911332179931 0.760924521488
0.91093817553 0.760924521488
0.910976663786 0.761285662694
0.91101511879 0.7616468039
0.910621761658 0.7616468039
0.910228744066 0.7616468039
0.910267471959 0.762007945107
0.910306166451 0.762369086313
0.910344827586 0.762730227519
0.909952606635 0.762730227519
0.909560723514 0.762730227519
0.909599655618 0.763091368725
0.909638554217 0.763452509931
0.909677419355 0.763813651138
0.909716251075 0.764174792344
0.90975504942 0.76453593355
0.909364261168 0.76453593355
0.908973808502 0.76453593355
0.909012875536 0.764897074756
0.908622908623 0.764897074756
0.908662092624 0.765258215962
0.908701243035 0.765619357169
0.908311910883 0.765619357169
0.90835117773 0.765980498375
0.907962328767 0.765980498375
0.90757381258 0.765980498375
0.907613344739 0.766341639581
0.907652843095 0.766702780787
0.907264957265 0.766702780787
0.907304570696 0.767063921993
0.906917164816 0.767063921993
0.906956892872 0.7674250632
0.90656996587 0.7674250632
0.906609808102 0.767786204406
0.906223358909 0.767786204406
0.90626331487 0.768147345612
0.905877342419 0.768147345612
0.905491698595 0.768147345612
0.905531914894 0.768508486818
0.90557209698 0.768869628025
0.905612244898 0.769230769231
0.905652358691 0.769591910437
0.905692438403 0.769953051643
0.905307855626 0.769953051643
0.905348047538 0.770314192849
0.904963937208 0.770314192849
0.905004240882 0.770675334056
0.905044510386 0.771036475262
0.905084745763 0.771397616468
0.904701397713 0.771397616468
0.904741744285 0.771758757674
0.904358865848 0.771758757674
0.904399323181 0.77211989888
0.9044397463 0.772481040087
0.904480135249 0.772842181293
0.904520490072 0.773203322499
0.904560810811 0.773564463705
0.904601097509 0.773925604912
0.904641350211 0.774286746118
0.904681568958 0.774647887324
0.904721753794 0.77500902853
0.904761904762 0.775370169736
0.904802021904 0.775731310943
0.904842105263 0.776092452149
0.904461279461 0.776092452149
0.904501472444 0.776453593355
0.904121110177 0.776453593355
0.904161412358 0.776814734561
0.904201680672 0.777175875767
0.904241915162 0.777537016974
0.904282115869 0.77789815818
0.903902643726 0.77789815818
0.903523489933 0.77789815818
0.9035639413 0.778259299386
0.903604358759 0.778620440592
0.903225806452 0.778620440592
0.903266331658 0.778981581798
0.902888237756 0.778981581798
0.902928870293 0.779342723005
0.902969468841 0.779703864211
0.903010033445 0.780065005417
0.903050564145 0.780426146623
0.903091060986 0.78078728783
0.903131524008 0.781148429036
0.902754590985 0.781148429036
0.902795160617 0.781509570242
0.902418682235 0.781509570242
0.902459358066 0.781870711448
0.9025 0.782231852654
0.90254060808 0.782592993861
0.902164862614 0.782592993861
0.902205576363 0.782954135067
0.90224625624 0.783315276273
0.901871101871 0.783315276273
0.901496259352 0.783315276273
0.901537183216 0.783676417479
0.901162790698 0.783676417479
0.900788709008 0.783676417479
0.900829875519 0.784037558685
0.900871007881 0.784398699892
0.900912106136 0.784759841098
0.900538748446 0.784759841098
0.900165700083 0.784759841098
0.899792960663 0.784759841098
0.899834437086 0.785120982304
0.899462143153 0.785120982304
0.899503722084 0.78548212351
0.899545266639 0.785843264717
0.89958677686 0.786204405923
0.899628252788 0.786565547129
0.899256812552 0.786565547129
0.899298390425 0.786926688335
0.898927392739 0.786926688335
0.898969072165 0.787287829541
0.89901071723 0.787648970748
0.898640296663 0.787648970748
0.898682042834 0.788010111954
0.898723754632 0.78837125316
0.898353909465 0.78837125316
0.898395721925 0.788732394366
0.898026315789 0.788732394366
0.897657213317 0.788732394366
0.897699260477 0.789093535572
0.897741273101 0.789454676779
0.897783251232 0.789815817985
0.897414854329 0.789815817985
0.897046759639 0.789815817985
0.89708897089 0.790176959191
0.897131147541 0.790538100397
0.897173289635 0.790899241603
0.896805896806 0.790899241603
0.896438804748 0.790899241603
0.896481178396 0.79126038281
0.896114519427 0.79126038281
0.896156991006 0.791621524016
0.896199427871 0.791982665222
0.895833333333 0.791982665222
0.895467537771 0.791982665222
0.895510204082 0.792343806428
0.895144838841 0.792343806428
0.894779771615 0.792343806428
0.894822666123 0.792704947635
0.894865525672 0.793066088841
