1.0 0.000360880548538
1.0 0.000721761097077
1.0 0.00108264164562
1.0 0.00144352219415
1.0 0.00180440274269
1.0 0.00216528329123
1.0 0.00252616383977
1.0 0.00288704438831
1.0 0.00324792493685
1.0 0.00360880548538
1.0 0.00396968603392
1.0 0.00433056658246
1.0 0.004691447131
1.0 0.00505232767954
1.0 0.00541320822808
1.0 0.00577408877661
1.0 0.00613496932515
1.0 0.00649584987369
1.0 0.00685673042223
1.0 0.00721761097077
1.0 0.00757849151931
1.0 0.00793937206785
1.0 0.00830025261638
1.0 0.00866113316492
1.0 0.00902201371346
1.0 0.009382894262
1.0 0.00974377481054
1.0 0.0101046553591
1.0 0.0104655359076
1.0 0.0108264164562
1.0 0.0111872970047
1.0 0.0115481775532
1.0 0.0119090581018
1.0 0.0122699386503
1.0 0.0126308191988
1.0 0.0129916997474
1.0 0.0133525802959
1.0 0.0137134608445
1.0 0.014074341393
1.0 0.0144352219415
1.0 0.0147961024901
1.0 0.0151569830386
1.0 0.0155178635872
1.0 0.0158787441357
1.0 0.0162396246842
1.0 0.0166005052328
1.0 0.0169613857813
0.979166666667 0.0169613857813
0.959183673469 0.0169613857813
0.96 0.0173222663298
0.960784313725 0.0176831468784
0.961538461538 0.0180440274269
0.962264150943 0.0184049079755
0.962962962963 0.018765788524
0.963636363636 0.0191266690725
0.964285714286 0.0194875496211
0.964912280702 0.0198484301696
0.965517241379 0.0202093107182
0.966101694915 0.0205701912667
0.95 0.0205701912667
0.950819672131 0.0209310718152
0.951612903226 0.0212919523638
0.952380952381 0.0216528329123
0.953125 0.0220137134608
0.953846153846 0.0223745940094
0.954545454545 0.0227354745579
0.955223880597 0.0230963551065
0.955882352941 0.023457235655
0.95652173913 0.0238181162035
0.957142857143 0.0241789967521
0.957746478873 0.0245398773006
0.958333333333 0.0249007578492
0.958904109589 0.0252616383977
0.959459459459 0.0256225189462
0.96 0.0259833994948
0.960526315789 0.0263442800433
0.961038961039 0.0267051605918
0.961538461538 0.0270660411404
0.962025316456 0.0274269216889
0.9625 0.0277878022375
0.962962962963 0.028148682786
0.963414634146 0.0285095633345
0.963855421687 0.0288704438831
0.964285714286 0.0292313244316
0.964705882353 0.0295922049802
0.96511627907 0.0299530855287
0.965517241379 0.0303139660772
0.954545454545 0.0303139660772
0.943820224719 0.0303139660772
0.944444444444 0.0306748466258
0.945054945055 0.0310357271743
0.945652173913 0.0313966077228
0.94623655914 0.0317574882714
0.946808510638 0.0321183688199
0.947368421053 0.0324792493685
0.947916666667 0.032840129917
0.948453608247 0.0332010104655
0.948979591837 0.0335618910141
0.949494949495 0.0339227715626
0.95 0.0342836521112
0.950495049505 0.0346445326597
0.950980392157 0.0350054132082
0.95145631068 0.0353662937568
0.951923076923 0.0357271743053
0.952380952381 0.0360880548538
0.952830188679 0.0364489354024
0.953271028037 0.0368098159509
0.953703703704 0.0371706964995
0.954128440367 0.037531577048
0.954545454545 0.0378924575965
0.954954954955 0.0382533381451
0.955357142857 0.0386142186936
0.955752212389 0.0389750992422
0.956140350877 0.0393359797907
0.95652173913 0.0396968603392
0.956896551724 0.0400577408878
0.957264957265 0.0404186214363
0.957627118644 0.0407795019848
0.957983193277 0.0411403825334
0.958333333333 0.0415012630819
0.95867768595 0.0418621436305
0.959016393443 0.042223024179
0.959349593496 0.0425839047275
0.959677419355 0.0429447852761
0.96 0.0433056658246
0.960317460317 0.0436665463732
0.96062992126 0.0440274269217
0.9609375 0.0443883074702
0.961240310078 0.0447491880188
0.961538461538 0.0451100685673
0.961832061069 0.0454709491158
0.962121212121 0.0458318296644
0.962406015038 0.0461927102129
0.962686567164 0.0465535907615
0.962962962963 0.04691447131
0.955882352941 0.04691447131
0.948905109489 0.04691447131
0.942028985507 0.04691447131
0.942446043165 0.0472753518585
0.942857142857 0.0476362324071
0.943262411348 0.0479971129556
0.943661971831 0.0483579935042
0.944055944056 0.0487188740527
0.944444444444 0.0490797546012
0.944827586207 0.0494406351498
0.945205479452 0.0498015156983
0.945578231293 0.0501623962468
0.945945945946 0.0505232767954
0.946308724832 0.0508841573439
0.946666666667 0.0512450378925
0.94701986755 0.051605918441
0.947368421053 0.0519667989895
0.947712418301 0.0523276795381
0.948051948052 0.0526885600866
0.948387096774 0.0530494406351
0.948717948718 0.0534103211837
0.949044585987 0.0537712017322
0.949367088608 0.0541320822808
0.949685534591 0.0544929628293
0.95 0.0548538433778
0.950310559006 0.0552147239264
0.950617283951 0.0555756044749
0.950920245399 0.0559364850235
0.951219512195 0.056297365572
0.951515151515 0.0566582461205
0.951807228916 0.0570191266691
0.952095808383 0.0573800072176
0.952380952381 0.0577408877661
0.952662721893 0.0581017683147
0.952941176471 0.0584626488632
0.953216374269 0.0588235294118
0.953488372093 0.0591844099603
0.953757225434 0.0595452905088
0.954022988506 0.0599061710574
0.954285714286 0.0602670516059
0.954545454545 0.0606279321545
0.954802259887 0.060988812703
0.955056179775 0.0613496932515
0.95530726257 0.0617105738001
0.955555555556 0.0620714543486
0.955801104972 0.0624323348971
0.956043956044 0.0627932154457
0.956284153005 0.0631540959942
0.95652173913 0.0635149765428
0.956756756757 0.0638758570913
0.956989247312 0.0642367376398
0.957219251337 0.0645976181884
0.957446808511 0.0649584987369
0.957671957672 0.0653193792855
0.957894736842 0.065680259834
0.958115183246 0.0660411403825
0.958333333333 0.0664020209311
0.958549222798 0.0667629014796
0.958762886598 0.0671237820281
0.953846153846 0.0671237820281
0.948979591837 0.0671237820281
0.944162436548 0.0671237820281
0.944444444444 0.0674846625767
0.94472361809 0.0678455431252
0.945 0.0682064236738
0.945273631841 0.0685673042223
0.945544554455 0.0689281847708
0.945812807882 0.0692890653194
0.946078431373 0.0696499458679
0.946341463415 0.0700108264165
0.946601941748 0.070371706965
0.946859903382 0.0707325875135
0.947115384615 0.0710934680621
0.947368421053 0.0714543486106
0.947619047619 0.0718152291591
0.947867298578 0.0721761097077
0.948113207547 0.0725369902562
0.948356807512 0.0728978708048
0.948598130841 0.0732587513533
0.948837209302 0.0736196319018
0.949074074074 0.0739805124504
0.94930875576 0.0743413929989
0.949541284404 0.0747022735475
0.949771689498 0.075063154096
0.95 0.0754240346445
0.950226244344 0.0757849151931
0.95045045045 0.0761457957416
0.95067264574 0.0765066762901
0.950892857143 0.0768675568387
0.951111111111 0.0772284373872
0.951327433628 0.0775893179358
0.95154185022 0.0779501984843
0.951754385965 0.0783110790328
0.951965065502 0.0786719595814
0.952173913043 0.0790328401299
0.952380952381 0.0793937206785
0.952586206897 0.079754601227
0.952789699571 0.0801154817755
0.952991452991 0.0804763623241
0.953191489362 0.0808372428726
0.953389830508 0.0811981234211
0.95358649789 0.0815590039697
0.953781512605 0.0819198845182
0.953974895397 0.0822807650668
0.954166666667 0.0826416456153
0.954356846473 0.0830025261638
0.954545454545 0.0833634067124
0.954732510288 0.0837242872609
0.954918032787 0.0840851678095
0.955102040816 0.084446048358
0.955284552846 0.0848069289065
0.955465587045 0.0851678094551
0.95564516129 0.0855286900036
0.955823293173 0.0858895705521
0.956 0.0862504511007
0.956175298805 0.0866113316492
0.956349206349 0.0869722121978
0.95652173913 0.0873330927463
0.956692913386 0.0876939732948
0.956862745098 0.0880548538434
0.95703125 0.0884157343919
0.95719844358 0.0887766149405
0.957364341085 0.089137495489
0.957528957529 0.0894983760375
0.957692307692 0.0898592565861
0.95785440613 0.0902201371346
0.958015267176 0.0905810176831
0.958174904943 0.0909418982317
0.958333333333 0.0913027787802
0.958490566038 0.0916636593288
0.958646616541 0.0920245398773
0.958801498127 0.0923854204258
0.958955223881 0.0927463009744
0.959107806691 0.0931071815229
0.959259259259 0.0934680620715
0.959409594096 0.09382894262
0.959558823529 0.0941898231685
0.959706959707 0.0945507037171
0.959854014599 0.0949115842656
0.96 0.0952724648141
0.960144927536 0.0956333453627
0.960288808664 0.0959942259112
0.960431654676 0.0963551064598
0.960573476703 0.0967159870083
0.960714285714 0.0970768675568
0.957295373665 0.0970768675568
0.95390070922 0.0970768675568
0.950530035336 0.0970768675568
0.947183098592 0.0970768675568
0.943859649123 0.0970768675568
0.944055944056 0.0974377481054
0.94425087108 0.0977986286539
0.940972222222 0.0977986286539
0.941176470588 0.0981595092025
0.941379310345 0.098520389751
0.941580756014 0.0988812702995
0.941780821918 0.0992421508481
0.941979522184 0.0996030313966
0.942176870748 0.0999639119451
0.942372881356 0.100324792494
0.942567567568 0.100685673042
0.942760942761 0.101046553591
0.942953020134 0.101407434139
0.943143812709 0.101768314688
0.943333333333 0.102129195236
0.943521594684 0.102490075785
0.943708609272 0.102850956333
0.943894389439 0.103211836882
0.944078947368 0.103572717431
0.944262295082 0.103933597979
0.944444444444 0.104294478528
0.944625407166 0.104655359076
0.944805194805 0.105016239625
0.94498381877 0.105377120173
0.945161290323 0.105738000722
0.945337620579 0.10609888127
0.945512820513 0.106459761819
0.945686900958 0.106820642367
0.945859872611 0.107181522916
0.946031746032 0.107542403464
0.946202531646 0.107903284013
0.946372239748 0.108264164562
0.946540880503 0.10862504511
0.94670846395 0.108985925659
0.946875 0.109346806207
0.947040498442 0.109707686756
0.947204968944 0.110068567304
0.947368421053 0.110429447853
0.947530864198 0.110790328401
0.947692307692 0.11115120895
0.947852760736 0.111512089498
0.948012232416 0.111872970047
0.948170731707 0.112233850595
0.948328267477 0.112594731144
0.948484848485 0.112955611693
0.948640483384 0.113316492241
0.948795180723 0.11367737279
0.948948948949 0.114038253338
0.949101796407 0.114399133887
0.949253731343 0.114760014435
0.949404761905 0.115120894984
0.949554896142 0.115481775532
0.949704142012 0.115842656081
0.949852507375 0.116203536629
0.95 0.116564417178
0.950146627566 0.116925297726
0.950292397661 0.117286178275
0.950437317784 0.117647058824
0.950581395349 0.118007939372
0.950724637681 0.118368819921
0.950867052023 0.118729700469
0.951008645533 0.119090581018
0.951149425287 0.119451461566
0.951289398281 0.119812342115
0.951428571429 0.120173222663
0.951566951567 0.120534103212
0.951704545455 0.12089498376
0.951841359773 0.121255864309
0.95197740113 0.121616744857
0.952112676056 0.121977625406
0.952247191011 0.122338505955
0.952380952381 0.122699386503
0.95251396648 0.123060267052
0.949860724234 0.123060267052
0.947222222222 0.123060267052
0.94459833795 0.123060267052
0.944751381215 0.1234211476
0.944903581267 0.123782028149
0.945054945055 0.124142908697
0.945205479452 0.124503789246
0.945355191257 0.124864669794
0.945504087193 0.125225550343
0.945652173913 0.125586430891
0.945799457995 0.12594731144
0.945945945946 0.126308191988
0.946091644205 0.126669072537
0.94623655914 0.127029953086
0.946380697051 0.127390833634
0.946524064171 0.127751714183
0.946666666667 0.128112594731
0.946808510638 0.12847347528
0.946949602122 0.128834355828
0.94708994709 0.129195236377
0.947229551451 0.129556116925
0.947368421053 0.129916997474
0.94750656168 0.130277878022
0.947643979058 0.130638758571
0.947780678851 0.130999639119
0.947916666667 0.131360519668
0.948051948052 0.131721400217
0.948186528497 0.132082280765
0.948320413437 0.132443161314
0.948453608247 0.132804041862
0.948586118252 0.133164922411
0.948717948718 0.133525802959
0.948849104859 0.133886683508
0.948979591837 0.134247564056
0.949109414758 0.134608444605
0.94923857868 0.134969325153
0.949367088608 0.135330205702
0.949494949495 0.13569108625
0.949622166247 0.136051966799
0.947236180905 0.136051966799
0.947368421053 0.136412847348
0.9475 0.136773727896
0.947630922693 0.137134608445
0.94776119403 0.137495488993
0.947890818859 0.137856369542
0.94801980198 0.13821725009
0.948148148148 0.138578130639
0.948275862069 0.138939011187
0.948402948403 0.139299891736
0.948529411765 0.139660772284
0.948655256724 0.140021652833
0.948780487805 0.140382533381
0.948905109489 0.14074341393
0.949029126214 0.141104294479
0.949152542373 0.141465175027
0.949275362319 0.141826055576
0.949397590361 0.142186936124
0.949519230769 0.142547816673
0.94964028777 0.142908697221
0.94976076555 0.14326957777
0.949880668258 0.143630458318
0.95 0.143991338867
0.950118764846 0.144352219415
0.950236966825 0.144713099964
0.950354609929 0.145073980512
0.950471698113 0.145434861061
0.950588235294 0.14579574161
0.950704225352 0.146156622158
0.950819672131 0.146517502707
0.950934579439 0.146878383255
0.951048951049 0.147239263804
0.951162790698 0.147600144352
0.951276102088 0.147961024901
0.951388888889 0.148321905449
0.951501154734 0.148682785998
0.951612903226 0.149043666546
0.949425287356 0.149043666546
0.947247706422 0.149043666546
0.947368421053 0.149404547095
0.947488584475 0.149765427643
0.947608200456 0.150126308192
0.947727272727 0.150487188741
0.947845804989 0.150848069289
0.947963800905 0.151208949838
0.948081264108 0.151569830386
0.948198198198 0.151930710935
0.948314606742 0.152291591483
0.948430493274 0.152652472032
0.948545861298 0.15301335258
0.948660714286 0.153374233129
0.948775055679 0.153735113677
0.948888888889 0.154095994226
0.946784922395 0.154095994226
0.946902654867 0.154456874774
0.94701986755 0.154817755323
0.947136563877 0.155178635872
0.947252747253 0.15553951642
0.947368421053 0.155900396969
0.947483588621 0.156261277517
0.947598253275 0.156622158066
0.947712418301 0.156983038614
0.947826086957 0.157343919163
0.947939262473 0.157704799711
0.948051948052 0.15806568026
0.948164146868 0.158426560808
0.948275862069 0.158787441357
0.948387096774 0.159148321905
0.948497854077 0.159509202454
0.946466809422 0.159509202454
0.944444444444 0.159509202454
0.942430703625 0.159509202454
0.942553191489 0.159870083003
0.942675159236 0.160230963551
0.942796610169 0.1605918441
0.942917547569 0.160952724648
0.943037974684 0.161313605197
0.943157894737 0.161674485745
0.943277310924 0.162035366294
0.943396226415 0.162396246842
0.943514644351 0.162757127391
0.94363256785 0.163118007939
0.94375 0.163478888488
0.943866943867 0.163839769036
0.94398340249 0.164200649585
0.944099378882 0.164561530134
0.944214876033 0.164922410682
0.944329896907 0.165283291231
0.944444444444 0.165644171779
0.944558521561 0.166005052328
0.944672131148 0.166365932876
0.944785276074 0.166726813425
0.944897959184 0.167087693973
0.945010183299 0.167448574522
0.94512195122 0.16780945507
0.94523326572 0.168170335619
0.945344129555 0.168531216167
0.945454545455 0.168892096716
0.945564516129 0.169252977265
0.943661971831 0.169252977265
0.941767068273 0.169252977265
0.939879759519 0.169252977265
0.938 0.169252977265
0.936127744511 0.169252977265
0.93625498008 0.169613857813
0.936381709742 0.169974738362
0.936507936508 0.17033561891
0.936633663366 0.170696499459
0.936758893281 0.171057380007
0.936883629191 0.171418260556
0.937007874016 0.171779141104
0.937131630648 0.172140021653
0.937254901961 0.172500902201
0.937377690802 0.17286178275
0.9375 0.173222663298
0.937621832359 0.173583543847
0.937743190661 0.173944424396
0.93786407767 0.174305304944
0.937984496124 0.174666185493
0.938104448743 0.175027066041
0.938223938224 0.17538794659
0.938342967245 0.175748827138
0.938461538462 0.176109707687
0.938579654511 0.176470588235
0.938697318008 0.176831468784
0.938814531549 0.177192349332
0.93893129771 0.177553229881
0.939047619048 0.177914110429
0.939163498099 0.178274990978
0.939278937381 0.178635871527
0.9375 0.178635871527
0.93572778828 0.178635871527
0.935849056604 0.178996752075
0.935969868173 0.179357632624
0.936090225564 0.179718513172
0.936210131332 0.180079393721
0.936329588015 0.180440274269
0.936448598131 0.180801154818
0.936567164179 0.181162035366
0.936685288641 0.181522915915
0.936802973978 0.181883796463
0.936920222635 0.182244677012
0.937037037037 0.18260555756
0.937153419593 0.182966438109
0.937269372694 0.183327318658
0.937384898711 0.183688199206
0.9375 0.184049079755
0.937614678899 0.184409960303
0.937728937729 0.184770840852
0.937842778793 0.1851317214
0.93795620438 0.185492601949
0.938069216758 0.185853482497
0.938181818182 0.186214363046
0.938294010889 0.186575243594
0.938405797101 0.186936124143
0.938517179024 0.187297004691
0.938628158845 0.18765788524
0.938738738739 0.188018765789
0.937050359712 0.188018765789
0.935368043088 0.188018765789
0.935483870968 0.188379646337
0.935599284436 0.188740526886
0.935714285714 0.189101407434
0.935828877005 0.189462287983
0.935943060498 0.189823168531
0.936056838366 0.19018404908
0.936170212766 0.190544929628
0.936283185841 0.190905810177
0.936395759717 0.191266690725
0.936507936508 0.191627571274
0.93661971831 0.191988451822
0.936731107206 0.192349332371
0.936842105263 0.19271021292
0.936952714536 0.193071093468
0.937062937063 0.193431974017
0.937172774869 0.193792854565
0.937282229965 0.194153735114
0.937391304348 0.194514615662
0.9375 0.194875496211
0.937608318891 0.195236376759
0.937716262976 0.195597257308
0.937823834197 0.195958137856
0.937931034483 0.196319018405
0.938037865749 0.196679898953
0.938144329897 0.197040779502
0.938250428816 0.197401660051
0.938356164384 0.197762540599
0.938461538462 0.198123421148
0.938566552901 0.198484301696
0.93867120954 0.198845182245
0.938775510204 0.199206062793
0.938879456706 0.199566943342
0.938983050847 0.19992782389
0.939086294416 0.200288704439
0.9375 0.200288704439
0.93760539629 0.200649584987
0.93771043771 0.201010465536
0.93781512605 0.201371346084
0.937919463087 0.201732226633
0.938023450586 0.202093107182
0.938127090301 0.20245398773
0.938230383973 0.202814868279
0.938333333333 0.203175748827
0.9384359401 0.203536629376
0.93853820598 0.203897509924
0.93864013267 0.204258390473
0.938741721854 0.204619271021
0.938842975207 0.20498015157
0.938943894389 0.205341032118
0.939044481054 0.205701912667
0.939144736842 0.206062793215
0.939244663383 0.206423673764
0.939344262295 0.206784554313
0.939443535188 0.207145434861
0.93954248366 0.20750631541
0.939641109299 0.207867195958
0.939739413681 0.208228076507
0.939837398374 0.208588957055
0.939935064935 0.208949837604
0.940032414911 0.209310718152
0.940129449838 0.209671598701
0.940226171244 0.210032479249
0.940322580645 0.210393359798
0.938808373591 0.210393359798
0.93729903537 0.210393359798
0.937399678973 0.210754240346
0.9375 0.211115120895
0.9376 0.211476001444
0.937699680511 0.211836881992
0.937799043062 0.212197762541
0.937898089172 0.212558643089
0.93799682035 0.212919523638
0.938095238095 0.213280404186
0.938193343899 0.213641284735
0.938291139241 0.214002165283
0.938388625592 0.214363045832
0.938485804416 0.21472392638
0.938582677165 0.215084806929
0.938679245283 0.215445687477
0.938775510204 0.215806568026
0.938871473354 0.216167448575
0.93896713615 0.216528329123
0.9390625 0.216889209672
0.939157566303 0.21725009022
0.939252336449 0.217610970769
0.93934681182 0.217971851317
0.939440993789 0.218332731866
0.939534883721 0.218693612414
0.939628482972 0.219054492963
0.93972179289 0.219415373511
0.939814814815 0.21977625406
0.939907550077 0.220137134608
0.94 0.220498015157
0.940092165899 0.220858895706
0.94018404908 0.221219776254
0.938744257274 0.221219776254
0.937308868502 0.221219776254
0.935877862595 0.221219776254
0.934451219512 0.221219776254
0.934550989346 0.221580656803
0.934650455927 0.221941537351
0.934749620637 0.2223024179
0.934848484848 0.222663298448
0.934947049924 0.223024178997
0.935045317221 0.223385059545
0.935143288084 0.223745940094
0.935240963855 0.224106820642
0.935338345865 0.224467701191
0.935435435435 0.224828581739
0.935532233883 0.225189462288
0.935628742515 0.225550342837
0.935724962631 0.225911223385
0.935820895522 0.226272103934
0.935916542474 0.226632984482
0.936011904762 0.226993865031
0.936106983655 0.227354745579
0.936201780415 0.227715626128
0.936296296296 0.228076506676
0.936390532544 0.228437387225
0.936484490399 0.228798267773
0.936578171091 0.229159148322
0.936671575847 0.22952002887
0.936764705882 0.229880909419
0.936857562408 0.230241789968
0.936950146628 0.230602670516
0.937042459736 0.230963551065
0.937134502924 0.231324431613
0.937226277372 0.231685312162
0.937317784257 0.23204619271
0.937409024745 0.232407073259
0.9375 0.232767953807
0.937590711176 0.233128834356
0.93768115942 0.233489714904
0.936324167873 0.233489714904
0.934971098266 0.233489714904
0.935064935065 0.233850595453
0.935158501441 0.234211476001
0.935251798561 0.23457235655
0.935344827586 0.234933237099
0.93543758967 0.235294117647
0.93553008596 0.235654998196
0.935622317597 0.236015878744
0.935714285714 0.236376759293
0.935805991441 0.236737639841
0.935897435897 0.23709852039
0.935988620199 0.237459400938
0.936079545455 0.237820281487
0.936170212766 0.238181162035
0.936260623229 0.238542042584
0.936350777935 0.238902923132
0.936440677966 0.239263803681
0.936530324401 0.23962468423
0.93661971831 0.239985564778
0.936708860759 0.240346445327
0.936797752809 0.240707325875
0.936886395512 0.241068206424
0.936974789916 0.241429086972
0.937062937063 0.241789967521
0.935754189944 0.241789967521
0.934449093445 0.241789967521
0.933147632312 0.241789967521
0.931849791377 0.241789967521
0.930555555556 0.241789967521
0.930651872399 0.242150848069
0.930747922438 0.242511728618
0.930843706777 0.242872609166
0.930939226519 0.243233489715
0.931034482759 0.243594370263
0.931129476584 0.243955250812
0.931224209078 0.244316131361
0.931318681319 0.244677011909
0.931412894376 0.245037892458
0.931506849315 0.245398773006
0.931600547196 0.245759653555
0.931693989071 0.246120534103
0.931787175989 0.246481414652
0.931880108992 0.2468422952
0.931972789116 0.247203175749
0.932065217391 0.247564056297
0.932157394844 0.247924936846
0.932249322493 0.248285817394
0.932341001353 0.248646697943
0.932432432432 0.249007578492
0.932523616734 0.24936845904
0.932614555256 0.249729339589
0.932705248991 0.250090220137
0.932795698925 0.250451100686
0.93288590604 0.250811981234
0.932975871314 0.251172861783
0.933065595716 0.251533742331
0.933155080214 0.25189462288
0.933244325768 0.252255503428
0.933333333333 0.252616383977
0.933422103862 0.252977264525
0.933510638298 0.253338145074
0.933598937583 0.253699025623
0.933687002653 0.254059906171
0.933774834437 0.25442078672
0.933862433862 0.254781667268
0.932628797886 0.254781667268
0.931398416887 0.254781667268
0.931488801054 0.255142547817
0.931578947368 0.255503428365
0.931668856767 0.255864308914
0.931758530184 0.256225189462
0.931847968545 0.256586070011
0.931937172775 0.256946950559
0.932026143791 0.257307831108
0.932114882507 0.257668711656
0.932203389831 0.258029592205
0.932291666667 0.258390472754
0.932379713914 0.258751353302
0.932467532468 0.259112233851
0.932555123217 0.259473114399
0.932642487047 0.259833994948
0.932729624838 0.260194875496
0.932816537468 0.260555756045
0.932903225806 0.260916636593
0.932989690722 0.261277517142
0.933075933076 0.26163839769
0.933161953728 0.261999278239
0.93324775353 0.262360158787
0.933333333333 0.262721039336
0.933418693982 0.263081919885
0.933503836317 0.263442800433
0.933588761175 0.263803680982
0.933673469388 0.26416456153
0.933757961783 0.264525442079
0.933842239186 0.264886322627
0.933926302414 0.265247203176
0.934010152284 0.265608083724
0.934093789607 0.265968964273
0.93417721519 0.266329844821
0.934260429836 0.26669072537
0.934343434343 0.267051605918
0.934426229508 0.267412486467
0.934508816121 0.267773367016
0.933333333333 0.267773367016
0.93216080402 0.267773367016
0.932245922208 0.268134247564
0.932330827068 0.268495128113
0.932415519399 0.268856008661
0.9325 0.26921688921
0.932584269663 0.269577769758
0.932668329177 0.269938650307
0.932752179328 0.270299530855
0.932835820896 0.270660411404
0.932919254658 0.271021291952
0.93300248139 0.271382172501
0.933085501859 0.271743053049
0.933168316832 0.272103933598
0.93325092707 0.272464814147
0.933333333333 0.272825694695
0.933415536375 0.273186575244
0.933497536946 0.273547455792
0.933579335793 0.273908336341
0.933660933661 0.274269216889
0.933742331288 0.274630097438
0.933823529412 0.274990977986
0.933904528764 0.275351858535
0.933985330073 0.275712739083
0.934065934066 0.276073619632
0.934146341463 0.27643450018
0.934226552984 0.276795380729
0.934306569343 0.277156261278
0.934386391252 0.277517141826
0.934466019417 0.277878022375
0.934545454545 0.278238902923
0.934624697337 0.278599783472
0.934703748489 0.27896066402
0.934782608696 0.279321544569
0.934861278649 0.279682425117
0.934939759036 0.280043305666
0.935018050542 0.280404186214
0.933894230769 0.280404186214
0.932773109244 0.280404186214
0.931654676259 0.280404186214
0.930538922156 0.280404186214
0.929425837321 0.280404186214
0.929510155317 0.280765066763
0.929594272076 0.281125947311
0.929678188319 0.28148682786
0.929761904762 0.281847708409
0.929845422117 0.282208588957
0.929928741093 0.282569469506
0.930011862396 0.282930350054
0.93009478673 0.283291230603
0.930177514793 0.283652111151
0.930260047281 0.2840129917
0.930342384888 0.284373872248
0.930424528302 0.284734752797
0.93050647821 0.285095633345
0.930588235294 0.285456513894
0.930669800235 0.285817394442
0.930751173709 0.286178274991
0.930832356389 0.28653915554
0.930913348946 0.286900036088
0.930994152047 0.287260916637
0.931074766355 0.287621797185
0.931155192532 0.287982677734
0.931235431235 0.288343558282
0.93131548312 0.288704438831
0.931395348837 0.289065319379
0.931475029036 0.289426199928
0.931554524362 0.289787080476
0.931633835458 0.290147961025
0.930555555556 0.290147961025
0.93063583815 0.290508841573
0.930715935335 0.290869722122
0.930795847751 0.291230602671
0.930875576037 0.291591483219
0.930955120829 0.291952363768
0.931034482759 0.292313244316
0.931113662457 0.292674124865
0.93119266055 0.293035005413
0.931271477663 0.293395885962
0.931350114416 0.29375676651
0.931428571429 0.294117647059
0.931506849315 0.294478527607
0.931584948689 0.294839408156
0.931662870159 0.295200288704
0.931740614334 0.295561169253
0.931818181818 0.295922049802
0.931895573212 0.29628293035
0.931972789116 0.296643810899
0.932049830125 0.297004691447
0.932126696833 0.297365571996
0.932203389831 0.297726452544
0.932279909707 0.298087333093
0.932356257046 0.298448213641
0.932432432432 0.29880909419
0.931383577053 0.29880909419
0.930337078652 0.29880909419
0.930415263749 0.299169974738
0.930493273543 0.299530855287
0.930571108623 0.299891735835
0.930648769575 0.300252616384
0.930726256983 0.300613496933
0.930803571429 0.300974377481
0.930880713489 0.30133525803
0.930957683742 0.301696138578
0.931034482759 0.302057019127
0.931111111111 0.302417899675
0.931187569367 0.302778780224
0.931263858093 0.303139660772
0.931339977852 0.303500541321
0.931415929204 0.303861421869
0.931491712707 0.304222302418
0.931567328918 0.304583182966
0.93164277839 0.304944063515
0.931718061674 0.305304944064
0.931793179318 0.305665824612
0.931868131868 0.306026705161
0.931942919868 0.306387585709
0.93201754386 0.306748466258
0.932092004381 0.307109346806
0.932166301969 0.307470227355
0.932240437158 0.307831107903
0.93231441048 0.308191988452
0.932388222465 0.308552869
0.932461873638 0.308913749549
0.932535364527 0.309274630097
0.93152173913 0.309274630097
0.930510314875 0.309274630097
0.929501084599 0.309274630097
0.92849404117 0.309274630097
0.927489177489 0.309274630097
0.927567567568 0.309635510646
0.927645788337 0.309996391195
0.927723840345 0.310357271743
0.927801724138 0.310718152292
0.927879440258 0.31107903284
0.927956989247 0.311439913389
0.928034371643 0.311800793937
0.928111587983 0.312161674486
0.9281886388 0.312522555034
0.928265524625 0.312883435583
0.928342245989 0.313244316131
0.928418803419 0.31360519668
0.928495197439 0.313966077228
0.928571428571 0.314326957777
0.928647497338 0.314687838326
0.928723404255 0.315048718874
0.928799149841 0.315409599423
0.928874734607 0.315770479971
0.928950159067 0.31613136052
0.929025423729 0.316492241068
0.929100529101 0.316853121617
0.929175475687 0.317214002165
0.929250263992 0.317574882714
0.929324894515 0.317935763262
0.929399367756 0.318296643811
0.929473684211 0.318657524359
0.929547844374 0.319018404908
0.929621848739 0.319379285457
0.929695697796 0.319740166005
0.928721174004 0.319740166005
0.927748691099 0.319740166005
0.927824267782 0.320101046554
0.92789968652 0.320461927102
0.927974947808 0.320822807651
0.928050052138 0.321183688199
0.928125 0.321544568748
0.928199791883 0.321905449296
0.928274428274 0.322266329845
0.928348909657 0.322627210393
0.928423236515 0.322988090942
0.928497409326 0.32334897149
0.928571428571 0.323709852039
0.928645294726 0.324070732588
0.928719008264 0.324431613136
0.928792569659 0.324792493685
0.928865979381 0.325153374233
0.928939237899 0.325514254782
0.929012345679 0.32587513533
0.929085303186 0.326236015879
0.929158110883 0.326596896427
0.929230769231 0.326957776976
0.929303278689 0.327318657524
0.929375639713 0.327679538073
0.929447852761 0.328040418621
0.929519918284 0.32840129917
0.929591836735 0.328762179719
0.929663608563 0.329123060267
0.929735234216 0.329483940816
0.92980671414 0.329844821364
0.92987804878 0.330205701913
0.928934010152 0.330205701913
0.92799188641 0.330205701913
0.927051671733 0.330205701913
0.927125506073 0.330566582461
0.927199191102 0.33092746301
0.927272727273 0.331288343558
0.927346115035 0.331649224107
0.927419354839 0.332010104655
0.92749244713 0.332370985204
0.927565392354 0.332731865752
0.927638190955 0.333092746301
0.927710843373 0.33345362685
0.92778335005 0.333814507398
0.927855711423 0.334175387947
0.927927927928 0.334536268495
0.928 0.334897149044
0.928071928072 0.335258029592
0.928143712575 0.335618910141
0.928215353938 0.335979790689
0.92828685259 0.336340671238
0.928358208955 0.336701551786
0.928429423459 0.337062432335
0.928500496524 0.337423312883
0.928571428571 0.337784193432
0.92864222002 0.338145073981
0.928712871287 0.338505954529
0.928783382789 0.338866835078
0.928853754941 0.339227715626
0.928923988154 0.339588596175
0.92899408284 0.339949476723
0.929064039409 0.340310357272
0.929133858268 0.34067123782
0.929203539823 0.341032118369
0.929273084479 0.341392998917
0.928361138371 0.341392998917
0.927450980392 0.341392998917
0.926542605289 0.341392998917
0.925636007828 0.341392998917
0.925708699902 0.341753879466
0.92578125 0.342114760014
0.925853658537 0.342475640563
0.925925925926 0.342836521112
0.92599805258 0.34319740166
0.926070038911 0.343558282209
0.926141885326 0.343919162757
0.926213592233 0.344280043306
0.926285160039 0.344640923854
0.926356589147 0.345001804403
0.926427879961 0.345362684951
0.926499032882 0.3457235655
0.926570048309 0.346084446048
0.926640926641 0.346445326597
0.926711668274 0.346806207145
0.926782273603 0.347167087694
0.926852743022 0.347527968243
0.926923076923 0.347888848791
0.926993275696 0.34824972934
0.927063339731 0.348610609888
0.927133269415 0.348971490437
0.927203065134 0.349332370985
0.927272727273 0.349693251534
0.927342256214 0.350054132082
0.92741165234 0.350415012631
0.927480916031 0.350775893179
0.927550047664 0.351136773728
0.927619047619 0.351497654276
0.92768791627 0.351858534825
0.927756653992 0.352219415374
0.927825261159 0.352580295922
0.92789373814 0.352941176471
0.927962085308 0.353302057019
0.92803030303 0.353662937568
0.928098391675 0.354023818116
0.928166351607 0.354384698665
0.928234183192 0.354745579213
0.928301886792 0.355106459762
0.928369462771 0.35546734031
0.928436911488 0.355828220859
0.928504233302 0.356189101407
0.928571428571 0.356549981956
0.928638497653 0.356910862505
0.928705440901 0.357271743053
0.928772258669 0.357632623602
0.928838951311 0.35799350415
0.928905519177 0.358354384699
0.928971962617 0.358715265247
0.929038281979 0.359076145796
0.929104477612 0.359437026344
0.92917054986 0.359797906893
0.929236499069 0.360158787441
0.929302325581 0.36051966799
0.92936802974 0.360880548538
0.929433611885 0.361241429087
0.929499072356 0.361602309636
0.929564411492 0.361963190184
0.92962962963 0.362324070733
0.929694727105 0.362684951281
0.929759704251 0.36304583183
0.929824561404 0.363406712378
0.929889298893 0.363767592927
0.929953917051 0.364128473475
0.930018416206 0.364489354024
0.930082796688 0.364850234572
0.930147058824 0.365211115121
0.930211202938 0.365571995669
0.930275229358 0.365932876218
0.930339138405 0.366293756767
0.930402930403 0.366654637315
0.930466605672 0.367015517864
0.930530164534 0.367376398412
0.930593607306 0.367737278961
0.930656934307 0.368098159509
0.930720145852 0.368459040058
0.930783242259 0.368819920606
0.93084622384 0.369180801155
0.930909090909 0.369541681703
0.930971843778 0.369902562252
0.930127041742 0.369902562252
0.929283771532 0.369902562252
0.928442028986 0.369902562252
0.927601809955 0.369902562252
0.926763110307 0.369902562252
0.925925925926 0.369902562252
0.925992779783 0.3702634428
0.926059513075 0.370624323349
0.926126126126 0.370985203898
0.926192619262 0.371346084446
0.926258992806 0.371706964995
0.92632524708 0.372067845543
0.926391382406 0.372428726092
0.926457399103 0.37278960664
0.926523297491 0.373150487189
0.926589077887 0.373511367737
0.926654740608 0.373872248286
0.92582663092 0.373872248286
0.925892857143 0.374233128834
0.92595896521 0.374594009383
0.926024955437 0.374954889931
0.926090828139 0.37531577048
0.92615658363 0.375676651029
0.926222222222 0.376037531577
0.926287744227 0.376398412126
0.926353149956 0.376759292674
0.926418439716 0.377120173223
0.926483613818 0.377481053771
0.926548672566 0.37784193432
0.926613616269 0.378202814868
0.92667844523 0.378563695417
0.926743159753 0.378924575965
0.926807760141 0.379285456514
0.926872246696 0.379646337062
0.926936619718 0.380007217611
0.927000879507 0.38036809816
0.927065026362 0.380728978708
0.927129060579 0.381089859257
0.927192982456 0.381450739805
0.927256792287 0.381811620354
0.927320490368 0.382172500902
0.92738407699 0.382533381451
0.927447552448 0.382894261999
0.927510917031 0.383255142548
0.92757417103 0.383616023096
0.927637314734 0.383976903645
0.927700348432 0.384337784193
0.927763272411 0.384698664742
0.927826086957 0.385059545291
0.927888792354 0.385420425839
0.927951388889 0.385781306388
0.928013876843 0.386142186936
0.928076256499 0.386503067485
0.928138528139 0.386863948033
0.928200692042 0.387224828582
0.928262748487 0.38758570913
0.928324697755 0.387946589679
0.928386540121 0.388307470227
0.928448275862 0.388668350776
0.928509905254 0.389029231324
0.928571428571 0.389390111873
0.928632846088 0.389750992422
0.928694158076 0.39011187297
0.928755364807 0.390472753519
0.928816466552 0.390833634067
0.928877463582 0.391194514616
0.928938356164 0.391555395164
0.928999144568 0.391916275713
0.92905982906 0.392277156261
0.929120409906 0.39263803681
0.929180887372 0.392998917358
0.929241261722 0.393359797907
0.92930153322 0.393720678455
0.929361702128 0.394081559004
0.929421768707 0.394442439553
0.92948173322 0.394803320101
0.929541595925 0.39516420065
0.929601357082 0.395525081198
0.929661016949 0.395885961747
0.929720575783 0.396246842295
0.929780033841 0.396607722844
0.929839391378 0.396968603392
0.929054054054 0.396968603392
0.928270042194 0.396968603392
0.928330522766 0.397329483941
0.928390901432 0.397690364489
0.928451178451 0.398051245038
0.928511354079 0.398412125586
0.928571428571 0.398773006135
0.928631402183 0.399133886684
0.928691275168 0.399494767232
0.928751047779 0.399855647781
0.928810720268 0.400216528329
0.928870292887 0.400577408878
0.928929765886 0.400938289426
0.928989139515 0.401299169975
0.929048414023 0.401660050523
0.929107589658 0.402020931072
0.929166666667 0.40238181162
0.929225645296 0.402742692169
0.92928452579 0.403103572717
0.929343308396 0.403464453266
0.929401993355 0.403825333815
0.929460580913 0.404186214363
0.92951907131 0.404547094912
0.929577464789 0.40490797546
0.929635761589 0.405268856009
0.929693961952 0.405629736557
0.929752066116 0.405990617106
0.929810074319 0.406351497654
0.929867986799 0.406712378203
0.929925803792 0.407073258751
0.929983525535 0.4074341393
0.930041152263 0.407795019848
0.930098684211 0.408155900397
0.930156121611 0.408516780946
0.930213464696 0.408877661494
0.9302707137 0.409238542043
0.930327868852 0.409599422591
0.930384930385 0.40996030314
0.930441898527 0.410321183688
0.930498773508 0.410682064237
0.930555555556 0.411042944785
0.929795918367 0.411042944785
0.929037520392 0.411042944785
0.929095354523 0.411403825334
0.929153094463 0.411764705882
0.929210740439 0.412125586431
0.929268292683 0.412486466979
0.929325751422 0.412847347528
0.929383116883 0.413208228077
0.929440389294 0.413569108625
0.929497568882 0.413929989174
0.92955465587 0.414290869722
0.929611650485 0.414651750271
0.929668552951 0.415012630819
0.929725363489 0.415373511368
0.929782082324 0.415734391916
0.929838709677 0.416095272465
0.92989524577 0.416456153013
0.929951690821 0.416817033562
0.930008045052 0.41717791411
0.930064308682 0.417538794659
0.930120481928 0.417899675208
0.930176565008 0.418260555756
0.93023255814 0.418621436305
0.930288461538 0.418982316853
0.93034427542 0.419343197402
0.9304 0.41970407795
0.930455635492 0.420064958499
0.930511182109 0.420425839047
0.930566640064 0.420786719596
0.930622009569 0.421147600144
0.930677290837 0.421508480693
0.930732484076 0.421869361241
0.930787589499 0.42223024179
0.930842607313 0.422591122339
0.930897537728 0.422952002887
0.930158730159 0.422952002887
0.930214115781 0.423312883436
0.930269413629 0.423673763984
0.930324623911 0.424034644533
0.930379746835 0.424395525081
0.930434782609 0.42475640563
0.930489731438 0.425117286178
0.930544593528 0.425478166727
0.930599369085 0.425839047275
0.930654058314 0.426199927824
0.930708661417 0.426560808372
0.9307631786 0.426921688921
0.930817610063 0.42728256947
0.930871956009 0.427643450018
0.930926216641 0.428004330567
0.930980392157 0.428365211115
0.931034482759 0.428726091664
0.931088488645 0.429086972212
0.931142410016 0.429447852761
0.931196247068 0.429808733309
0.93125 0.430169613858
0.931303669009 0.430530494406
0.93135725429 0.430891374955
0.931410756041 0.431252255503
0.931464174455 0.431613136052
0.931517509728 0.431974016601
0.931570762053 0.432334897149
0.931623931624 0.432695777698
0.931677018634 0.433056658246
0.931730023274 0.433417538795
0.931782945736 0.433778419343
0.931835786212 0.434139299892
0.931888544892 0.43450018044
0.931941221964 0.434861060989
0.93199381762 0.435221941537
0.932046332046 0.435582822086
0.932098765432 0.435943702634
0.932151117965 0.436304583183
0.932203389831 0.436665463732
0.932255581216 0.43702634428
0.931538461538 0.43702634428
0.930822444274 0.43702634428
0.930875576037 0.437387224829
0.930928626247 0.437748105377
0.930981595092 0.438108985926
0.931034482759 0.438469866474
0.931087289433 0.438830747023
0.931140015302 0.439191627571
0.93119266055 0.43955250812
0.931245225363 0.439913388668
0.931297709924 0.440274269217
0.931350114416 0.440635149765
0.931402439024 0.440996030314
0.93145468393 0.441356910863
0.931506849315 0.441717791411
0.931558935361 0.44207867196
0.931610942249 0.442439552508
0.931662870159 0.442800433057
0.931714719272 0.443161313605
0.931766489765 0.443522194154
0.931818181818 0.443883074702
0.931869795609 0.444243955251
0.931921331316 0.444604835799
0.931972789116 0.444965716348
0.932024169184 0.445326596896
0.932075471698 0.445687477445
0.932126696833 0.446048357994
0.932177844763 0.446409238542
0.932228915663 0.446770119091
0.932279909707 0.447130999639
0.932330827068 0.447491880188
0.932381667919 0.447852760736
0.932432432432 0.448213641285
0.93248312078 0.448574521833
0.931784107946 0.448574521833
0.931086142322 0.448574521833
0.931137724551 0.448935402382
0.931189229619 0.44929628293
0.930493273543 0.44929628293
0.930545182972 0.449657163479
0.930597014925 0.450018044027
0.930648769575 0.450378924576
0.930700447094 0.450739805125
0.930752047655 0.451100685673
0.930803571429 0.451461566222
0.930855018587 0.45182244677
0.930906389302 0.452183327319
0.930957683742 0.452544207867
0.931008902077 0.452905088416
0.931060044477 0.453265968964
0.931111111111 0.453626849513
0.931162102147 0.453987730061
0.931213017751 0.45434861061
0.931263858093 0.454709491158
0.931314623338 0.455070371707
0.931365313653 0.455431252256
0.931415929204 0.455792132804
0.931466470155 0.456153013353
0.931516936672 0.456513893901
0.931567328918 0.45687477445
0.931617647059 0.457235654998
0.931667891256 0.457596535547
0.931718061674 0.457957416095
0.931768158474 0.458318296644
0.931818181818 0.458679177192
0.931868131868 0.459040057741
0.931918008785 0.459400938289
0.931967812729 0.459761818838
0.93201754386 0.460122699387
0.932067202337 0.460483579935
0.932116788321 0.460844460484
0.931436907367 0.460844460484
0.930758017493 0.460844460484
0.930808448653 0.461205341032
0.930858806405 0.461566221581
0.930909090909 0.461927102129
0.930959302326 0.462287982678
0.931009440813 0.462648863226
0.931059506531 0.463009743775
0.931109499637 0.463370624323
0.93115942029 0.463731504872
0.931209268646 0.46409238542
0.931259044863 0.464453265969
0.931308749096 0.464814146518
0.931358381503 0.465175027066
0.931407942238 0.465535907615
0.931457431457 0.465896788163
0.931506849315 0.466257668712
0.931556195965 0.46661854926
0.931605471562 0.466979429809
0.931654676259 0.467340310357
0.931703810208 0.467701190906
0.931752873563 0.468062071454
0.931801866475 0.468422952003
0.931850789096 0.468783832551
0.931899641577 0.4691447131
0.931948424069 0.469505593649
0.931997136722 0.469866474197
0.932045779685 0.470227354746
0.932094353109 0.470588235294
0.932142857143 0.470949115843
0.932191291934 0.471309996391
0.932239657632 0.47167087694
0.932287954383 0.472031757488
0.932336182336 0.472392638037
0.932384341637 0.472753518585
0.932432432432 0.473114399134
0.932480454869 0.473475279682
0.932528409091 0.473836160231
0.932576295245 0.47419704078
0.932624113475 0.474557921328
0.932671863926 0.474918801877
0.932719546742 0.475279682425
0.932767162067 0.475640562974
0.932814710042 0.476001443522
0.932862190813 0.476362324071
0.93290960452 0.476723204619
0.932251235004 0.476723204619
0.931593794076 0.476723204619
0.930937279774 0.476723204619
0.930985915493 0.477084085168
0.931034482759 0.477444965716
0.931082981716 0.477805846265
0.931131412509 0.478166726813
0.931179775281 0.478527607362
0.931228070175 0.478888487911
0.931276297335 0.479249368459
0.931324456903 0.479610249008
0.93137254902 0.479971129556
0.931420573828 0.480332010105
0.931468531469 0.480692890653
0.931516422082 0.481053771202
0.93156424581 0.48141465175
0.931612002791 0.481775532299
0.931659693166 0.482136412847
0.931707317073 0.482497293396
0.931754874652 0.482858173944
0.93180236604 0.483219054493
0.931849791377 0.483579935042
0.931897150799 0.48394081559
0.931944444444 0.484301696139
0.93199167245 0.484662576687
0.932038834951 0.485023457236
0.932085932086 0.485384337784
0.932132963989 0.485745218333
0.932179930796 0.486106098881
0.932226832642 0.48646697943
0.932273669661 0.486827859978
0.932320441989 0.487188740527
0.932367149758 0.487549621075
0.932413793103 0.487910501624
0.932460372157 0.488271382173
0.932506887052 0.488632262721
0.932553337922 0.48899314327
0.932599724897 0.489354023818
0.93264604811 0.489714904367
0.932692307692 0.490075784915
0.932738503775 0.490436665464
0.932784636488 0.490797546012
0.932830705963 0.491158426561
0.932876712329 0.491519307109
0.932922655715 0.491880187658
0.932968536252 0.492241068206
0.933014354067 0.492601948755
0.93306010929 0.492962829304
0.933105802048 0.493323709852
0.933151432469 0.493684590401
0.932515337423 0.493684590401
0.931880108992 0.493684590401
0.931926480599 0.494045470949
0.931972789116 0.494406351498
0.93201903467 0.494767232046
0.932065217391 0.495128112595
0.932111337407 0.495488993143
0.932157394844 0.495849873692
0.932203389831 0.49621075424
0.932249322493 0.496571634789
0.932295192959 0.496932515337
0.932341001353 0.497293395886
0.932386747803 0.497654276435
0.932432432432 0.498015156983
0.932478055368 0.498376037532
0.932523616734 0.49873691808
0.932569116655 0.499097798629
0.932614555256 0.499458679177
0.93265993266 0.499819559726
0.932705248991 0.500180440274
0.932750504371 0.500541320823
0.932795698925 0.500902201371
0.932840832774 0.50126308192
0.93288590604 0.501623962468
0.932930918846 0.501984843017
0.932975871314 0.502345723565
0.933020763563 0.502706604114
0.933065595716 0.503067484663
0.933110367893 0.503428365211
0.933155080214 0.50378924576
0.933199732799 0.504150126308
0.933244325768 0.504511006857
0.933288859239 0.504871887405
0.933333333333 0.505232767954
0.933377748168 0.505593648502
0.933422103862 0.505954529051
0.933466400532 0.506315409599
0.933510638298 0.506676290148
0.933554817276 0.507037170696
0.933598937583 0.507398051245
0.933642999336 0.507758931794
0.933023872679 0.507758931794
0.9324055666 0.507758931794
0.932450331126 0.508119812342
0.9324950364 0.508480692891
0.93253968254 0.508841573439
0.932584269663 0.509202453988
0.932628797886 0.509563334536
0.932673267327 0.509924215085
0.9327176781 0.510285095633
0.932762030323 0.510645976182
0.932806324111 0.51100685673
0.932850559579 0.511367737279
0.932894736842 0.511728617827
0.932938856016 0.512089498376
0.932982917214 0.512450378925
0.933026920552 0.512811259473
0.933070866142 0.513172140022
0.933114754098 0.51353302057
0.933158584535 0.513893901119
0.933202357564 0.514254781667
0.933246073298 0.514615662216
0.933289731851 0.514976542764
0.933333333333 0.515337423313
0.933376877858 0.515698303861
0.933420365535 0.51605918441
0.933463796477 0.516420064958
0.933507170795 0.516780945507
0.933550488599 0.517141826056
0.93359375 0.517502706604
0.933636955107 0.517863587153
0.933680104031 0.518224467701
0.933723196881 0.51858534825
0.933766233766 0.518946228798
0.933160285529 0.518946228798
0.932555123217 0.518946228798
0.932598833441 0.519307109347
0.932642487047 0.519667989895
0.932686084142 0.520028870444
0.932729624838 0.520389750992
0.932773109244 0.520750631541
0.932816537468 0.521111512089
0.932859909619 0.521472392638
0.932903225806 0.521833273187
0.932946486138 0.522194153735
0.932989690722 0.522555034284
0.933032839665 0.522915914832
0.933075933076 0.523276795381
0.933118971061 0.523637675929
0.933161953728 0.523998556478
0.933204881182 0.524359437026
0.93324775353 0.524720317575
0.933290570879 0.525081198123
0.933333333333 0.525442078672
0.933376040999 0.52580295922
0.933418693982 0.526163839769
0.933461292386 0.526524720318
0.933503836317 0.526885600866
0.933546325879 0.527246481415
0.933588761175 0.527607361963
0.93363114231 0.527968242512
0.933673469388 0.52832912306
0.933715742511 0.528690003609
0.933757961783 0.529050884157
0.933800127307 0.529411764706
0.933842239186 0.529772645254
0.933884297521 0.530133525803
0.933926302414 0.530494406351
0.933968253968 0.5308552869
0.933375634518 0.5308552869
0.933417882055 0.531216167449
0.933460076046 0.531577047997
0.933502216593 0.531937928546
0.933544303797 0.532298809094
0.933586337761 0.532659689643
0.933628318584 0.533020570191
0.933670246368 0.53338145074
0.933712121212 0.533742331288
0.933753943218 0.534103211837
0.933795712484 0.534464092385
0.933837429112 0.534824972934
0.933879093199 0.535185853482
0.933920704846 0.535546734031
0.933962264151 0.53590761458
0.934003771213 0.536268495128
0.934045226131 0.536629375677
0.934086629002 0.536990256225
0.934127979925 0.537351136774
0.934169278997 0.537712017322
0.934210526316 0.538072897871
0.934251721979 0.538433778419
0.934292866083 0.538794658968
0.934333958724 0.539155539516
0.934375 0.539516420065
0.934415990006 0.539877300613
0.934456928839 0.540238181162
0.934497816594 0.540599061711
0.934538653367 0.540959942259
0.934579439252 0.541320822808
0.934620174346 0.541681703356
0.934660858743 0.542042583905
0.934701492537 0.542403464453
0.934742075823 0.542764345002
0.934782608696 0.54312522555
0.934823091248 0.543486106099
0.934863523573 0.543846986647
0.934903905766 0.544207867196
0.934944237918 0.544568747744
0.934984520124 0.544929628293
0.935024752475 0.545290508842
0.934446505875 0.545290508842
0.933868974042 0.545290508842
0.933292155652 0.545290508842
0.933333333333 0.54565138939
0.93337446021 0.546012269939
0.933415536375 0.546373150487
0.933456561922 0.546734031036
0.933497536946 0.547094911584
0.933538461538 0.547455792133
0.933579335793 0.547816672681
0.933620159803 0.54817755323
0.933660933661 0.548538433778
0.933701657459 0.548899314327
0.933742331288 0.549260194875
0.933782955242 0.549621075424
0.933823529412 0.549981955973
0.933864053889 0.550342836521
0.933904528764 0.55070371707
0.933944954128 0.551064597618
0.933985330073 0.551425478167
0.934025656689 0.551786358715
0.934065934066 0.552147239264
0.934106162294 0.552508119812
0.934146341463 0.552869000361
0.934186471664 0.553229880909
0.934226552984 0.553590761458
0.934266585514 0.553951642006
0.934306569343 0.554312522555
0.934346504559 0.554673403104
0.934386391252 0.555034283652
0.934426229508 0.555395164201
0.934466019417 0.555756044749
0.934505761067 0.556116925298
0.934545454545 0.556477805846
0.934585099939 0.556838686395
0.934624697337 0.557199566943
0.934059286146 0.557199566943
0.933494558646 0.557199566943
0.933534743202 0.557560447492
0.933574879227 0.55792132804
0.933614966807 0.558282208589
0.933655006031 0.558643089137
0.933694996986 0.559003969686
0.933734939759 0.559364850235
0.933774834437 0.559725730783
0.933814681107 0.560086611332
0.933854479856 0.56044749188
0.933894230769 0.560808372429
0.933933933934 0.561169252977
0.933973589436 0.561530133526
0.934013197361 0.561891014074
0.934052757794 0.562251894623
0.934092270821 0.562612775171
0.934131736527 0.56297365572
0.934171154997 0.563334536268
0.934210526316 0.563695416817
0.934249850568 0.564056297366
0.934289127838 0.564417177914
0.934328358209 0.564778058463
0.934367541766 0.565138939011
0.934406678593 0.56549981956
0.934445768772 0.565860700108
0.934484812388 0.566221580657
0.934523809524 0.566582461205
0.934562760262 0.566943341754
0.934601664685 0.567304222302
0.934640522876 0.567665102851
0.934679334917 0.568025983399
0.93412462908 0.568025983399
0.933570581257 0.568025983399
0.933017190279 0.568025983399
0.933056872038 0.568386863948
0.933096506809 0.568747744497
0.933136094675 0.569108625045
0.933175635719 0.569469505594
0.933215130024 0.569830386142
0.933254577673 0.570191266691
0.933293978749 0.570552147239
0.933333333333 0.570913027788
0.933372641509 0.571273908336
0.933411903359 0.571634788885
0.933451118963 0.571995669433
0.933490288405 0.572356549982
0.933529411765 0.57271743053
0.933568489124 0.573078311079
0.933607520564 0.573439191628
0.933646506166 0.573800072176
0.933685446009 0.574160952725
0.933724340176 0.574521833273
0.933763188746 0.574882713822
0.933801991798 0.57524359437
0.933840749415 0.575604474919
0.933879461673 0.575965355467
0.933918128655 0.576326236016
0.933956750438 0.576687116564
0.933995327103 0.577047997113
0.934033858727 0.577408877661
0.934072345391 0.57776975821
0.934110787172 0.578130638759
0.934149184149 0.578491519307
0.934187536401 0.578852399856
0.934225844005 0.579213280404
0.934264107039 0.579574160953
0.934302325581 0.579935041501
0.933759442185 0.579935041501
0.933797909408 0.58029592205
0.933836331979 0.580656802598
0.933874709977 0.581017683147
0.933913043478 0.581378563695
0.933951332561 0.581739444244
0.933989577302 0.582100324792
0.934027777778 0.582461205341
0.934065934066 0.58282208589
0.934104046243 0.583182966438
0.934142114385 0.583543846987
0.934180138568 0.583904727535
0.934218118869 0.584265608084
0.934256055363 0.584626488632
0.934293948127 0.584987369181
0.934331797235 0.585348249729
0.934369602763 0.585709130278
0.934407364787 0.586070010826
0.934445083381 0.586430891375
0.934482758621 0.586791771923
0.93452039058 0.587152652472
0.934557979334 0.587513533021
0.934595524957 0.587874413569
0.934633027523 0.588235294118
0.934670487106 0.588596174666
0.93470790378 0.588957055215
0.934745277619 0.589317935763
0.934782608696 0.589678816312
0.934819897084 0.59003969686
0.934857142857 0.590400577409
0.934894346088 0.590761457957
0.934931506849 0.591122338506
0.934968625214 0.591483219054
0.935005701254 0.591844099603
0.935042735043 0.592204980152
0.935079726651 0.5925658607
0.935116676153 0.592926741249
0.935153583618 0.593287621797
0.935190449119 0.593648502346
0.935227272727 0.594009382894
0.935264054514 0.594370263443
0.935300794552 0.594731143991
0.93533749291 0.59509202454
0.93537414966 0.595452905088
0.935410764873 0.595813785637
0.935447338618 0.596174666185
0.935483870968 0.596535546734
0.935520361991 0.596896427283
0.935556811758 0.597257307831
0.935593220339 0.59761818838
0.935629587804 0.597979068928
0.935665914221 0.598339949477
0.935702199662 0.598700830025
0.935738444194 0.599061710574
0.935774647887 0.599422591122
0.935810810811 0.599783471671
0.935846933033 0.600144352219
0.935320584927 0.600144352219
0.934794828555 0.600144352219
0.934269662921 0.600144352219
0.93374508703 0.600144352219
0.933782267116 0.600505232768
0.933819405496 0.600866113316
0.933856502242 0.601226993865
0.933893557423 0.601587874414
0.933930571109 0.601948754962
0.933967543369 0.602309635511
0.934004474273 0.602670516059
0.93404136389 0.603031396608
0.934078212291 0.603392277156
0.934115019542 0.603753157705
0.934151785714 0.604114038253
0.934188510876 0.604474918802
0.934225195095 0.60483579935
0.93426183844 0.605196679899
0.93429844098 0.605557560447
0.934335002782 0.605918440996
0.934371523915 0.606279321545
0.934408004447 0.606640202093
0.934444444444 0.607001082642
0.934480843976 0.60736196319
0.934517203108 0.607722843739
0.934553521908 0.608083724287
0.934589800443 0.608444604836
0.934626038781 0.608805485384
0.934662236988 0.609166365933
0.93469839513 0.609527246481
0.934181415929 0.609527246481
0.934217799889 0.60988812703
0.934254143646 0.610249007578
0.934290447267 0.610609888127
0.934326710817 0.610970768676
0.934362934363 0.611331649224
0.934399117971 0.611692529773
0.934435261708 0.612053410321
0.934471365639 0.61241429087
0.934507429829 0.612775171418
0.934543454345 0.613136051967
0.934579439252 0.613496932515
0.934615384615 0.613857813064
0.9346512905 0.614218693612
0.93468715697 0.614579574161
0.934722984092 0.614940454709
0.93475877193 0.615301335258
0.934794520548 0.615662215807
0.934830230011 0.616023096355
0.934865900383 0.616383976904
0.934901531729 0.616744857452
0.934937124112 0.617105738001
0.934426229508 0.617105738001
0.9344620426 0.617466618549
0.934497816594 0.617827499098
0.934533551555 0.618188379646
0.934569247546 0.618549260195
0.934604904632 0.618910140743
0.934640522876 0.619271021292
0.934676102341 0.61963190184
0.93471164309 0.619992782389
0.934747145188 0.620353662938
0.934782608696 0.620714543486
0.934818033677 0.621075424035
0.934853420195 0.621436304583
0.934888768313 0.621797185132
0.934924078091 0.62215806568
0.934959349593 0.622518946229
0.934994582882 0.622879826777
0.935029778018 0.623240707326
0.935064935065 0.623601587874
0.934559221201 0.623601587874
0.934054054054 0.623601587874
0.934089681253 0.623962468423
0.934125269978 0.624323348971
0.934160820291 0.62468422952
0.934196332255 0.625045110069
0.93423180593 0.625405990617
0.934267241379 0.625766871166
0.934302638665 0.626127751714
0.934337997847 0.626488632263
0.934373318989 0.626849512811
0.934408602151 0.62721039336
0.934443847394 0.627571273908
0.93447905478 0.627932154457
0.934514224369 0.628293035005
0.934549356223 0.628653915554
0.934584450402 0.629014796102
0.934619506967 0.629375676651
0.934118907338 0.629375676651
0.933618843683 0.629375676651
0.933119315142 0.629375676651
0.932620320856 0.629375676651
0.932121859968 0.629375676651
0.931623931624 0.629375676651
0.931126534971 0.629375676651
0.931163287086 0.6297365572
0.9312 0.630097437748
0.931236673774 0.630458318297
0.931273308471 0.630819198845
0.931309904153 0.631180079394
0.931346460883 0.631540959942
0.931382978723 0.631901840491
0.931419457735 0.632262721039
0.931455897981 0.632623601588
0.931492299522 0.632984482136
0.93152866242 0.633345362685
0.931564986737 0.633706243233
0.931601272534 0.634067123782
0.931637519873 0.634428004331
0.931673728814 0.634788884879
0.931709899418 0.635149765428
0.931746031746 0.635510645976
0.931782125859 0.635871526525
0.931289640592 0.635871526525
0.931325937665 0.636232407073
0.93136219641 0.636593287622
0.931398416887 0.63695416817
0.931434599156 0.637315048719
0.931470743279 0.637675929267
0.931506849315 0.638036809816
0.931542917325 0.638397690364
0.931578947368 0.638758570913
0.931614939506 0.639119451462
0.931650893796 0.63948033201
0.9316868103 0.639841212559
0.931722689076 0.640202093107
0.931758530184 0.640562973656
0.931794333683 0.640923854204
0.931830099633 0.641284734753
0.931865828092 0.641645615301
0.93190151912 0.64200649585
0.931937172775 0.642367376398
0.931972789116 0.642728256947
0.932008368201 0.643089137495
0.931521170936 0.643089137495
0.931556948798 0.643450018044
0.931592689295 0.643810898593
0.931628392484 0.644171779141
0.931664058425 0.64453265969
0.931699687174 0.644893540238
0.931735278791 0.645254420787
0.931770833333 0.645615301335
0.931806350859 0.645976181884
0.931841831426 0.646337062432
0.93135725429 0.646337062432
0.930873180873 0.646337062432
0.93038961039 0.646337062432
0.930425752856 0.646697942981
0.93046185781 0.647058823529
0.930497925311 0.647419704078
0.930533955417 0.647780584626
0.930569948187 0.648141465175
0.930605903677 0.648502345724
0.930641821946 0.648863226272
0.930677703052 0.649224106821
0.930713547053 0.649584987369
0.930749354005 0.649945867918
0.930785123967 0.650306748466
0.930820856995 0.650667629015
0.930856553148 0.651028509563
0.930892212481 0.651389390112
0.930927835052 0.65175027066
0.930963420917 0.652111151209
0.930998970134 0.652472031757
0.931034482759 0.652832912306
0.931069958848 0.653193792855
0.931105398458 0.653554673403
0.931140801644 0.653915553952
0.931176168464 0.6542764345
0.931211498973 0.654637315049
0.931246793227 0.654998195597
0.931282051282 0.655359076146
0.931317273193 0.655719956694
0.931352459016 0.656080837243
0.931387608807 0.656441717791
0.93142272262 0.65680259834
0.931457800512 0.657163478888
0.931492842536 0.657524359437
0.931527848748 0.657885239986
0.931562819203 0.658246120534
0.931597753956 0.658607001083
0.931632653061 0.658967881631
0.931667516573 0.65932876218
0.931702344546 0.659689642728
0.931737137035 0.660050523277
0.931771894094 0.660411403825
0.931806615776 0.660772284374
0.931841302136 0.661133164922
0.931875953228 0.661494045471
0.931910569106 0.661854926019
0.931945149822 0.662215806568
0.931979695431 0.662576687117
0.932014205987 0.662937567665
0.93154158215 0.662937567665
0.931576279777 0.663298448214
0.931610942249 0.663659328762
0.93164556962 0.664020209311
0.931680161943 0.664381089859
0.931714719272 0.664741970408
0.931749241658 0.665102850956
0.931783729156 0.665463731505
0.931818181818 0.665824612053
0.931852599697 0.666185492602
0.931886982846 0.66654637315
0.931921331316 0.666907253699
0.931955645161 0.667268134248
0.931989924433 0.667629014796
0.932024169184 0.667989895345
0.932058379467 0.668350775893
0.932092555332 0.668711656442
0.932126696833 0.66907253699
0.93216080402 0.669433417539
0.931692616775 0.669433417539
0.931726907631 0.669794298087
0.931761164074 0.670155178636
0.931795386158 0.670516059184
0.931829573935 0.670876939733
0.931863727455 0.671237820281
0.93189784677 0.67159870083
0.931931931932 0.671959581379
0.931965982991 0.672320461927
0.932 0.672681342476
0.932033983008 0.673042223024
0.932067932068 0.673403103573
0.932101847229 0.673763984121
0.932135728543 0.67412486467
0.93216957606 0.674485745218
0.932203389831 0.674846625767
0.932237169905 0.675207506315
0.932270916335 0.675568386864
0.932304629169 0.675929267412
0.932338308458 0.676290147961
0.932371954252 0.67665102851
0.9324055666 0.677011909058
0.932439145554 0.677372789607
0.932472691162 0.677733670155
0.932506203474 0.678094550704
0.93253968254 0.678455431252
0.932573128409 0.678816311801
0.932111000991 0.678816311801
0.931649331352 0.678816311801
0.931188118812 0.678816311801
0.931222167244 0.679177192349
0.931256181998 0.679538072898
0.931290163124 0.679898953446
0.931324110672 0.680259833995
0.931358024691 0.680620714543
0.931391905232 0.680981595092
0.931425752343 0.681342475641
0.931459566075 0.681703356189
0.931493346476 0.682064236738
0.931527093596 0.682425117286
0.931560807484 0.682785997835
0.931594488189 0.683146878383
0.93162813576 0.683507758932
0.931661750246 0.68386863948
0.931695331695 0.684229520029
0.931728880157 0.684590400577
0.931271477663 0.684590400577
0.931305201178 0.684951281126
0.931338891614 0.685312161674
0.93137254902 0.685673042223
0.931406173444 0.686033922772
0.931439764936 0.68639480332
0.931473323544 0.686755683869
0.931506849315 0.687116564417
0.931540342298 0.687477444966
0.931573802542 0.687838325514
0.931607230093 0.688199206063
0.931640625 0.688560086611
0.931673987311 0.68892096716
0.931707317073 0.689281847708
0.931740614334 0.689642728257
0.931773879142 0.690003608805
0.931320019484 0.690003608805
0.93135345667 0.690364489354
0.931386861314 0.690725369903
0.931420233463 0.691086250451
0.931453573165 0.691447131
0.931486880466 0.691808011548
0.931520155415 0.692168892097
0.931553398058 0.692529772645
0.931586608443 0.692890653194
0.931619786615 0.693251533742
0.931652932622 0.693612414291
0.931686046512 0.693973294839
0.931719128329 0.694334175388
0.931752178122 0.694695055936
0.931785195936 0.695055936485
0.931334622824 0.695055936485
0.930884485259 0.695055936485
0.930434782609 0.695055936485
0.930468372767 0.695416817034
0.930501930502 0.695777697582
0.930535455861 0.696138578131
0.930568948891 0.696499458679
0.930602409639 0.696860339228
0.93063583815 0.697221219776
0.930669234473 0.697582100325
0.930702598653 0.697942980873
0.930735930736 0.698303861422
0.930769230769 0.69866474197
0.930802498799 0.699025622519
0.930355427474 0.699025622519
0.930388862218 0.699386503067
0.930422264875 0.699747383616
0.930455635492 0.700108264165
0.930488974113 0.700469144713
0.930522280786 0.700830025262
0.930555555556 0.70119090581
0.930588798468 0.701551786359
0.930622009569 0.701912666907
0.930655188905 0.702273547456
0.930210325048 0.702273547456
0.929765886288 0.702273547456
0.929321872015 0.702273547456
0.929355608592 0.702634428004
0.929389312977 0.702995308553
0.929422985217 0.703356189101
0.929456625357 0.70371706965
0.929490233444 0.704077950198
0.929523809524 0.704438830747
0.929557353641 0.704799711296
0.929115128449 0.704799711296
0.928673323823 0.704799711296
0.928231939163 0.704799711296
0.928266033254 0.705160591844
0.928300094967 0.705521472393
0.928334124347 0.705882352941
0.928368121442 0.70624323349
0.928402086297 0.706604114038
0.928436018957 0.706964994587
0.928469919469 0.707325875135
0.928503787879 0.707686755684
0.928537624231 0.708047636232
0.928098391675 0.708047636232
0.927659574468 0.708047636232
0.927221172023 0.708047636232
0.927255550307 0.708408516781
0.927289896128 0.708769397329
0.927324209533 0.709130277878
0.927358490566 0.709491158427
0.927392739274 0.709852038975
0.927426955702 0.710212919524
0.927461139896 0.710573800072
0.927495291902 0.710934680621
0.927529411765 0.711295561169
0.927093132643 0.711295561169
0.926657263752 0.711295561169
0.926691729323 0.711656441718
0.926726162518 0.712017322266
0.92676056338 0.712378202815
0.926794931957 0.712739083363
0.926829268293 0.713099963912
0.926863572433 0.71346084446
0.926897844424 0.713821725009
0.926932084309 0.714182605558
0.926966292135 0.714543486106
0.927000467946 0.714904366655
0.926566884939 0.714904366655
0.92613370734 0.714904366655
0.926168224299 0.715265247203
0.926202709014 0.715626127752
0.926237161531 0.7159870083
0.926271581895 0.716347888849
0.926305970149 0.716708769397
0.92634032634 0.717069649946
0.926374650513 0.717430530494
0.926408942711 0.717791411043
0.925977653631 0.717791411043
0.925546765938 0.717791411043
0.92511627907 0.717791411043
0.924686192469 0.717791411043
0.924256505576 0.717791411043
0.923827217836 0.717791411043
0.923862581244 0.718152291591
0.923897911833 0.71851317214
0.923933209647 0.718874052689
0.923968474733 0.719234933237
0.924003707136 0.719595813786
0.924038906901 0.719956694334
0.924074074074 0.720317574883
0.9241092087 0.720678455431
0.924144310823 0.72103933598
0.92417938049 0.721400216528
0.924214417745 0.721761097077
0.923787528868 0.721761097077
0.923361034164 0.721761097077
0.922934933087 0.721761097077
0.922509225092 0.721761097077
0.922083909636 0.721761097077
0.921658986175 0.721761097077
0.921695071396 0.722121977625
0.921731123389 0.722482858174
0.9217671422 0.722843738722
0.921803127875 0.723204619271
0.92183908046 0.72356549982
0.921875 0.723926380368
0.921910886541 0.724287260917
0.921487603306 0.724287260917
0.921064708582 0.724287260917
0.920642201835 0.724287260917
0.920678587804 0.724648141465
0.920714940422 0.725009022014
0.920751259734 0.725369902562
0.920787545788 0.725730783111
0.920823798627 0.726091663659
0.920860018298 0.726452544208
0.920896204847 0.726813424756
0.920932358318 0.727174305305
0.920511649155 0.727174305305
0.920091324201 0.727174305305
0.91967138293 0.727174305305
0.919708029197 0.727535185853
0.919744642043 0.727896066402
0.919781221513 0.728256946951
0.919817767654 0.728617827499
0.91985428051 0.728978708048
0.919890760127 0.729339588596
0.919472247498 0.729339588596
0.919508867667 0.729700469145
0.919545454545 0.730061349693
0.919582008178 0.730422230242
0.91961852861 0.73078311079
0.919655015887 0.731143991339
0.919691470054 0.731504871887
0.919727891156 0.731865752436
0.919764279238 0.732226632984
0.919800634345 0.732587513533
0.919836956522 0.732948394082
0.919873245813 0.73330927463
0.919909502262 0.733670155179
0.919493441882 0.733670155179
0.919529837251 0.734031035727
0.919566199729 0.734391916276
0.919602529359 0.734752796824
0.919638826185 0.735113677373
0.919675090253 0.735474557921
0.919711321606 0.73583543847
0.919747520289 0.736196319018
0.919783686345 0.736557199567
0.91981981982 0.736918080115
0.919855920756 0.737278960664
0.919891989199 0.737639841213
0.919928025191 0.738000721761
0.919964028777 0.73836160231
0.92 0.738722482858
0.920035938904 0.739083363407
0.920071845532 0.739444243955
0.920107719928 0.739805124504
0.919694930462 0.739805124504
0.919730941704 0.740166005052
0.919766920663 0.740526885601
0.919802867384 0.740887766149
0.919838781908 0.741248646698
0.919874664279 0.741609527246
0.919910514541 0.741970407795
0.919946332737 0.742331288344
0.919535091641 0.742331288344
0.919571045576 0.742692168892
0.919606967396 0.743053049441
0.919642857143 0.743413929989
0.919678714859 0.743774810538
0.919714540589 0.744135691086
0.919750334374 0.744496571635
0.919786096257 0.744857452183
0.919821826281 0.745218332732
0.919412288513 0.745218332732
0.919448153093 0.74557921328
0.919483985765 0.745940093829
0.919519786572 0.746300974377
0.919555555556 0.746661854926
0.919591292759 0.747022735475
0.91918294849 0.747022735475
0.919218819352 0.747383616023
0.919254658385 0.747744496572
0.919290465632 0.74810537712
0.919326241135 0.748466257669
0.919361984936 0.748827138217
0.919397697077 0.749188018766
0.918990703851 0.749188018766
0.918584070796 0.749188018766
0.918620079611 0.749548899314
0.918656056587 0.749909779863
0.918692001768 0.750270660411
0.918286219081 0.750270660411
0.918322295806 0.75063154096
0.918358340688 0.750992421508
0.918394353772 0.751353302057
0.918430335097 0.751714182606
0.918466284707 0.752075063154
0.918061674009 0.752075063154
0.918097754293 0.752435943703
0.918133802817 0.752796824251
0.918169819622 0.7531577048
0.918205804749 0.753518585348
0.918241758242 0.753879465897
0.918277680141 0.754240346445
0.918313570487 0.754601226994
0.918349429324 0.754962107542
0.917946467749 0.754962107542
0.91798245614 0.755322988091
0.918018412977 0.755683868639
0.9180543383 0.756044749188
0.918090232151 0.756405629737
0.918126094571 0.756766510285
0.918161925602 0.757127390834
0.918197725284 0.757488271382
0.91823349366 0.757849151931
0.917832167832 0.757849151931
0.917868064657 0.758210032479
0.917903930131 0.758570913028
0.917939764295 0.758931793576
0.91797556719 0.759292674125
0.918011338857 0.759653554673
0.918047079337 0.760014435222
0.918082788671 0.76037531577
0.918118466899 0.760736196319
0.917718763605 0.760736196319
0.917754569191 0.761097076868
0.917790343628 0.761457957416
0.917391304348 0.761457957416
0.917427205563 0.761818837965
0.917463075586 0.762179718513
0.917498914459 0.762540599062
0.917534722222 0.76290147961
0.917570498915 0.763262360159
0.917606244579 0.763623240707
0.917641959254 0.763984121256
0.917677642981 0.764345001804
0.917713295799 0.764705882353
0.917316017316 0.764705882353
0.916919082648 0.764705882353
0.916955017301 0.765066762901
0.916558581928 0.765066762901
0.916162489196 0.765066762901
0.915766738661 0.765066762901
0.915803108808 0.76542764345
0.915839447562 0.765788523999
0.915444348576 0.765788523999
0.915480810694 0.766149404547
0.915517241379 0.766510285096
0.915553640672 0.766871165644
0.915590008613 0.767232046193
0.915626345243 0.767592926741
0.915662650602 0.76795380729
0.915698924731 0.768314687838
0.915305245056 0.768314687838
0.915341641599 0.768675568387
0.915378006873 0.769036448935
0.915414340919 0.769397329484
0.915450643777 0.769758210032
0.915486915487 0.770119090581
0.915523156089 0.77047997113
0.915130732962 0.77047997113
0.915167095116 0.770840851678
0.915203426124 0.771201732227
0.914811643836 0.771201732227
0.914848095849 0.771562612775
0.914456800684 0.771562612775
0.914493373236 0.771923493324
0.91452991453 0.772284373872
0.914566424605 0.772645254421
0.914602903501 0.773006134969
0.914639351259 0.773367015518
0.914675767918 0.773727896066
0.914712153518 0.774088776615
0.914748508099 0.774449657163
0.9147848317 0.774810537712
0.914821124361 0.775171418261
0.914857386122 0.775532298809
0.914468085106 0.775532298809
0.91407911527 0.775532298809
0.914115646259 0.775893179358
0.914152146196 0.776254059906
0.914188615123 0.776614940455
0.913800424628 0.776614940455
0.913412563667 0.776614940455
0.913449299958 0.776975821003
0.913486005089 0.777336701552
0.913522679101 0.7776975821
0.91313559322 0.7776975821
0.913172384583 0.778058462649
0.913209144793 0.778419343197
0.913245873889 0.778780223746
0.913282571912 0.779141104294
0.913319238901 0.779501984843
0.912933220626 0.779501984843
0.912970004225 0.779862865392
0.912584459459 0.779862865392
0.912199240186 0.779862865392
0.911814345992 0.779862865392
0.911851539435 0.78022374594
0.911888701518 0.780584626489
0.91192583228 0.780945507037
0.911962931761 0.781306387586
0.911578947368 0.781306387586
0.911616161616 0.781667268134
0.911653344552 0.782028148683
0.911690496215 0.782389029231
0.911727616646 0.78274990978
0.911764705882 0.783110790328
0.911801763965 0.783471670877
0.911418975651 0.783471670877
0.911456147713 0.783832551425
0.911493288591 0.784193431974
0.911530398323 0.784554312523
0.911567476949 0.784915193071
0.911604524508 0.78527607362
0.91122278057 0.78527607362
0.910841356216 0.78527607362
0.910878661088 0.785636954168
0.910915934755 0.785997834717
0.910953177258 0.786358715265
0.910990388634 0.786719595814
0.911027568922 0.787080476362
0.910647181628 0.787080476362
0.910684474124 0.787441356911
0.910721735503 0.787802237459
0.910758965805 0.788163118008
0.910796165069 0.788523998556
0.910833333333 0.788884879105
0.910870470637 0.789245759654
0.910491257286 0.789245759654
0.910528506034 0.789606640202
0.910565723794 0.789967520751
0.910187110187 0.789967520751
0.910224438903 0.790328401299
0.910261736602 0.790689281848
0.910299003322 0.791050162396
0.910336239103 0.791411042945
0.910373443983 0.791771923493
0.909995852343 0.791771923493
0.909618573798 0.791771923493
0.909241607957 0.791771923493
0.90927920464 0.792132804042
0.909316770186 0.79249368459
0.908940397351 0.79249368459
0.90897807199 0.792854565139
0.909015715467 0.793215445687
0.909053327821 0.793576326236
0.909090909091 0.793937206785
0.908715406857 0.793937206785
0.908340214699 0.793937206785
0.907965332233 0.793937206785
0.90800330033 0.794298087333
0.908041237113 0.794658967882
0.907666941467 0.794658967882
0.907292954265 0.794658967882
0.907331136738 0.79501984843
0.907369287773 0.795380728979
0.907407407407 0.795741609527
0.907445495681 0.796102490076
0.907483552632 0.796463370624
0.907521578298 0.796824251173
0.90755957272 0.797185131721
0.907597535934 0.79754601227
0.907224958949 0.79754601227
0.907263028314 0.797906892818
0.906890894176 0.797906892818
0.906519065191 0.797906892818
0.906147540984 0.797906892818
0.90577632118 0.797906892818
0.905814905815 0.798267773367
0.905444126074 0.798267773367
0.905073649755 0.798267773367
0.905112474438 0.798628653916
0.904742436631 0.798628653916
0.904781364937 0.798989534464
0.904820261438 0.799350415013
0.904859126174 0.799711295561
0.904489795918 0.799711295561
0.90452876377 0.80007217611
0.904567699837 0.800433056658
0.904198940073 0.800433056658
0.90423797881 0.800793937207
0.904276985743 0.801154817755
0.903908794788 0.801154817755
0.903540903541 0.801154817755
0.903580146461 0.801515698304
0.903619357462 0.801876578852
0.903658536585 0.802237459401
0.903697683868 0.802598339949
0.90373679935 0.802959220498
0.903775883069 0.803320101047
0.903814935065 0.803680981595
0.903448275862 0.803680981595
0.903081914031 0.803680981595
0.903121199838 0.804041862144
0.903160453809 0.804402742692
0.903199675982 0.804763623241
0.903238866397 0.805124503789
0.902873330635 0.805124503789
0.902912621359 0.805485384338
0.902547513142 0.805485384338
0.9025869038 0.805846264886
0.902222222222 0.805846264886
0.901857835218 0.805846264886
0.90149374243 0.805846264886
0.901129943503 0.805846264886
0.901169826543 0.806207145435
0.901209677419 0.806568025983
0.90084643289 0.806568025983
0.90088638195 0.806928906532
0.900926298832 0.80728978708
0.900966183575 0.807650667629
0.901006036217 0.808011548178
0.901045856798 0.808372428726
0.900683554483 0.808372428726
0.900723472669 0.808733309275
0.900763358779 0.809094189823
0.900803212851 0.809455070372
0.900843034926 0.80981595092
0.90088282504 0.810176831469
0.900922583233 0.810537712017
0.900561347233 0.810537712017
0.900200400802 0.810537712017
0.900240384615 0.810898592566
0.900280336404 0.811259473114
0.899919935949 0.811259473114
0.89955982393 0.811259473114
0.8996 0.811620353663
0.899640143942 0.811981234211
0.899680255795 0.81234211476
0.899720335597 0.812702995309
0.899361022364 0.812702995309
0.899001996008 0.812702995309
0.899042298484 0.813063875857
0.89868368568 0.813063875857
0.898724082935 0.813424756406
0.898764447987 0.813785636954
0.898804780876 0.814146517503
0.898446833931 0.814146517503
0.898487261146 0.814507398051
0.898527656188 0.8148682786
0.898170246619 0.8148682786
0.897813121272 0.8148682786
0.897456279809 0.8148682786
0.897099721891 0.8148682786
0.89674344718 0.8148682786
0.896784438269 0.815229159148
0.896428571429 0.815229159148
0.896469654899 0.815590039697
0.896114195083 0.815590039697
0.896155370591 0.815950920245
0.896196513471 0.816311800794
0.895841584158 0.816311800794
0.895486935867 0.816311800794
0.89552829442 0.816672681342
0.895569620253 0.817033561891
0.895610913405 0.81739444244
0.895256916996 0.81739444244
0.895298301067 0.817755322988
0.894944707741 0.817755322988
0.894986182392 0.818116203537
0.895027624309 0.818477084085
0.894674556213 0.818477084085
0.894321766562 0.818477084085
0.894363421364 0.818837964634
0.894405043341 0.819198845182
0.894446632532 0.819559725731
0.894094488189 0.819559725731
0.894136166863 0.819920606279
0.894177812746 0.820281486828
0.89382618954 0.820281486828
0.893867924528 0.820642367376
0.893909626719 0.821003247925
0.893951296151 0.821364128473
0.893600314095 0.821364128473
0.893249607535 0.821364128473
0.892899176148 0.821364128473
0.892941176471 0.821725009022
0.892983143865 0.822085889571
0.89263322884 0.822085889571
0.892283587936 0.822085889571
0.89193422083 0.822085889571
0.891585127202 0.822085889571
0.891236306729 0.822085889571
0.890887759093 0.822085889571
0.890930414386 0.822446770119
0.890582258695 0.822446770119
0.890625 0.822807650668
0.890277235455 0.822807650668
0.890320062451 0.823168531216
0.890362856028 0.823529411765
0.890405616225 0.823890292313
0.890058479532 0.823890292313
0.889711613406 0.823890292313
0.889754577328 0.824251172862
0.889797507788 0.82461205341
0.889451148307 0.82461205341
0.889105058366 0.82461205341
0.888759237651 0.82461205341
0.888413685848 0.82461205341
0.888457054023 0.824972933959
0.888111888112 0.824972933959
0.887766990291 0.824972933959
0.887422360248 0.824972933959
0.887077997672 0.824972933959
0.887121799845 0.825333814507
0.886777820861 0.825333814507
0.886434108527 0.825333814507
0.88647810926 0.825694695056
0.88652207591 0.826055575604
0.886178861789 0.826055575604
0.885835913313 0.826055575604
0.885880077369 0.826416456153
0.885537509667 0.826416456153
0.885581754928 0.826777336702
0.885625965997 0.82713821725
0.885283893395 0.82713821725
0.885328185328 0.827499097799
0.885372443072 0.827859978347
0.885030864198 0.827859978347
0.884689548785 0.827859978347
0.88434849653 0.827859978347
0.884393063584 0.828220858896
0.884437596302 0.828581739444
0.884482094725 0.828942619993
0.884526558891 0.829303500541
0.884186225471 0.829303500541
0.884230769231 0.82966438109
0.884275278739 0.830025261638
0.883935434281 0.830025261638
0.88398002305 0.830386142187
0.883640552995 0.830386142187
0.883685220729 0.830747022735
0.883729854183 0.831107903284
0.883390870733 0.831107903284
0.883435582822 0.831468783833
0.88309697202 0.831468783833
0.88275862069 0.831468783833
0.882803523554 0.831829664381
0.882848392037 0.83219054493
0.882510524302 0.83219054493
0.882555470543 0.832551425478
0.882600382409 0.832912306027
0.882262996942 0.832912306027
0.882307986244 0.833273186575
0.881970970206 0.833273186575
0.881634211531 0.833273186575
0.881297709924 0.833273186575
0.881342998855 0.833634067124
0.881388253242 0.833994947672
0.881433473122 0.834355828221
0.881097560976 0.834355828221
0.881142857143 0.834716708769
0.8808073115 0.834716708769
0.880472021317 0.834716708769
0.880517503805 0.835077589318
0.880562951693 0.835438469866
0.880608365019 0.835799350415
0.880653743824 0.836160230964
0.880699088146 0.836521111512
0.880364603114 0.836521111512
0.880410022779 0.836881992061
0.880075901328 0.836881992061
0.879742033384 0.836881992061
0.879408418658 0.836881992061
0.879075056861 0.836881992061
0.878741947707 0.836881992061
0.878409090909 0.836881992061
0.878455130632 0.837242872609
0.878122634368 0.837242872609
0.877790389709 0.837242872609
0.877836611195 0.837603753158
0.877882797732 0.837964633706
0.877928949358 0.838325514255
0.87759727994 0.838325514255
0.877265861027 0.838325514255
0.87731219328 0.838686394803
0.877358490566 0.839047275352
0.877404752923 0.8394081559
0.877073906486 0.8394081559
0.877120241236 0.839769036449
0.87716654107 0.840129916997
0.877212806026 0.840490797546
0.87688253012 0.840490797546
0.876552502823 0.840490797546
0.876222723853 0.840490797546
0.87589319293 0.840490797546
0.875939849624 0.840851678095
0.875986471251 0.841212558643
0.876033057851 0.841573439192
0.876079609463 0.84193431974
0.875750750751 0.84193431974
0.875797373358 0.842295200289
0.875468867217 0.842295200289
0.875140607424 0.842295200289
0.874812593703 0.842295200289
0.874484825777 0.842295200289
0.874531835206 0.842656080837
0.874578809435 0.843016961386
0.874251497006 0.843016961386
0.874298540965 0.843377841934
0.874345549738 0.843738722483
0.874392523364 0.844099603031
0.874439461883 0.84446048358
0.874486365334 0.844821364128
0.874159820762 0.844821364128
0.87420679358 0.845182244677
0.873880597015 0.845182244677
0.87355464379 0.845182244677
0.873601789709 0.845543125226
0.873648900485 0.845904005774
0.873323397914 0.845904005774
0.872998137803 0.845904005774
0.872673119881 0.845904005774
0.872720506141 0.846264886323
0.872767857143 0.846625766871
0.872815172927 0.84698664742
0.872862453532 0.847347527968
0.872909698997 0.847708408517
0.872956909361 0.848069289065
0.873004084664 0.848430169614
0.873051224944 0.848791050162
0.873098330241 0.849151930711
0.873145400593 0.849512811259
0.872821653689 0.849512811259
0.872498146775 0.849512811259
0.872174879585 0.849512811259
0.872222222222 0.849873691808
0.871899296557 0.849873691808
0.871576609919 0.849873691808
0.871254162042 0.849873691808
0.871301775148 0.850234572357
0.87134935305 0.850595452905
0.871396895787 0.850956333454
0.871074990765 0.850956333454
0.870753323486 0.850956333454
0.870801033592 0.851317214002
0.870479704797 0.851317214002
0.870158613058 0.851317214002
0.869837758112 0.851317214002
0.869517139698 0.851317214002
0.869565217391 0.851678094551
0.869613259669 0.852038975099
0.869661266568 0.852399855648
0.86970923813 0.852760736196
0.869757174393 0.853121616745
0.869437293122 0.853121616745
0.869117647059 0.853121616745
0.869165747887 0.853482497293
0.869213813373 0.853843377842
0.868894601542 0.853843377842
0.868942731278 0.85420425839
0.868623853211 0.85420425839
0.868305209098 0.85420425839
0.86798679868 0.85420425839
0.867668621701 0.85420425839
0.867350677904 0.85420425839
0.867032967033 0.85420425839
0.867081655071 0.854565138939
0.866764275256 0.854565138939
0.866447127698 0.854565138939
0.866495976591 0.854926019488
0.866544789762 0.855286900036
0.866593567251 0.855647780585
0.866642309098 0.856008661133
0.86669101534 0.856369541682
0.866374589266 0.856369541682
0.866058394161 0.856369541682
0.86574242977 0.856369541682
0.865791393144 0.85673042223
0.865475756471 0.85673042223
0.865524781341 0.857091302779
0.865573770492 0.857452183327
0.865622723962 0.857813063876
0.8653076083 0.857813063876
0.86499272198 0.857813063876
0.864678064751 0.857813063876
0.864727272727 0.858173944424
0.864412940749 0.858173944424
0.864462209302 0.858534824973
0.864148201961 0.858534824973
0.863834422658 0.858534824973
0.863520871143 0.858534824973
0.86320754717 0.858534824973
0.86289445049 0.858534824973
0.862581580856 0.858534824973
0.862268938021 0.858534824973
0.861956521739 0.858534824973
0.861644331764 0.858534824973
0.861332367849 0.858534824973
0.86102062975 0.858534824973
0.860709117221 0.858534824973
0.860397830018 0.858534824973
0.860448300795 0.858895705521
0.860137332851 0.858895705521
0.859826589595 0.858895705521
0.859516070784 0.858895705521
0.859205776173 0.858895705521
0.85925658607 0.85925658607
0.859307359307 0.859617466619
0.858997475658 0.859617466619
0.859048305696 0.859978347167
0.858738738739 0.859978347167
0.858429394813 0.859978347167
0.858480374505 0.860339227716
0.858531317495 0.860700108264
0.858582223822 0.861060988813
0.858633093525 0.861421869361
0.858683926645 0.86178274991
0.85837526959 0.86178274991
0.858426158821 0.862143630458
0.858477011494 0.862504511007
0.858168761221 0.862504511007
0.858219669777 0.862865391555
0.857911733046 0.862865391555
0.857604017217 0.862865391555
0.857655073503 0.863226272104
0.857347670251 0.863226272104
0.857040487281 0.863226272104
0.857091690544 0.863587152652
0.856784819191 0.863587152652
0.856836077309 0.863948033201
0.856887298748 0.86430891375
0.856938483548 0.864669794298
0.856989631748 0.865030674847
0.856683345247 0.865030674847
0.856734548053 0.865391555395
0.856428571429 0.865391555395
0.856479828633 0.865752435944
0.856531049251 0.866113316492
0.856582233321 0.866474197041
0.856633380884 0.866835077589
0.856684491979 0.867195958138
0.856735566643 0.867556838686
0.856786604916 0.867917719235
0.856837606838 0.868278599783
0.856888572446 0.868639480332
0.856583629893 0.868639480332
0.856634649591 0.869000360881
0.856330014225 0.869000360881
0.856381087807 0.869361241429
0.856076759062 0.869361241429
0.855772646536 0.869361241429
0.855823863636 0.869722121978
0.855875044373 0.870083002526
0.855571327182 0.870083002526
0.855622561192 0.870443883075
0.855319148936 0.870443883075
0.85501595179 0.870443883075
0.855067328136 0.870804763623
0.855118668084 0.871165644172
0.854815864023 0.871165644172
0.854867256637 0.87152652472
0.854564755839 0.87152652472
0.854262469048 0.87152652472
0.854314002829 0.871887405269
0.854012018381 0.871887405269
0.85406360424 0.872248285817
0.854115153656 0.872609166366
0.853813559322 0.872609166366
0.853512177903 0.872609166366
0.853211009174 0.872609166366
0.85291005291 0.872609166366
0.852961918195 0.872970046914
0.852661261896 0.872970046914
0.852360817477 0.872970046914
0.852412821416 0.873330927463
0.852112676056 0.873330927463
0.851812741992 0.873330927463
0.851864883885 0.873691808012
0.851916989096 0.87405268856
0.851617440225 0.87405268856
0.851318101933 0.87405268856
0.851018973999 0.87405268856
0.851071303126 0.874413569109
0.85077247191 0.874413569109
0.850473850474 0.874413569109
0.850175438596 0.874413569109
0.850227990179 0.874774449657
0.849929873773 0.874774449657
0.849982474588 0.875135330206
0.850035038542 0.875496210754
0.850087565674 0.875857091303
0.849789915966 0.875857091303
0.849492474624 0.875857091303
0.849195241428 0.875857091303
0.849247988807 0.876217971851
0.848951048951 0.876217971851
0.84900384481 0.8765788524
0.849056603774 0.876939732948
0.848760041914 0.876939732948
0.848463687151 0.876939732948
0.848167539267 0.876939732948
0.847871598046 0.876939732948
0.847924659923 0.877300613497
0.847629009763 0.877300613497
0.847682119205 0.877661494045
0.847386759582 0.877661494045
0.847439916405 0.878022374594
0.847144846797 0.878022374594
0.846849982597 0.878022374594
0.846903270703 0.878383255143
0.846956521739 0.878744135691
0.847009735744 0.87910501624
0.847062912756 0.879465896788
0.847116052814 0.879826777337
0.847169155957 0.880187657885
0.846875 0.880187657885
0.846928149948 0.880548538434
0.846634281749 0.880548538434
0.846340617412 0.880548538434
0.846393897365 0.880909418982
0.846447140381 0.881270299531
0.8465003465 0.881631180079
0.84655351576 0.881992060628
0.846606648199 0.882352941176
0.846313603323 0.882352941176
0.846020761246 0.882352941176
0.845728121757 0.882352941176
0.845781466113 0.882713821725
0.845834773591 0.883074702274
0.845542501728 0.883074702274
0.845250431779 0.883074702274
0.844958563536 0.883074702274
0.845012081464 0.883435582822
0.844720496894 0.883435582822
0.844774060021 0.883796463371
0.844827586207 0.884157343919
0.84453636677 0.884157343919
0.844245348036 0.884157343919
0.843954529797 0.884157343919
0.843663911846 0.884157343919
0.843373493976 0.884157343919
0.843083275981 0.884157343919
0.842793257654 0.884157343919
0.842847317744 0.884518224468
0.842557579924 0.884518224468
0.842268041237 0.884518224468
0.841978701477 0.884518224468
0.84168956044 0.884518224468
0.841743906625 0.884879105016
0.841455044612 0.884879105016
0.841166380789 0.884879105016
0.840877914952 0.884879105016
0.840589646897 0.884879105016
0.840644276902 0.885239985565
0.840356286399 0.885239985565
0.840410958904 0.885600866113
0.840465593975 0.885961746662
0.840177960301 0.885961746662
0.839890523435 0.885961746662
0.839603283174 0.885961746662
0.839316239316 0.885961746662
0.839029391661 0.885961746662
0.838742740007 0.885961746662
0.838797814208 0.88632262721
0.838511437351 0.88632262721
0.838225255973 0.88632262721
0.838280450358 0.886683507759
0.838335607094 0.887044388307
0.838049778384 0.887044388307
0.837764144513 0.887044388307
0.837478705281 0.887044388307
0.837534059946 0.887405268856
0.837248893429 0.887405268856
0.836963921035 0.887405268856
0.836679142565 0.887405268856
0.836394557823 0.887405268856
0.83611016661 0.887405268856
0.835825968729 0.887405268856
0.835541963982 0.887405268856
0.835258152174 0.887405268856
0.834974533107 0.887405268856
0.834691106585 0.887405268856
0.834747200543 0.887766149405
0.834803256445 0.888127029953
0.834520176331 0.888127029953
0.834237288136 0.888127029953
0.833954591664 0.888127029953
0.834010840108 0.888487910502
0.834067050457 0.88884879105
0.833784698714 0.88884879105
0.833502538071 0.88884879105
0.833220568336 0.88884879105
0.832938789313 0.88884879105
0.832995267072 0.889209671599
0.833051706658 0.889570552147
0.83277027027 0.889570552147
0.832489023978 0.889570552147
0.832545577313 0.889931432696
0.832264596693 0.889931432696
0.832321187584 0.890292313244
0.832040472175 0.890292313244
0.831759946055 0.890292313244
0.831479609033 0.890292313244
0.831199460916 0.890292313244
0.830919501516 0.890292313244
0.83063973064 0.890292313244
0.830360148098 0.890292313244
0.830417227456 0.890653193793
0.830474268416 0.891014074341
0.830195023537 0.891014074341
0.829915966387 0.891014074341
0.829637096774 0.891014074341
0.829358414511 0.891014074341
0.829079919409 0.891014074341
0.829137294394 0.89137495489
0.829194630872 0.891735835438
0.828916470983 0.891735835438
0.828638497653 0.891735835438
0.828360710694 0.891735835438
0.828418230563 0.892096715987
0.828475711893 0.892457596536
0.82819825854 0.892457596536
0.827920990961 0.892457596536
0.827643908969 0.892457596536
0.827367012379 0.892457596536
0.827424749164 0.892818477084
0.827482447342 0.893179357633
0.827540106952 0.893540238181
0.827263615102 0.893540238181
0.826987307949 0.893540238181
0.826711185309 0.893540238181
0.826435246996 0.893540238181
0.826159492826 0.893540238181
0.825883922615 0.893540238181
0.82594198066 0.89390111873
0.825666666667 0.89390111873
0.825391536155 0.89390111873
0.825116588941 0.89390111873
0.824841824842 0.89390111873
0.824900133156 0.894261999278
0.824958402662 0.894622879827
0.824683965403 0.894622879827
0.824409710675 0.894622879827
0.824135638298 0.894622879827
0.823861748089 0.894622879827
0.823588039867 0.894622879827
0.823646629027 0.894983760375
0.823705179283 0.895344640924
0.823431795553 0.895344640924
0.823158593232 0.895344640924
0.822885572139 0.895344640924
0.822612732095 0.895344640924
0.82234007292 0.895344640924
0.822398939695 0.895705521472
0.822126531964 0.895705521472
0.821854304636 0.895705521472
0.821582257531 0.895705521472
0.82131039047 0.895705521472
0.821038703275 0.895705521472
0.820767195767 0.895705521472
0.820495867769 0.895705521472
0.820224719101 0.895705521472
0.82028410968 0.896066402021
0.82001321004 0.896066402021
0.81974248927 0.896066402021
0.819471947195 0.896066402021
0.819201583636 0.896066402021
0.818931398417 0.896066402021
0.818661391362 0.896066402021
0.818721160185 0.896427282569
0.818451400329 0.896427282569
0.818181818182 0.896427282569
0.817912413566 0.896427282569
0.817643186307 0.896427282569
0.817374136229 0.896427282569
0.817105263158 0.896427282569
0.816836566919 0.896427282569
0.816568047337 0.896427282569
0.816299704239 0.896427282569
0.816031537451 0.896427282569
0.815763546798 0.896427282569
0.815495732108 0.896427282569
0.815228093206 0.896427282569
0.814960629921 0.896427282569
0.815021318465 0.896788163118
0.815081967213 0.897149043667
0.814814814815 0.897149043667
0.814547837484 0.897149043667
0.814608581723 0.897509924215
