1.0 0.000360880548538
1.0 0.000721761097077
1.0 0.00108264164562
1.0 0.00144352219415
1.0 0.00180440274269
1.0 0.00216528329123
1.0 0.00252616383977
1.0 0.00288704438831
1.0 0.00324792493685
1.0 0.00360880548538
0.909090909091 0.00360880548538
0.916666666667 0.00396968603392
0.923076923077 0.00433056658246
0.928571428571 0.004691447131
0.933333333333 0.00505232767954
0.9375 0.00541320822808
0.941176470588 0.00577408877661
0.944444444444 0.00613496932515
0.947368421053 0.00649584987369
0.95 0.00685673042223
0.952380952381 0.00721761097077
0.954545454545 0.00757849151931
0.95652173913 0.00793937206785
0.958333333333 0.00830025261638
0.96 0.00866113316492
0.961538461538 0.00902201371346
0.962962962963 0.009382894262
0.964285714286 0.00974377481054
0.965517241379 0.0101046553591
0.966666666667 0.0104655359076
0.967741935484 0.0108264164562
0.96875 0.0111872970047
0.969696969697 0.0115481775532
0.970588235294 0.0119090581018
0.971428571429 0.0122699386503
0.972222222222 0.0126308191988
0.972972972973 0.0129916997474
0.973684210526 0.0133525802959
0.974358974359 0.0137134608445
0.975 0.014074341393
0.975609756098 0.0144352219415
0.97619047619 0.0147961024901
0.976744186047 0.0151569830386
0.977272727273 0.0155178635872
0.977777777778 0.0158787441357
0.978260869565 0.0162396246842
0.978723404255 0.0166005052328
0.979166666667 0.0169613857813
0.979591836735 0.0173222663298
0.98 0.0176831468784
0.980392156863 0.0180440274269
0.980769230769 0.0184049079755
0.981132075472 0.018765788524
0.981481481481 0.0191266690725
0.981818181818 0.0194875496211
0.982142857143 0.0198484301696
0.982456140351 0.0202093107182
0.98275862069 0.0205701912667
0.983050847458 0.0209310718152
0.983333333333 0.0212919523638
0.983606557377 0.0216528329123
0.983870967742 0.0220137134608
0.968253968254 0.0220137134608
0.953125 0.0220137134608
0.938461538462 0.0220137134608
0.939393939394 0.0223745940094
0.940298507463 0.0227354745579
0.941176470588 0.0230963551065
0.942028985507 0.023457235655
0.942857142857 0.0238181162035
0.943661971831 0.0241789967521
0.944444444444 0.0245398773006
0.945205479452 0.0249007578492
0.945945945946 0.0252616383977
0.946666666667 0.0256225189462
0.947368421053 0.0259833994948
0.948051948052 0.0263442800433
0.948717948718 0.0267051605918
0.949367088608 0.0270660411404
0.95 0.0274269216889
0.938271604938 0.0274269216889
0.926829268293 0.0274269216889
0.915662650602 0.0274269216889
0.904761904762 0.0274269216889
0.905882352941 0.0277878022375
0.906976744186 0.028148682786
0.908045977011 0.0285095633345
0.909090909091 0.0288704438831
0.910112359551 0.0292313244316
0.911111111111 0.0295922049802
0.912087912088 0.0299530855287
0.913043478261 0.0303139660772
0.913978494624 0.0306748466258
0.914893617021 0.0310357271743
0.915789473684 0.0313966077228
0.916666666667 0.0317574882714
0.917525773196 0.0321183688199
0.918367346939 0.0324792493685
0.919191919192 0.032840129917
0.92 0.0332010104655
0.920792079208 0.0335618910141
0.921568627451 0.0339227715626
0.922330097087 0.0342836521112
0.923076923077 0.0346445326597
0.92380952381 0.0350054132082
0.924528301887 0.0353662937568
0.915887850467 0.0353662937568
0.916666666667 0.0357271743053
0.917431192661 0.0360880548538
0.918181818182 0.0364489354024
0.918918918919 0.0368098159509
0.919642857143 0.0371706964995
0.920353982301 0.037531577048
0.921052631579 0.0378924575965
0.921739130435 0.0382533381451
0.922413793103 0.0386142186936
0.923076923077 0.0389750992422
0.923728813559 0.0393359797907
0.924369747899 0.0396968603392
0.925 0.0400577408878
0.925619834711 0.0404186214363
0.926229508197 0.0407795019848
0.926829268293 0.0411403825334
0.927419354839 0.0415012630819
0.928 0.0418621436305
0.928571428571 0.042223024179
0.929133858268 0.0425839047275
0.9296875 0.0429447852761
0.93023255814 0.0433056658246
0.923076923077 0.0433056658246
0.916030534351 0.0433056658246
0.916666666667 0.0436665463732
0.917293233083 0.0440274269217
0.917910447761 0.0443883074702
0.918518518519 0.0447491880188
0.919117647059 0.0451100685673
0.919708029197 0.0454709491158
0.920289855072 0.0458318296644
0.920863309353 0.0461927102129
0.921428571429 0.0465535907615
0.921985815603 0.04691447131
0.922535211268 0.0472753518585
0.923076923077 0.0476362324071
0.923611111111 0.0479971129556
0.924137931034 0.0483579935042
0.924657534247 0.0487188740527
0.925170068027 0.0490797546012
0.925675675676 0.0494406351498
0.919463087248 0.0494406351498
0.92 0.0498015156983
0.920529801325 0.0501623962468
0.921052631579 0.0505232767954
0.921568627451 0.0508841573439
0.922077922078 0.0512450378925
0.922580645161 0.051605918441
0.923076923077 0.0519667989895
0.923566878981 0.0523276795381
0.924050632911 0.0526885600866
0.924528301887 0.0530494406351
0.925 0.0534103211837
0.925465838509 0.0537712017322
0.925925925926 0.0541320822808
0.926380368098 0.0544929628293
0.926829268293 0.0548538433778
0.927272727273 0.0552147239264
0.927710843373 0.0555756044749
0.928143712575 0.0559364850235
0.928571428571 0.056297365572
0.92899408284 0.0566582461205
0.929411764706 0.0570191266691
0.929824561404 0.0573800072176
0.93023255814 0.0577408877661
0.93063583815 0.0581017683147
0.931034482759 0.0584626488632
0.931428571429 0.0588235294118
0.931818181818 0.0591844099603
0.932203389831 0.0595452905088
0.926966292135 0.0595452905088
0.921787709497 0.0595452905088
0.916666666667 0.0595452905088
0.911602209945 0.0595452905088
0.912087912088 0.0599061710574
0.912568306011 0.0602670516059
0.913043478261 0.0606279321545
0.913513513514 0.060988812703
0.913978494624 0.0613496932515
0.914438502674 0.0617105738001
0.914893617021 0.0620714543486
0.915343915344 0.0624323348971
0.915789473684 0.0627932154457
0.916230366492 0.0631540959942
0.916666666667 0.0635149765428
0.917098445596 0.0638758570913
0.917525773196 0.0642367376398
0.917948717949 0.0645976181884
0.918367346939 0.0649584987369
0.918781725888 0.0653193792855
0.919191919192 0.065680259834
0.91959798995 0.0660411403825
0.92 0.0664020209311
0.92039800995 0.0667629014796
0.920792079208 0.0671237820281
0.92118226601 0.0674846625767
0.921568627451 0.0678455431252
0.921951219512 0.0682064236738
0.917475728155 0.0682064236738
0.913043478261 0.0682064236738
0.913461538462 0.0685673042223
0.913875598086 0.0689281847708
0.914285714286 0.0692890653194
0.914691943128 0.0696499458679
0.915094339623 0.0700108264165
0.915492957746 0.070371706965
0.915887850467 0.0707325875135
0.916279069767 0.0710934680621
0.916666666667 0.0714543486106
0.917050691244 0.0718152291591
0.917431192661 0.0721761097077
0.917808219178 0.0725369902562
0.918181818182 0.0728978708048
0.918552036199 0.0732587513533
0.918918918919 0.0736196319018
0.919282511211 0.0739805124504
0.919642857143 0.0743413929989
0.92 0.0747022735475
0.920353982301 0.075063154096
0.920704845815 0.0754240346445
0.921052631579 0.0757849151931
0.921397379913 0.0761457957416
0.921739130435 0.0765066762901
0.922077922078 0.0768675568387
0.922413793103 0.0772284373872
0.922746781116 0.0775893179358
0.923076923077 0.0779501984843
0.923404255319 0.0783110790328
0.923728813559 0.0786719595814
0.924050632911 0.0790328401299
0.924369747899 0.0793937206785
0.924686192469 0.079754601227
0.925 0.0801154817755
0.921161825726 0.0801154817755
0.917355371901 0.0801154817755
0.913580246914 0.0801154817755
0.909836065574 0.0801154817755
0.910204081633 0.0804763623241
0.910569105691 0.0808372428726
0.910931174089 0.0811981234211
0.911290322581 0.0815590039697
0.911646586345 0.0819198845182
0.912 0.0822807650668
0.91235059761 0.0826416456153
0.912698412698 0.0830025261638
0.913043478261 0.0833634067124
0.913385826772 0.0837242872609
0.913725490196 0.0840851678095
0.9140625 0.084446048358
0.91439688716 0.0848069289065
0.914728682171 0.0851678094551
0.915057915058 0.0855286900036
0.915384615385 0.0858895705521
0.915708812261 0.0862504511007
0.916030534351 0.0866113316492
0.916349809886 0.0869722121978
0.916666666667 0.0873330927463
0.91320754717 0.0873330927463
0.913533834586 0.0876939732948
0.913857677903 0.0880548538434
0.914179104478 0.0884157343919
0.914498141264 0.0887766149405
0.914814814815 0.089137495489
0.915129151292 0.0894983760375
0.915441176471 0.0898592565861
0.915750915751 0.0902201371346
0.916058394161 0.0905810176831
0.916363636364 0.0909418982317
0.916666666667 0.0913027787802
0.916967509025 0.0916636593288
0.91726618705 0.0920245398773
0.917562724014 0.0923854204258
0.917857142857 0.0927463009744
0.918149466192 0.0931071815229
0.918439716312 0.0934680620715
0.918727915194 0.09382894262
0.919014084507 0.0941898231685
0.919298245614 0.0945507037171
0.91958041958 0.0949115842656
0.919860627178 0.0952724648141
0.920138888889 0.0956333453627
0.920415224913 0.0959942259112
0.920689655172 0.0963551064598
0.920962199313 0.0967159870083
0.917808219178 0.0967159870083
0.914675767918 0.0967159870083
0.91156462585 0.0967159870083
0.91186440678 0.0970768675568
0.912162162162 0.0974377481054
0.912457912458 0.0977986286539
0.912751677852 0.0981595092025
0.913043478261 0.098520389751
0.913333333333 0.0988812702995
0.913621262458 0.0992421508481
0.913907284768 0.0996030313966
0.914191419142 0.0999639119451
0.914473684211 0.100324792494
0.914754098361 0.100685673042
0.915032679739 0.101046553591
0.915309446254 0.101407434139
0.915584415584 0.101768314688
0.915857605178 0.102129195236
0.916129032258 0.102490075785
0.916398713826 0.102850956333
0.916666666667 0.103211836882
0.916932907348 0.103572717431
0.917197452229 0.103933597979
0.91746031746 0.104294478528
0.917721518987 0.104655359076
0.917981072555 0.105016239625
0.918238993711 0.105377120173
0.918495297806 0.105738000722
0.915625 0.105738000722
0.915887850467 0.10609888127
0.916149068323 0.106459761819
0.916408668731 0.106820642367
0.916666666667 0.107181522916
0.916923076923 0.107542403464
0.91717791411 0.107903284013
0.917431192661 0.108264164562
0.917682926829 0.10862504511
0.917933130699 0.108985925659
0.918181818182 0.109346806207
0.918429003021 0.109707686756
0.918674698795 0.110068567304
0.918918918919 0.110429447853
0.919161676647 0.110790328401
0.919402985075 0.11115120895
0.919642857143 0.111512089498
0.919881305638 0.111872970047
0.920118343195 0.112233850595
0.920353982301 0.112594731144
0.920588235294 0.112955611693
0.91788856305 0.112955611693
0.915204678363 0.112955611693
0.912536443149 0.112955611693
0.912790697674 0.113316492241
0.913043478261 0.11367737279
0.913294797688 0.114038253338
0.913544668588 0.114399133887
0.913793103448 0.114760014435
0.914040114613 0.115120894984
0.914285714286 0.115481775532
0.91452991453 0.115842656081
0.914772727273 0.116203536629
0.915014164306 0.116564417178
0.915254237288 0.116925297726
0.915492957746 0.117286178275
0.915730337079 0.117647058824
0.915966386555 0.118007939372
0.916201117318 0.118368819921
0.91643454039 0.118729700469
0.916666666667 0.119090581018
0.916897506925 0.119451461566
0.917127071823 0.119812342115
0.917355371901 0.120173222663
0.917582417582 0.120534103212
0.917808219178 0.12089498376
0.918032786885 0.121255864309
0.91825613079 0.121616744857
0.91847826087 0.121977625406
0.918699186992 0.122338505955
0.918918918919 0.122699386503
0.919137466307 0.123060267052
0.91935483871 0.1234211476
0.919571045576 0.123782028149
0.917112299465 0.123782028149
0.914666666667 0.123782028149
0.914893617021 0.124142908697
0.915119363395 0.124503789246
0.915343915344 0.124864669794
0.915567282322 0.125225550343
0.915789473684 0.125586430891
0.916010498688 0.12594731144
0.916230366492 0.126308191988
0.916449086162 0.126669072537
0.916666666667 0.127029953086
0.916883116883 0.127390833634
0.917098445596 0.127751714183
0.917312661499 0.128112594731
0.917525773196 0.12847347528
0.917737789203 0.128834355828
0.917948717949 0.129195236377
0.918158567775 0.129556116925
0.915816326531 0.129556116925
0.913486005089 0.129556116925
0.91116751269 0.129556116925
0.908860759494 0.129556116925
0.906565656566 0.129556116925
0.906801007557 0.129916997474
0.907035175879 0.130277878022
0.907268170426 0.130638758571
0.9075 0.130999639119
0.907730673317 0.131360519668
0.907960199005 0.131721400217
0.908188585608 0.132082280765
0.908415841584 0.132443161314
0.908641975309 0.132804041862
0.908866995074 0.133164922411
0.909090909091 0.133525802959
0.90931372549 0.133886683508
0.909535452323 0.134247564056
0.909756097561 0.134608444605
0.9099756691 0.134969325153
0.910194174757 0.135330205702
0.910411622276 0.13569108625
0.910628019324 0.136051966799
0.910843373494 0.136412847348
0.911057692308 0.136773727896
0.911270983213 0.137134608445
0.911483253589 0.137495488993
0.91169451074 0.137856369542
0.911904761905 0.13821725009
0.912114014252 0.138578130639
0.912322274882 0.138939011187
0.912529550827 0.139299891736
0.912735849057 0.139660772284
0.912941176471 0.140021652833
0.913145539906 0.140382533381
0.913348946136 0.14074341393
0.913551401869 0.141104294479
0.913752913753 0.141465175027
0.913953488372 0.141826055576
0.914153132251 0.142186936124
0.914351851852 0.142547816673
0.91454965358 0.142908697221
0.914746543779 0.14326957777
0.914942528736 0.143630458318
0.915137614679 0.143991338867
0.91533180778 0.144352219415
0.915525114155 0.144713099964
0.915717539863 0.145073980512
0.915909090909 0.145434861061
0.916099773243 0.14579574161
0.91628959276 0.146156622158
0.916478555305 0.146517502707
0.916666666667 0.146878383255
0.916853932584 0.147239263804
0.917040358744 0.147600144352
0.917225950783 0.147961024901
0.915178571429 0.147961024901
0.915367483296 0.148321905449
0.915555555556 0.148682785998
0.915742793792 0.149043666546
0.91592920354 0.149404547095
0.916114790287 0.149765427643
0.916299559471 0.150126308192
0.916483516484 0.150487188741
0.916666666667 0.150848069289
0.916849015317 0.151208949838
0.917030567686 0.151569830386
0.917211328976 0.151930710935
0.917391304348 0.152291591483
0.917570498915 0.152652472032
0.917748917749 0.15301335258
0.917926565875 0.153374233129
0.915948275862 0.153374233129
0.913978494624 0.153374233129
0.912017167382 0.153374233129
0.912205567452 0.153735113677
0.912393162393 0.154095994226
0.912579957356 0.154456874774
0.912765957447 0.154817755323
0.912951167728 0.155178635872
0.91313559322 0.15553951642
0.913319238901 0.155900396969
0.913502109705 0.156261277517
0.913684210526 0.156622158066
0.913865546218 0.156983038614
0.914046121593 0.157343919163
0.914225941423 0.157704799711
0.914405010438 0.15806568026
0.914583333333 0.158426560808
0.914760914761 0.158787441357
0.912863070539 0.158787441357
0.913043478261 0.159148321905
0.913223140496 0.159509202454
0.913402061856 0.159870083003
0.913580246914 0.160230963551
0.913757700205 0.1605918441
0.91393442623 0.160952724648
0.914110429448 0.161313605197
0.914285714286 0.161674485745
0.914460285132 0.162035366294
0.914634146341 0.162396246842
0.914807302231 0.162757127391
0.914979757085 0.163118007939
0.915151515152 0.163478888488
0.915322580645 0.163839769036
0.915492957746 0.164200649585
0.915662650602 0.164561530134
0.915831663327 0.164922410682
0.916 0.165283291231
0.916167664671 0.165644171779
0.916334661355 0.166005052328
0.916500994036 0.166365932876
0.916666666667 0.166726813425
0.916831683168 0.167087693973
0.916996047431 0.167448574522
0.917159763314 0.16780945507
0.917322834646 0.168170335619
0.917485265226 0.168531216167
0.917647058824 0.168892096716
0.917808219178 0.169252977265
0.91796875 0.169613857813
0.918128654971 0.169974738362
0.918287937743 0.17033561891
0.918446601942 0.170696499459
0.918604651163 0.171057380007
0.918762088975 0.171418260556
0.918918918919 0.171779141104
0.919075144509 0.172140021653
0.919230769231 0.172500902201
0.919385796545 0.17286178275
0.919540229885 0.173222663298
0.919694072658 0.173583543847
0.919847328244 0.173944424396
0.92 0.174305304944
0.920152091255 0.174666185493
0.920303605313 0.175027066041
0.920454545455 0.17538794659
0.920604914934 0.175748827138
0.920754716981 0.176109707687
0.920903954802 0.176470588235
0.921052631579 0.176831468784
0.921200750469 0.177192349332
0.921348314607 0.177553229881
0.921495327103 0.177914110429
0.921641791045 0.178274990978
0.921787709497 0.178635871527
0.921933085502 0.178996752075
0.922077922078 0.179357632624
0.922222222222 0.179718513172
0.922365988909 0.180079393721
0.922509225092 0.180440274269
0.922651933702 0.180801154818
0.922794117647 0.181162035366
0.922935779817 0.181522915915
0.923076923077 0.181883796463
0.923217550274 0.182244677012
0.923357664234 0.18260555756
0.921675774135 0.18260555756
0.921818181818 0.182966438109
0.921960072595 0.183327318658
0.922101449275 0.183688199206
0.922242314647 0.184049079755
0.92238267148 0.184409960303
0.922522522523 0.184770840852
0.922661870504 0.1851317214
0.922800718133 0.185492601949
0.921146953405 0.185492601949
0.919499105546 0.185492601949
0.919642857143 0.185853482497
0.918003565062 0.185853482497
0.918149466192 0.186214363046
0.918294849023 0.186575243594
0.918439716312 0.186936124143
0.918584070796 0.187297004691
0.918727915194 0.18765788524
0.918871252205 0.188018765789
0.919014084507 0.188379646337
0.919156414763 0.188740526886
0.919298245614 0.189101407434
0.919439579685 0.189462287983
0.91958041958 0.189823168531
0.91797556719 0.189823168531
0.91637630662 0.189823168531
0.914782608696 0.189823168531
0.914930555556 0.19018404908
0.915077989601 0.190544929628
0.915224913495 0.190905810177
0.915371329879 0.191266690725
0.915517241379 0.191627571274
0.915662650602 0.191988451822
0.915807560137 0.192349332371
0.915951972556 0.19271021292
0.916095890411 0.193071093468
0.916239316239 0.193431974017
0.91638225256 0.193792854565
0.916524701874 0.194153735114
0.916666666667 0.194514615662
0.916808149406 0.194875496211
0.916949152542 0.195236376759
0.917089678511 0.195597257308
0.91722972973 0.195958137856
0.91568296796 0.195958137856
0.915824915825 0.196319018405
0.915966386555 0.196679898953
0.91610738255 0.197040779502
0.914572864322 0.197040779502
0.913043478261 0.197040779502
0.911519198664 0.197040779502
0.911666666667 0.197401660051
0.911813643927 0.197762540599
0.91196013289 0.198123421148
0.912106135987 0.198484301696
0.912251655629 0.198845182245
0.912396694215 0.199206062793
0.912541254125 0.199566943342
0.911037891269 0.199566943342
0.911184210526 0.19992782389
0.911330049261 0.200288704439
0.911475409836 0.200649584987
0.911620294599 0.201010465536
0.911764705882 0.201371346084
0.911908646003 0.201732226633
0.912052117264 0.202093107182
0.912195121951 0.20245398773
0.912337662338 0.202814868279
0.912479740681 0.203175748827
0.912621359223 0.203536629376
0.912762520194 0.203897509924
0.912903225806 0.204258390473
0.913043478261 0.204619271021
0.913183279743 0.20498015157
0.913322632424 0.205341032118
0.913461538462 0.205701912667
0.9136 0.206062793215
0.913738019169 0.206423673764
0.913875598086 0.206784554313
0.914012738854 0.207145434861
0.914149443561 0.20750631541
0.914285714286 0.207867195958
0.91442155309 0.208228076507
0.914556962025 0.208588957055
0.914691943128 0.208949837604
0.914826498423 0.209310718152
0.914960629921 0.209671598701
0.915094339623 0.210032479249
0.913657770801 0.210032479249
0.913793103448 0.210393359798
0.91392801252 0.210754240346
0.9140625 0.211115120895
0.914196567863 0.211476001444
0.914330218069 0.211836881992
0.914463452566 0.212197762541
0.914596273292 0.212558643089
0.914728682171 0.212919523638
0.914860681115 0.213280404186
0.914992272025 0.213641284735
0.91512345679 0.214002165283
0.915254237288 0.214363045832
0.915384615385 0.21472392638
0.913978494624 0.21472392638
0.914110429448 0.215084806929
0.912710566616 0.215084806929
0.912844036697 0.215445687477
0.912977099237 0.215806568026
0.913109756098 0.216167448575
0.913242009132 0.216528329123
0.913373860182 0.216889209672
0.913505311077 0.21725009022
0.913636363636 0.217610970769
0.913767019667 0.217971851317
0.913897280967 0.218332731866
0.914027149321 0.218693612414
0.91265060241 0.218693612414
0.911278195489 0.218693612414
0.90990990991 0.218693612414
0.910044977511 0.219054492963
0.910179640719 0.219415373511
0.910313901345 0.21977625406
0.910447761194 0.220137134608
0.910581222057 0.220498015157
0.910714285714 0.220858895706
0.910846953938 0.221219776254
0.910979228487 0.221580656803
0.911111111111 0.221941537351
0.909763313609 0.221941537351
0.908419497784 0.221941537351
0.908554572271 0.2223024179
0.908689248895 0.222663298448
0.908823529412 0.223024178997
0.908957415565 0.223385059545
0.909090909091 0.223745940094
0.909224011713 0.224106820642
0.909356725146 0.224467701191
0.909489051095 0.224828581739
0.909620991254 0.225189462288
0.909752547307 0.225550342837
0.90988372093 0.225911223385
0.910014513788 0.226272103934
0.910144927536 0.226632984482
0.910274963821 0.226993865031
0.910404624277 0.227354745579
0.910533910534 0.227715626128
0.910662824207 0.228076506676
0.910791366906 0.228437387225
0.91091954023 0.228798267773
0.911047345768 0.229159148322
0.9111747851 0.22952002887
0.9113018598 0.229880909419
0.911428571429 0.230241789968
0.911554921541 0.230602670516
0.911680911681 0.230963551065
0.911806543385 0.231324431613
0.911931818182 0.231685312162
0.912056737589 0.23204619271
0.912181303116 0.232407073259
0.910891089109 0.232407073259
0.911016949153 0.232767953807
0.911142454161 0.233128834356
0.911267605634 0.233489714904
0.911392405063 0.233850595453
0.911516853933 0.234211476001
0.911640953717 0.23457235655
0.911764705882 0.234933237099
0.911888111888 0.235294117647
0.912011173184 0.235654998196
0.912133891213 0.236015878744
0.912256267409 0.236376759293
0.912378303199 0.236737639841
0.9125 0.23709852039
0.912621359223 0.237459400938
0.91135734072 0.237459400938
0.911479944675 0.237820281487
0.911602209945 0.238181162035
0.911724137931 0.238542042584
0.911845730028 0.238902923132
0.91196698762 0.239263803681
0.912087912088 0.23962468423
0.912208504801 0.239985564778
0.912328767123 0.240346445327
0.91244870041 0.240707325875
0.912568306011 0.241068206424
0.912687585266 0.241429086972
0.91280653951 0.241789967521
0.912925170068 0.242150848069
0.913043478261 0.242511728618
0.9131614654 0.242872609166
0.913279132791 0.243233489715
0.913396481732 0.243594370263
0.913513513514 0.243955250812
0.91363022942 0.244316131361
0.913746630728 0.244677011909
0.912516823688 0.244677011909
0.912634408602 0.245037892458
0.912751677852 0.245398773006
0.912868632708 0.245759653555
0.912985274431 0.246120534103
0.913101604278 0.246481414652
0.913217623498 0.2468422952
0.913333333333 0.247203175749
0.91344873502 0.247564056297
0.913563829787 0.247924936846
0.91235059761 0.247924936846
0.911140583554 0.247924936846
0.909933774834 0.247924936846
0.910052910053 0.248285817394
0.910171730515 0.248646697943
0.910290237467 0.249007578492
0.910408432148 0.24936845904
0.910526315789 0.249729339589
0.910643889619 0.250090220137
0.910761154856 0.250451100686
0.910878112713 0.250811981234
0.909685863874 0.250811981234
0.908496732026 0.250811981234
0.90861618799 0.251172861783
0.908735332464 0.251533742331
0.908854166667 0.25189462288
0.908972691808 0.252255503428
0.909090909091 0.252616383977
0.909208819715 0.252977264525
0.90932642487 0.253338145074
0.909443725744 0.253699025623
0.909560723514 0.254059906171
0.909677419355 0.25442078672
0.909793814433 0.254781667268
0.908622908623 0.254781667268
0.908740359897 0.255142547817
0.908857509628 0.255503428365
0.908974358974 0.255864308914
0.909090909091 0.256225189462
0.909207161125 0.256586070011
0.90932311622 0.256946950559
0.90943877551 0.257307831108
0.909554140127 0.257668711656
0.908396946565 0.257668711656
0.908513341804 0.258029592205
0.908629441624 0.258390472754
0.908745247148 0.258751353302
0.908860759494 0.259112233851
0.908975979772 0.259473114399
0.909090909091 0.259833994948
0.90920554855 0.260194875496
0.909319899244 0.260555756045
0.909433962264 0.260916636593
0.908291457286 0.260916636593
0.907151819322 0.260916636593
0.906015037594 0.260916636593
0.906132665832 0.261277517142
0.90625 0.26163839769
0.906367041199 0.261999278239
0.906483790524 0.262360158787
0.906600249066 0.262721039336
0.90671641791 0.263081919885
0.906832298137 0.263442800433
0.906947890819 0.263803680982
0.907063197026 0.26416456153
0.907178217822 0.264525442079
0.907292954265 0.264886322627
0.907407407407 0.265247203176
0.907521578298 0.265608083724
0.90763546798 0.265968964273
0.907749077491 0.266329844821
0.907862407862 0.26669072537
0.907975460123 0.267051605918
0.908088235294 0.267412486467
0.908200734394 0.267773367016
0.908312958435 0.268134247564
0.908424908425 0.268495128113
0.907317073171 0.268495128113
0.907429963459 0.268856008661
0.907542579075 0.26921688921
0.907654921021 0.269577769758
0.907766990291 0.269938650307
0.907878787879 0.270299530855
0.90799031477 0.270660411404
0.908101571947 0.271021291952
0.908212560386 0.271382172501
0.908323281062 0.271743053049
0.90843373494 0.272103933598
0.908543922984 0.272464814147
0.908653846154 0.272825694695
0.908763505402 0.273186575244
0.908872901679 0.273547455792
0.908982035928 0.273908336341
0.909090909091 0.274269216889
0.909199522103 0.274630097438
0.909307875895 0.274990977986
0.909415971395 0.275351858535
0.909523809524 0.275712739083
0.909631391201 0.276073619632
0.90973871734 0.27643450018
0.909845788849 0.276795380729
0.908767772512 0.276795380729
0.907692307692 0.276795380729
0.906619385343 0.276795380729
0.905548996458 0.276795380729
0.905660377358 0.277156261278
0.905771495878 0.277517141826
0.905882352941 0.277878022375
0.905992949471 0.278238902923
0.906103286385 0.278599783472
0.906213364596 0.27896066402
0.906323185012 0.279321544569
0.906432748538 0.279682425117
0.906542056075 0.280043305666
0.906651108518 0.280404186214
0.90675990676 0.280765066763
0.906868451688 0.281125947311
0.905813953488 0.281125947311
0.905923344948 0.28148682786
0.906032482599 0.281847708409
0.906141367323 0.282208588957
0.90625 0.282569469506
0.906358381503 0.282930350054
0.906466512702 0.283291230603
0.906574394464 0.283652111151
0.90668202765 0.2840129917
0.906789413119 0.284373872248
0.906896551724 0.284734752797
0.907003444317 0.285095633345
0.907110091743 0.285456513894
0.907216494845 0.285817394442
0.907322654462 0.286178274991
0.907428571429 0.28653915554
0.907534246575 0.286900036088
0.90763968073 0.287260916637
0.907744874715 0.287621797185
0.907849829352 0.287982677734
0.907954545455 0.288343558282
0.908059023837 0.288704438831
0.908163265306 0.289065319379
0.908267270668 0.289426199928
0.908371040724 0.289787080476
0.908474576271 0.290147961025
0.908577878104 0.290508841573
0.908680947012 0.290869722122
0.908783783784 0.291230602671
0.908886389201 0.291591483219
0.908988764045 0.291952363768
0.909090909091 0.292313244316
0.909192825112 0.292674124865
0.909294512878 0.293035005413
0.909395973154 0.293395885962
0.908379888268 0.293395885962
0.908482142857 0.29375676651
0.908584169454 0.294117647059
0.90868596882 0.294478527607
0.908787541713 0.294839408156
0.908888888889 0.295200288704
0.908990011099 0.295561169253
0.909090909091 0.295922049802
0.90919158361 0.29628293035
0.909292035398 0.296643810899
0.909392265193 0.297004691447
0.909492273731 0.297365571996
0.909592061742 0.297726452544
0.909691629956 0.298087333093
0.909790979098 0.298448213641
0.90989010989 0.29880909419
0.909989023052 0.299169974738
0.910087719298 0.299530855287
0.910186199343 0.299891735835
0.909190371991 0.299891735835
0.908196721311 0.299891735835
0.908296943231 0.300252616384
0.908396946565 0.300613496933
0.908496732026 0.300974377481
0.908596300326 0.30133525803
0.908695652174 0.301696138578
0.908794788274 0.302057019127
0.908893709328 0.302417899675
0.908992416035 0.302778780224
0.909090909091 0.303139660772
0.909189189189 0.303500541321
0.908207343413 0.303500541321
0.908306364617 0.303861421869
0.908405172414 0.304222302418
0.908503767492 0.304583182966
0.908602150538 0.304944063515
0.908700322234 0.305304944064
0.908798283262 0.305665824612
0.908896034298 0.306026705161
0.908993576017 0.306387585709
0.909090909091 0.306748466258
0.909188034188 0.307109346806
0.908217716115 0.307109346806
0.907249466951 0.307109346806
0.906283280085 0.307109346806
0.906382978723 0.307470227355
0.906482465462 0.307831107903
0.906581740977 0.308191988452
0.906680805938 0.308552869
0.906779661017 0.308913749549
0.906878306878 0.309274630097
0.906976744186 0.309635510646
0.907074973601 0.309996391195
0.907172995781 0.310357271743
0.90727081138 0.310718152292
0.907368421053 0.31107903284
0.906414300736 0.31107903284
0.905462184874 0.31107903284
0.9055613851 0.311439913389
0.905660377358 0.311800793937
0.905759162304 0.312161674486
0.905857740586 0.312522555034
0.905956112853 0.312883435583
0.906054279749 0.313244316131
0.906152241919 0.31360519668
0.90625 0.313966077228
0.906347554631 0.314326957777
0.906444906445 0.314687838326
0.906542056075 0.315048718874
0.906639004149 0.315409599423
0.905699481865 0.315409599423
0.904761904762 0.315409599423
0.903826266805 0.315409599423
0.902892561983 0.315409599423
0.902992776058 0.315770479971
0.903092783505 0.31613136052
0.903192584964 0.316492241068
0.90329218107 0.316853121617
0.903391572456 0.317214002165
0.903490759754 0.317574882714
0.90358974359 0.317935763262
0.90368852459 0.318296643811
0.903787103378 0.318657524359
0.903885480573 0.319018404908
0.903983656793 0.319379285457
0.904081632653 0.319740166005
0.904179408767 0.320101046554
0.904276985743 0.320461927102
0.904374364191 0.320822807651
0.904471544715 0.321183688199
0.904568527919 0.321544568748
0.904665314402 0.321905449296
0.904761904762 0.322266329845
0.904858299595 0.322627210393
0.904954499494 0.322988090942
0.905050505051 0.32334897149
0.905146316852 0.323709852039
0.905241935484 0.324070732588
0.905337361531 0.324431613136
0.904426559356 0.324431613136
0.904522613065 0.324792493685
0.904618473896 0.325153374233
0.904714142427 0.325514254782
0.904809619238 0.32587513533
0.904904904905 0.326236015879
0.905 0.326596896427
0.905094905095 0.326957776976
0.905189620758 0.327318657524
0.905284147557 0.327679538073
0.905378486056 0.328040418621
0.905472636816 0.32840129917
0.905566600398 0.328762179719
0.905660377358 0.329123060267
0.905753968254 0.329483940816
0.90485629336 0.329483940816
0.90495049505 0.329844821364
0.905044510386 0.330205701913
0.905138339921 0.330566582461
0.905231984205 0.33092746301
0.905325443787 0.331288343558
0.905418719212 0.331649224107
0.905511811024 0.332010104655
0.905604719764 0.332370985204
0.905697445972 0.332731865752
0.905789990186 0.333092746301
0.905882352941 0.33345362685
0.90597453477 0.333814507398
0.906066536204 0.334175387947
0.905180840665 0.334175387947
0.904296875 0.334175387947
0.903414634146 0.334175387947
0.90350877193 0.334536268495
0.903602726388 0.334897149044
0.903696498054 0.335258029592
0.903790087464 0.335618910141
0.903883495146 0.335979790689
0.903976721629 0.336340671238
0.903100775194 0.336340671238
0.903194578896 0.336701551786
0.902321083172 0.336701551786
0.902415458937 0.337062432335
0.90250965251 0.337423312883
0.902603664417 0.337784193432
0.902697495183 0.338145073981
0.902791145332 0.338505954529
0.902884615385 0.338866835078
0.90297790586 0.339227715626
0.903071017274 0.339588596175
0.903163950144 0.339949476723
0.903256704981 0.340310357272
0.903349282297 0.34067123782
0.9034416826 0.341032118369
0.903533906399 0.341392998917
0.903625954198 0.341753879466
0.903717826501 0.342114760014
0.90380952381 0.342475640563
0.903901046622 0.342836521112
0.903992395437 0.34319740166
0.90408357075 0.343558282209
0.904174573055 0.343919162757
0.904265402844 0.344280043306
0.903409090909 0.344280043306
0.903500473037 0.344640923854
0.90359168242 0.345001804403
0.903682719547 0.345362684951
0.903773584906 0.3457235655
0.903864278982 0.346084446048
0.90395480226 0.346445326597
0.904045155221 0.346806207145
0.903195488722 0.346806207145
0.90234741784 0.346806207145
0.90243902439 0.347167087694
0.902530459231 0.347527968243
0.902621722846 0.347888848791
0.902712815716 0.34824972934
0.902803738318 0.348610609888
0.90289449113 0.348971490437
0.902985074627 0.349332370985
0.903075489282 0.349693251534
0.903165735568 0.350054132082
0.903255813953 0.350415012631
0.903345724907 0.350775893179
0.903435468895 0.351136773728
0.903525046382 0.351497654276
0.903614457831 0.351858534825
0.903703703704 0.352219415374
0.903792784459 0.352580295922
0.903881700555 0.352941176471
0.903970452447 0.353302057019
0.90405904059 0.353662937568
0.903225806452 0.353662937568
0.903314917127 0.354023818116
0.903403863845 0.354384698665
0.903492647059 0.354745579213
0.903581267218 0.355106459762
0.903669724771 0.35546734031
0.903758020165 0.355828220859
0.903846153846 0.356189101407
0.903019213175 0.356189101407
0.902193784278 0.356189101407
0.902283105023 0.356549981956
0.902372262774 0.356910862505
0.902461257976 0.357271743053
0.902550091075 0.357632623602
0.902638762511 0.35799350415
0.902727272727 0.358354384699
0.902815622162 0.358715265247
0.902903811252 0.359076145796
0.902991840435 0.359437026344
0.903079710145 0.359797906893
0.903167420814 0.360158787441
0.903254972875 0.36051966799
0.903342366757 0.360880548538
0.903429602888 0.361241429087
0.903516681695 0.361602309636
0.903603603604 0.361963190184
0.903690369037 0.362324070733
0.903776978417 0.362684951281
0.903863432165 0.36304583183
0.9039497307 0.363406712378
0.904035874439 0.363767592927
0.904121863799 0.364128473475
0.904207699194 0.364489354024
0.904293381038 0.364850234572
0.904378909741 0.365211115121
0.904464285714 0.365571995669
0.904549509367 0.365932876218
0.903743315508 0.365932876218
0.902938557435 0.365932876218
0.903024911032 0.366293756767
0.903111111111 0.366654637315
0.903197158082 0.367015517864
0.903283052351 0.367376398412
0.903368794326 0.367737278961
0.903454384411 0.368098159509
0.903539823009 0.368459040058
0.902740937224 0.368459040058
0.901943462898 0.368459040058
0.901147396293 0.368459040058
0.901234567901 0.368819920606
0.901321585903 0.369180801155
0.901408450704 0.369541681703
0.901495162709 0.369902562252
0.90158172232 0.3702634428
0.901668129939 0.370624323349
0.901754385965 0.370985203898
0.901840490798 0.371346084446
0.901926444834 0.371706964995
0.902012248469 0.372067845543
0.902097902098 0.372428726092
0.902183406114 0.37278960664
0.902268760908 0.373150487189
0.90235396687 0.373511367737
0.90243902439 0.373872248286
0.902523933856 0.374233128834
0.902608695652 0.374594009383
0.902693310165 0.374954889931
0.902777777778 0.37531577048
0.902862098873 0.375676651029
0.90294627383 0.376037531577
0.902164502165 0.376037531577
0.902249134948 0.376398412126
0.902333621435 0.376759292674
0.902417962003 0.377120173223
0.902502157032 0.377481053771
0.902586206897 0.37784193432
0.902670111972 0.378202814868
0.902753872633 0.378563695417
0.902837489252 0.378924575965
0.902920962199 0.379285456514
0.902145922747 0.379285456514
0.902229845626 0.379646337062
0.902313624679 0.380007217611
0.902397260274 0.38036809816
0.90248075278 0.380728978708
0.902564102564 0.381089859257
0.902647309991 0.381450739805
0.902730375427 0.381811620354
0.902813299233 0.382172500902
0.902896081772 0.382533381451
0.902978723404 0.382894261999
0.90306122449 0.383255142548
0.903143585387 0.383616023096
0.903225806452 0.383976903645
0.903307888041 0.384337784193
0.903389830508 0.384698664742
0.903471634208 0.385059545291
0.903553299492 0.385420425839
0.902789518174 0.385420425839
0.902871621622 0.385781306388
0.902953586498 0.386142186936
0.903035413153 0.386503067485
0.903117101938 0.386863948033
0.903198653199 0.387224828582
0.903280067283 0.38758570913
0.903361344538 0.387946589679
0.903442485306 0.388307470227
0.903523489933 0.388668350776
0.902766135792 0.388668350776
0.902010050251 0.388668350776
0.902092050209 0.389029231324
0.902173913043 0.389390111873
0.902255639098 0.389750992422
0.902337228715 0.39011187297
0.902418682235 0.390472753519
0.9025 0.390833634067
0.902581182348 0.391194514616
0.902662229617 0.391555395164
0.902743142145 0.391916275713
0.902823920266 0.392277156261
0.902904564315 0.39263803681
0.902985074627 0.392998917358
0.903065451533 0.393359797907
0.903145695364 0.393720678455
0.903225806452 0.394081559004
0.903305785124 0.394442439553
0.903385631709 0.394803320101
0.903465346535 0.39516420065
0.903544929926 0.395525081198
0.903624382208 0.395885961747
0.903703703704 0.396246842295
0.903782894737 0.396607722844
0.903861955629 0.396968603392
0.9039408867 0.397329483941
0.904019688269 0.397690364489
0.904098360656 0.398051245038
0.904176904177 0.398412125586
0.904255319149 0.398773006135
0.904333605887 0.399133886684
0.904411764706 0.399494767232
0.903673469388 0.399494767232
0.903752039152 0.399855647781
0.903830480848 0.400216528329
0.903908794788 0.400577408878
0.903986981286 0.400938289426
0.90406504065 0.401299169975
0.904142973193 0.401660050523
0.904220779221 0.402020931072
0.904298459043 0.40238181162
0.904376012966 0.402742692169
0.904453441296 0.403103572717
0.904530744337 0.403464453266
0.904607922393 0.403825333815
0.903877221325 0.403825333815
0.903147699758 0.403825333815
0.903225806452 0.404186214363
0.903303787268 0.404547094912
0.903381642512 0.40490797546
0.903459372486 0.405268856009
0.903536977492 0.405629736557
0.903614457831 0.405990617106
0.902889245586 0.405990617106
0.902967121091 0.406351497654
0.903044871795 0.406712378203
0.903122497998 0.407073258751
0.9032 0.4074341393
0.903277378098 0.407795019848
0.903354632588 0.408155900397
0.903431763767 0.408516780946
0.90350877193 0.408877661494
0.903585657371 0.409238542043
0.903662420382 0.409599422591
0.903739061257 0.40996030314
0.903815580286 0.410321183688
0.90389197776 0.410682064237
0.903968253968 0.411042944785
0.904044409199 0.411403825334
0.90412044374 0.411764705882
0.904196357878 0.412125586431
0.904272151899 0.412486466979
0.904347826087 0.412847347528
0.904423380727 0.413208228077
0.904498816101 0.413569108625
0.904574132492 0.413929989174
0.904649330181 0.414290869722
0.904724409449 0.414651750271
0.904799370574 0.415012630819
0.904874213836 0.415373511368
0.904948939513 0.415734391916
0.904238618524 0.415734391916
0.903529411765 0.415734391916
0.902821316614 0.415734391916
0.902897415818 0.416095272465
0.902973395931 0.416456153013
0.903049257232 0.416817033562
0.903125 0.41717791411
0.903200624512 0.417538794659
0.903276131045 0.417899675208
0.903351519875 0.418260555756
0.903426791277 0.418621436305
0.903501945525 0.418982316853
0.903576982893 0.419343197402
0.903651903652 0.41970407795
0.902950310559 0.41970407795
0.903025601241 0.420064958499
0.903100775194 0.420425839047
0.903175832688 0.420786719596
0.903250773994 0.421147600144
0.903325599381 0.421508480693
0.903400309119 0.421869361241
0.903474903475 0.42223024179
0.903549382716 0.422591122339
0.903623747109 0.422952002887
0.903697996918 0.423312883436
0.90377213241 0.423673763984
0.903076923077 0.423673763984
0.903151421983 0.424034644533
0.903225806452 0.424395525081
0.903300076746 0.42475640563
0.903374233129 0.425117286178
0.903448275862 0.425478166727
0.903522205207 0.425839047275
0.903596021423 0.426199927824
0.903669724771 0.426560808372
0.903743315508 0.426921688921
0.903816793893 0.42728256947
0.903127383677 0.42728256947
0.90243902439 0.42728256947
0.902513328256 0.427643450018
0.902587519026 0.428004330567
0.902661596958 0.428365211115
0.90273556231 0.428726091664
0.902809415338 0.429086972212
0.902883156297 0.429447852761
0.902956785444 0.429808733309
0.90303030303 0.430169613858
0.903103709311 0.430530494406
0.903177004539 0.430891374955
0.903250188964 0.431252255503
0.90332326284 0.431613136052
0.903396226415 0.431974016601
0.90346907994 0.432334897149
0.903541823662 0.432695777698
0.903614457831 0.433056658246
0.903686982694 0.433417538795
0.903759398496 0.433778419343
0.903831705485 0.434139299892
0.903903903904 0.43450018044
0.903225806452 0.43450018044
0.903298350825 0.434861060989
0.903370786517 0.435221941537
0.903443113772 0.435582822086
0.903515332835 0.435943702634
0.903587443946 0.436304583183
0.903659447349 0.436665463732
0.902985074627 0.436665463732
0.903057419836 0.43702634428
0.903129657228 0.437387224829
0.903201787044 0.437748105377
0.903273809524 0.438108985926
0.903345724907 0.438469866474
0.903417533432 0.438830747023
0.903489235338 0.439191627571
0.903560830861 0.43955250812
0.903632320237 0.439913388668
0.903703703704 0.440274269217
0.903774981495 0.440635149765
0.903846153846 0.440996030314
0.90391722099 0.441356910863
0.903988183161 0.441717791411
0.90405904059 0.44207867196
0.90412979351 0.442439552508
0.904200442152 0.442800433057
0.904270986745 0.443161313605
0.90434142752 0.443522194154
0.904411764706 0.443883074702
0.90448199853 0.444243955251
0.904552129222 0.444604835799
0.904622157007 0.444965716348
0.904692082111 0.445326596896
0.904761904762 0.445687477445
0.904831625183 0.446048357994
0.904901243599 0.446409238542
0.904970760234 0.446770119091
0.90504017531 0.447130999639
0.905109489051 0.447491880188
0.905178701678 0.447852760736
0.905247813411 0.448213641285
0.905316824472 0.448574521833
0.90538573508 0.448935402382
0.905454545455 0.44929628293
0.905523255814 0.449657163479
0.905591866376 0.450018044027
0.905660377358 0.450378924576
0.905728788978 0.450739805125
0.905072463768 0.450739805125
0.905141202028 0.451100685673
0.90520984081 0.451461566222
0.905278380333 0.45182244677
0.905346820809 0.452183327319
0.905415162455 0.452544207867
0.905483405483 0.452905088416
0.905551550108 0.453265968964
0.905619596542 0.453626849513
0.905687544996 0.453987730061
0.905755395683 0.45434861061
0.905823148814 0.454709491158
0.905890804598 0.455070371707
0.905958363245 0.455431252256
0.906025824964 0.455792132804
0.906093189964 0.456153013353
0.906160458453 0.456513893901
0.905511811024 0.456513893901
0.905579399142 0.45687477445
0.905646890636 0.457235654998
0.905714285714 0.457596535547
0.905781584582 0.457957416095
0.905848787447 0.458318296644
0.905915894512 0.458679177192
0.905982905983 0.459040057741
0.906049822064 0.459400938289
0.906116642959 0.459761818838
0.90618336887 0.460122699387
0.90625 0.460483579935
0.906316536551 0.460844460484
0.906382978723 0.461205341032
0.906449326719 0.461566221581
0.906515580737 0.461927102129
0.906581740977 0.462287982678
0.906647807638 0.462648863226
0.906713780919 0.463009743775
0.906779661017 0.463370624323
0.906139731828 0.463370624323
0.905500705219 0.463370624323
0.904862579281 0.463370624323
0.904225352113 0.463370624323
0.903589021816 0.463370624323
0.903656821378 0.463731504872
0.90372452565 0.46409238542
0.903792134831 0.464453265969
0.903859649123 0.464814146518
0.903927068724 0.465175027066
0.903994393833 0.465535907615
0.90406162465 0.465896788163
0.904128761372 0.466257668712
0.904195804196 0.46661854926
0.904262753319 0.466979429809
0.904329608939 0.467340310357
0.904396371249 0.467701190906
0.904463040446 0.468062071454
0.904529616725 0.468422952003
0.904596100279 0.468783832551
0.903966597077 0.468783832551
0.904033379694 0.4691447131
0.904100069493 0.469505593649
0.904166666667 0.469866474197
0.904233171409 0.470227354746
0.904299583911 0.470588235294
0.904365904366 0.470949115843
0.904432132964 0.471309996391
0.904498269896 0.47167087694
0.904564315353 0.472031757488
0.904630269523 0.472392638037
0.904696132597 0.472753518585
0.904761904762 0.473114399134
0.904827586207 0.473475279682
0.904893177119 0.473836160231
0.904958677686 0.47419704078
0.905024088094 0.474557921328
0.905089408528 0.474918801877
0.905154639175 0.475279682425
0.90521978022 0.475640562974
0.905284831846 0.476001443522
0.905349794239 0.476362324071
0.905414667581 0.476723204619
0.905479452055 0.477084085168
0.904859685147 0.477084085168
0.904924760602 0.477444965716
0.904989747095 0.477805846265
0.905054644809 0.478166726813
0.905119453925 0.478527607362
0.905184174625 0.478888487911
0.905248807089 0.479249368459
0.905313351499 0.479610249008
0.905377808033 0.479971129556
0.905442176871 0.480332010105
0.905506458192 0.480692890653
0.905570652174 0.481053771202
0.905634758995 0.48141465175
0.905698778833 0.481775532299
0.905084745763 0.481775532299
0.904471544715 0.481775532299
0.904536222072 0.482136412847
0.904600811908 0.482497293396
0.904665314402 0.482858173944
0.90472972973 0.483219054493
0.904794058069 0.483579935042
0.904858299595 0.48394081559
0.904922454484 0.484301696139
0.904986522911 0.484662576687
0.905050505051 0.485023457236
0.905114401077 0.485384337784
0.905178211163 0.485745218333
0.905241935484 0.486106098881
0.905305574211 0.48646697943
0.905369127517 0.486827859978
0.904761904762 0.486827859978
0.904825737265 0.487188740527
0.90488948426 0.487549621075
0.904953145917 0.487910501624
0.905016722408 0.488271382173
0.905080213904 0.488632262721
0.905143620574 0.48899314327
0.90520694259 0.489354023818
0.90527018012 0.489714904367
0.905333333333 0.490075784915
0.905396402398 0.490436665464
0.905459387483 0.490797546012
0.905522288756 0.491158426561
0.905585106383 0.491519307109
0.905647840532 0.491880187658
0.905710491368 0.492241068206
0.905773059058 0.492601948755
0.905835543767 0.492962829304
0.905897945659 0.493323709852
0.905960264901 0.493684590401
0.906022501655 0.494045470949
0.906084656085 0.494406351498
0.906146728354 0.494767232046
0.906208718626 0.495128112595
0.906270627063 0.495488993143
0.906332453826 0.495849873692
0.906394199077 0.49621075424
0.906455862978 0.496571634789
0.906517445688 0.496932515337
0.905921052632 0.496932515337
0.905982905983 0.497293395886
0.906044678055 0.497654276435
0.906106369009 0.498015156983
0.906167979003 0.498376037532
0.906229508197 0.49873691808
0.90629095675 0.499097798629
0.90635232482 0.499458679177
0.906413612565 0.499819559726
0.906474820144 0.500180440274
0.906535947712 0.500541320823
0.906596995428 0.500902201371
0.906657963446 0.50126308192
0.906718851924 0.501623962468
0.906779661017 0.501984843017
0.906840390879 0.502345723565
0.906901041667 0.502706604114
0.906961613533 0.503067484663
0.907022106632 0.503428365211
0.907082521118 0.50378924576
0.907142857143 0.504150126308
0.906554185594 0.504150126308
0.906614785992 0.504511006857
0.906675307842 0.504871887405
0.906735751295 0.505232767954
0.906796116505 0.505593648502
0.906856403622 0.505954529051
0.906916612799 0.506315409599
0.906976744186 0.506676290148
0.907036797934 0.507037170696
0.907096774194 0.507398051245
0.907156673114 0.507758931794
0.907216494845 0.508119812342
0.907276239536 0.508480692891
0.907335907336 0.508841573439
0.907395498392 0.509202453988
0.906812339332 0.509202453988
0.906872190109 0.509563334536
0.906931964056 0.509924215085
0.906991661321 0.510285095633
0.907051282051 0.510645976182
0.907110826393 0.51100685673
0.907170294494 0.511367737279
0.9072296865 0.511728617827
0.907289002558 0.512089498376
0.907348242812 0.512450378925
0.907407407407 0.512811259473
0.90746649649 0.513172140022
0.907525510204 0.51353302057
0.907584448693 0.513893901119
0.907643312102 0.514254781667
0.907702100573 0.514615662216
0.907124681934 0.514615662216
0.906547997457 0.514615662216
0.905972045743 0.514615662216
0.906031746032 0.514976542764
0.906091370558 0.515337423313
0.906150919467 0.515698303861
0.906210392902 0.51605918441
0.906269791007 0.516420064958
0.906329113924 0.516780945507
0.906388361796 0.517141826056
0.906447534766 0.517502706604
0.906506632975 0.517863587153
0.906565656566 0.518224467701
0.906624605678 0.51858534825
0.906683480454 0.518946228798
0.906742281033 0.519307109347
0.906171284635 0.519307109347
0.906230333543 0.519667989895
0.906289308176 0.520028870444
0.906348208674 0.520389750992
0.906407035176 0.520750631541
0.906465787822 0.521111512089
0.90652446675 0.521472392638
0.9065830721 0.521833273187
0.90664160401 0.522194153735
0.906700062617 0.522555034284
0.90675844806 0.522915914832
0.906816760475 0.523276795381
0.906875 0.523637675929
0.906933166771 0.523998556478
0.906991260924 0.524359437026
0.907049282595 0.524720317575
0.906483790524 0.524720317575
0.905919003115 0.524720317575
0.90597758406 0.525081198123
0.906036092097 0.525442078672
0.906094527363 0.52580295922
0.906152889994 0.526163839769
0.906211180124 0.526524720318
0.90626939789 0.526885600866
0.906327543424 0.527246481415
0.906385616863 0.527607361963
0.90644361834 0.527968242512
0.906501547988 0.52832912306
0.906559405941 0.528690003609
0.906617192331 0.529050884157
0.906674907293 0.529411764706
0.906732550957 0.529772645254
0.906790123457 0.530133525803
0.906847624923 0.530494406351
0.906905055487 0.5308552869
0.90696241528 0.531216167449
0.907019704433 0.531577047997
0.907076923077 0.531937928546
0.907134071341 0.532298809094
0.907191149355 0.532659689643
0.907248157248 0.533020570191
0.90730509515 0.53338145074
0.90736196319 0.533742331288
0.907418761496 0.534103211837
0.907475490196 0.534464092385
0.907532149418 0.534824972934
0.90758873929 0.535185853482
0.907645259939 0.535546734031
0.907701711491 0.53590761458
0.907758094075 0.536268495128
0.907814407814 0.536629375677
0.907870652837 0.536990256225
0.907926829268 0.537351136774
0.907982937233 0.537712017322
0.908038976857 0.538072897871
0.908094948265 0.538433778419
0.908150851582 0.538794658968
0.90820668693 0.539155539516
0.908262454435 0.539516420065
0.90831815422 0.539877300613
0.908373786408 0.540238181162
0.908429351122 0.540599061711
0.907878787879 0.540599061711
0.907328891581 0.540599061711
0.906779661017 0.540599061711
0.906231094979 0.540599061711
0.906287787183 0.540959942259
0.906344410876 0.541320822808
0.906400966184 0.541681703356
0.906457453229 0.542042583905
0.906513872135 0.542403464453
0.906570223026 0.542764345002
0.906626506024 0.54312522555
0.906682721252 0.543486106099
0.906738868833 0.543846986647
0.906794948888 0.544207867196
0.906850961538 0.544568747744
0.906306306306 0.544568747744
0.905762304922 0.544568747744
0.905818836233 0.544929628293
0.90587529976 0.545290508842
0.905931695626 0.54565138939
0.905988023952 0.546012269939
0.906044284859 0.546373150487
0.906100478469 0.546734031036
0.906156604901 0.547094911584
0.906212664277 0.547455792133
0.906268656716 0.547816672681
0.906324582339 0.54817755323
0.906380441264 0.548538433778
0.905840286055 0.548538433778
0.905896366885 0.548899314327
0.905952380952 0.549260194875
0.906008328376 0.549621075424
0.906064209275 0.549981955973
0.906120023767 0.550342836521
0.906175771971 0.55070371707
0.906231454006 0.551064597618
0.906287069988 0.551425478167
0.905749851808 0.551425478167
0.905213270142 0.551425478167
0.90467732386 0.551425478167
0.904733727811 0.551786358715
0.90479006505 0.552147239264
0.904846335697 0.552508119812
0.90490253987 0.552869000361
0.904958677686 0.553229880909
0.905014749263 0.553590761458
0.905070754717 0.553951642006
0.905126694166 0.554312522555
0.905182567727 0.554673403104
0.905238375515 0.555034283652
0.905294117647 0.555395164201
0.905349794239 0.555756044749
0.905405405405 0.556116925298
0.904873752202 0.556116925298
0.904342723005 0.556116925298
0.903812316716 0.556116925298
0.90386869871 0.556477805846
0.903925014646 0.556838686395
0.903981264637 0.557199566943
0.9040374488 0.557560447492
0.904093567251 0.55792132804
0.904149620105 0.558282208589
0.904205607477 0.558643089137
0.90426152948 0.559003969686
0.904317386231 0.559364850235
0.904373177843 0.559725730783
0.904428904429 0.560086611332
0.904484566104 0.56044749188
0.90454016298 0.560808372429
0.904595695172 0.561169252977
0.904651162791 0.561530133526
0.90470656595 0.561891014074
0.904761904762 0.562251894623
0.904236796286 0.562251894623
0.904292343387 0.562612775171
0.904347826087 0.56297365572
0.904403244496 0.563334536268
0.904458598726 0.563695416817
0.904513888889 0.564056297366
0.904569115095 0.564417177914
0.904624277457 0.564778058463
0.904679376083 0.565138939011
0.904734411085 0.56549981956
0.904789382574 0.565860700108
0.904844290657 0.566221580657
0.904899135447 0.566582461205
0.904953917051 0.566943341754
0.905008635579 0.567304222302
0.905063291139 0.567665102851
0.904542840713 0.567665102851
0.904597701149 0.568025983399
0.904652498564 0.568386863948
0.904707233065 0.568747744497
0.904761904762 0.569108625045
0.904816513761 0.569469505594
0.904871060172 0.569830386142
0.904925544101 0.570191266691
0.904979965655 0.570552147239
0.904462242563 0.570552147239
0.904516866781 0.570913027788
0.904571428571 0.571273908336
0.904625928041 0.571634788885
0.904680365297 0.571995669433
0.904164289789 0.571995669433
0.903648802737 0.571995669433
0.903703703704 0.572356549982
0.903758542141 0.57271743053
0.903813318156 0.573078311079
0.903868031854 0.573439191628
0.903922683343 0.573800072176
0.903977272727 0.574160952725
0.904031800114 0.574521833273
0.904086265607 0.574882713822
0.904140669314 0.57524359437
0.904195011338 0.575604474919
0.903682719547 0.575604474919
0.903737259343 0.575965355467
0.903791737408 0.576326236016
0.903846153846 0.576687116564
0.903900508762 0.577047997113
0.90395480226 0.577408877661
0.904009034444 0.57776975821
0.904063205418 0.578130638759
0.904117315285 0.578491519307
0.904171364149 0.578852399856
0.904225352113 0.579213280404
0.904279279279 0.579574160953
0.904333145751 0.579935041501
0.904386951631 0.58029592205
0.904440697021 0.580656802598
0.904494382022 0.581017683147
0.904548006738 0.581378563695
0.904601571268 0.581739444244
0.904655075715 0.582100324792
0.904708520179 0.582461205341
0.904761904762 0.58282208589
0.904815229563 0.583182966438
0.904868494684 0.583543846987
0.904921700224 0.583904727535
0.904974846283 0.584265608084
0.905027932961 0.584626488632
0.905080960357 0.584987369181
0.905133928571 0.585348249729
0.905186837702 0.585709130278
0.905239687848 0.586070010826
0.905292479109 0.586430891375
0.905345211581 0.586791771923
0.905397885364 0.587152652472
0.905450500556 0.587513533021
0.905503057254 0.587874413569
0.905 0.587874413569
0.904497501388 0.587874413569
0.903995560488 0.587874413569
0.904048807543 0.588235294118
0.904101995565 0.588596174666
0.904155124654 0.588957055215
0.904208194906 0.589317935763
0.904261206419 0.589678816312
0.904314159292 0.59003969686
0.904367053621 0.590400577409
0.904419889503 0.590761457957
0.904472667035 0.591122338506
0.904525386313 0.591483219054
0.904578047435 0.591844099603
0.90407938258 0.591844099603
0.903581267218 0.591844099603
0.903634361233 0.592204980152
0.903687396808 0.5925658607
0.903740374037 0.592926741249
0.903793293018 0.593287621797
0.903846153846 0.593648502346
0.903898956617 0.594009382894
0.903951701427 0.594370263443
0.904004388371 0.594731143991
0.904057017544 0.59509202454
0.904109589041 0.595452905088
0.904162102957 0.595813785637
0.904214559387 0.596174666185
0.904266958425 0.596535546734
0.904319300164 0.596896427283
0.904371584699 0.597257307831
0.904423812125 0.59761818838
0.904475982533 0.597979068928
0.904528096017 0.598339949477
0.904034896401 0.598339949477
0.90408719346 0.598700830025
0.904139433551 0.599061710574
0.904191616766 0.599422591122
0.904243743199 0.599783471671
0.904295812942 0.600144352219
0.904347826087 0.600505232768
0.904399782727 0.600866113316
0.903908794788 0.600866113316
0.903960933261 0.601226993865
0.904013015184 0.601587874414
0.90406504065 0.601948754962
0.904117009751 0.602309635511
0.904168922577 0.602670516059
0.904220779221 0.603031396608
0.904272579773 0.603392277156
0.904324324324 0.603753157705
0.904376012966 0.604114038253
0.904427645788 0.604474918802
0.904479222882 0.60483579935
0.904530744337 0.605196679899
0.904582210243 0.605557560447
0.90463362069 0.605918440996
0.904684975767 0.606279321545
0.904736275565 0.606640202093
0.904787520172 0.607001082642
0.904838709677 0.60736196319
0.90488984417 0.607722843739
0.904940923738 0.608083724287
0.90499194847 0.608444604836
0.904506437768 0.608444604836
0.904557640751 0.608805485384
0.904608788853 0.609166365933
0.904659882164 0.609527246481
0.904710920771 0.60988812703
0.904761904762 0.610249007578
0.904812834225 0.610609888127
0.904863709246 0.610970768676
0.904914529915 0.611331649224
0.904965296316 0.611692529773
0.905016008538 0.612053410321
0.905066666667 0.61241429087
0.905117270789 0.612775171418
0.905167820991 0.613136051967
0.905218317359 0.613496932515
0.905268759979 0.613857813064
0.905319148936 0.614218693612
0.905369484317 0.614579574161
0.905419766206 0.614940454709
0.905469994689 0.615301335258
0.905520169851 0.615662215807
0.905570291777 0.616023096355
0.905620360551 0.616383976904
0.905670376259 0.616744857452
0.905720338983 0.617105738001
0.905770248809 0.617466618549
0.90582010582 0.617827499098
0.9058699101 0.618188379646
0.905919661734 0.618549260195
0.905969360803 0.618910140743
0.906019007392 0.619271021292
0.906068601583 0.61963190184
0.90611814346 0.619992782389
0.906167633105 0.620353662938
0.906217070601 0.620714543486
0.906266456029 0.621075424035
0.906315789474 0.621436304583
0.906365071015 0.621797185132
0.906414300736 0.62215806568
0.906463478718 0.622518946229
0.906512605042 0.622879826777
0.90656167979 0.623240707326
0.906086044071 0.623240707326
0.905610907184 0.623240707326
0.905136268344 0.623240707326
0.905185961236 0.623601587874
0.905235602094 0.623962468423
0.905285190999 0.624323348971
0.905334728033 0.62468422952
0.905384213278 0.625045110069
0.905433646813 0.625405990617
0.905483028721 0.625766871166
0.905532359081 0.626127751714
0.905581637976 0.626488632263
0.905109489051 0.626488632263
0.904637832204 0.626488632263
0.9046875 0.626849512811
0.904737116085 0.62721039336
0.904786680541 0.627571273908
0.904836193448 0.627932154457
0.904885654886 0.628293035005
0.904935064935 0.628653915554
0.904984423676 0.629014796102
0.905033731188 0.629375676651
0.905082987552 0.6297365572
0.905132192846 0.630097437748
0.90518134715 0.630458318297
0.905230450544 0.630819198845
0.904761904762 0.630819198845
0.90481117434 0.631180079394
0.904860392968 0.631540959942
0.904909560724 0.631901840491
0.904958677686 0.632262721039
0.905007743934 0.632623601588
0.905056759546 0.632984482136
0.9051057246 0.633345362685
0.905154639175 0.633706243233
0.905203503349 0.634067123782
0.905252317199 0.634428004331
0.905301080803 0.634788884879
0.905349794239 0.635149765428
0.905398457584 0.635510645976
0.905447070915 0.635871526525
0.904982023626 0.635871526525
0.905030800821 0.636232407073
0.905079527963 0.636593287622
0.905128205128 0.63695416817
0.905176832394 0.637315048719
0.905225409836 0.637675929267
0.905273937532 0.638036809816
0.905322415558 0.638397690364
0.90537084399 0.638758570913
0.905419222904 0.639119451462
0.905467552376 0.63948033201
0.905515832482 0.639841212559
0.905564063298 0.640202093107
0.905612244898 0.640562973656
0.905660377358 0.640923854204
0.905198776758 0.640923854204
0.90524707081 0.641284734753
0.905295315682 0.641645615301
0.90534351145 0.64200649585
0.905391658189 0.642367376398
0.905439755974 0.642728256947
0.905487804878 0.643089137495
0.905535804977 0.643450018044
0.905583756345 0.643810898593
0.905124302385 0.643810898593
0.905172413793 0.644171779141
0.905220476432 0.64453265969
0.905268490375 0.644893540238
0.905316455696 0.645254420787
0.90536437247 0.645615301335
0.905412240769 0.645976181884
0.905460060667 0.646337062432
0.905507832239 0.646697942981
0.905555555556 0.647058823529
0.905603230692 0.647419704078
0.905650857719 0.647780584626
0.905698436712 0.648141465175
0.905745967742 0.648502345724
0.905793450882 0.648863226272
0.905840886203 0.649224106821
0.90588827378 0.649584987369
0.905935613682 0.649945867918
0.905982905983 0.650306748466
0.906030150754 0.650667629015
0.906077348066 0.651028509563
0.90562248996 0.651028509563
0.905168088309 0.651028509563
0.904714142427 0.651028509563
0.904761904762 0.651389390112
0.904809619238 0.65175027066
0.904857285929 0.652111151209
0.904904904905 0.652472031757
0.904452226113 0.652472031757
0.9045 0.652832912306
0.904547726137 0.653193792855
0.904595404595 0.653554673403
0.904643035447 0.653915553952
0.904690618762 0.6542764345
0.904738154613 0.654637315049
0.904785643071 0.654998195597
0.904833084205 0.655359076146
0.904880478088 0.655719956694
0.904927824788 0.656080837243
0.904975124378 0.656441717791
0.904525111885 0.656441717791
0.904572564612 0.65680259834
0.904619970194 0.657163478888
0.904667328699 0.657524359437
0.904714640199 0.657885239986
0.904761904762 0.658246120534
0.904809122459 0.658607001083
0.90485629336 0.658967881631
0.904903417533 0.65932876218
0.90495049505 0.659689642728
0.904997525977 0.660050523277
0.905044510386 0.660411403825
0.905091448344 0.660772284374
0.905138339921 0.661133164922
0.905185185185 0.661494045471
0.905231984205 0.661854926019
0.904785397139 0.661854926019
0.90483234714 0.662215806568
0.904879250862 0.662576687117
0.904926108374 0.662937567665
0.904972919744 0.663298448214
0.905019685039 0.663659328762
0.905066404329 0.664020209311
0.905113077679 0.664381089859
0.90515970516 0.664741970408
0.905206286837 0.665102850956
0.905252822779 0.665463731505
0.905299313052 0.665824612053
0.905345757724 0.666185492602
0.905392156863 0.66654637315
0.905438510534 0.666907253699
0.90499510284 0.666907253699
0.905041605482 0.667268134248
0.905088062622 0.667629014796
0.905134474328 0.667989895345
0.905180840665 0.668350775893
0.9052271617 0.668711656442
0.90478515625 0.668711656442
0.904343582235 0.668711656442
0.904390243902 0.66907253699
0.904436860068 0.669433417539
0.904483430799 0.669794298087
0.904529956162 0.670155178636
0.904576436222 0.670516059184
0.904622871046 0.670876939733
0.9046692607 0.671237820281
0.90471560525 0.67159870083
0.904761904762 0.671959581379
0.904322486644 0.671959581379
0.903883495146 0.671959581379
0.903930131004 0.672320461927
0.903976721629 0.672681342476
0.904023267087 0.673042223024
0.904069767442 0.673403103573
0.90411622276 0.673763984121
0.904162633107 0.67412486467
0.904208998549 0.674485745218
0.904255319149 0.674846625767
0.904301594973 0.675207506315
0.904347826087 0.675568386864
0.903911154032 0.675568386864
0.903957528958 0.675929267412
0.904003859141 0.676290147961
0.904050144648 0.67665102851
0.904096385542 0.677011909058
0.904142581888 0.677372789607
0.904188733751 0.677733670155
0.904234841193 0.678094550704
0.904280904281 0.678455431252
0.904326923077 0.678816311801
0.903892359443 0.678816311801
0.903938520653 0.679177192349
0.903984637542 0.679538072898
0.904030710173 0.679898953446
0.904076738609 0.680259833995
0.904122722915 0.680620714543
0.904168663153 0.680981595092
0.904214559387 0.681342475641
0.903781713739 0.681342475641
0.903827751196 0.681703356189
0.90387374462 0.682064236738
0.903919694073 0.682425117286
0.903965599618 0.682785997835
0.904011461318 0.683146878383
0.904057279236 0.683507758932
0.904103053435 0.68386863948
0.904148783977 0.684229520029
0.904194470925 0.684590400577
0.90424011434 0.684951281126
0.904285714286 0.685312161674
0.904331270823 0.685673042223
0.904376784015 0.686033922772
0.904422253923 0.68639480332
0.904467680608 0.686755683869
0.904513064133 0.687116564417
0.904558404558 0.687477444966
0.904603701946 0.687838325514
0.904648956357 0.688199206063
0.904694167852 0.688560086611
0.904739336493 0.68892096716
0.90478446234 0.689281847708
0.904829545455 0.689642728257
0.904874585897 0.690003608805
0.904919583728 0.690364489354
0.904964539007 0.690725369903
0.905009451796 0.691086250451
0.904581955598 0.691086250451
0.90462700661 0.691447131
0.904200094384 0.691447131
0.903773584906 0.691447131
0.903818953324 0.691808011548
0.903864278982 0.692168892097
0.903909561941 0.692529772645
0.90395480226 0.692890653194
0.904 0.693251533742
0.904045155221 0.693612414291
0.904090267983 0.693973294839
0.904135338346 0.694334175388
0.904180366369 0.694695055936
0.904225352113 0.695055936485
0.904270295636 0.695416817034
0.904315196998 0.695777697582
0.903891233005 0.695777697582
0.903936269916 0.696138578131
0.903981264637 0.696499458679
0.904026217228 0.696860339228
0.904071127749 0.697221219776
0.904115996258 0.697582100325
0.904160822814 0.697942980873
0.904205607477 0.698303861422
0.903783278842 0.698303861422
0.903361344538 0.698303861422
0.903406439571 0.69866474197
0.903451492537 0.699025622519
0.903496503497 0.699386503067
0.903541472507 0.699747383616
0.903586399627 0.700108264165
0.903165735568 0.700108264165
0.902745463006 0.700108264165
0.902325581395 0.700108264165
0.902370990237 0.700469144713
0.902416356877 0.700830025262
0.902461681375 0.70119090581
0.902506963788 0.701551786359
0.902552204176 0.701912666907
0.902597402597 0.702273547456
0.90264255911 0.702634428004
0.902687673772 0.702995308553
0.902732746642 0.703356189101
0.902777777778 0.70371706965
0.902822767237 0.704077950198
0.902867715079 0.704438830747
0.902912621359 0.704799711296
0.902957486137 0.705160591844
0.903002309469 0.705521472393
0.903047091413 0.705882352941
0.903091832026 0.70624323349
0.903136531365 0.706604114038
0.903181189488 0.706964994587
0.903225806452 0.707325875135
0.902809765085 0.707325875135
0.902394106814 0.707325875135
0.901978831109 0.707325875135
0.902023919043 0.707686755684
0.902068965517 0.708047636232
0.902113970588 0.708408516781
0.902158934313 0.708769397329
0.902203856749 0.709130277878
0.902248737953 0.709491158427
0.902293577982 0.709852038975
0.902338376891 0.710212919524
0.902383134739 0.710573800072
0.90242785158 0.710934680621
0.902014652015 0.710934680621
0.902059496568 0.711295561169
0.902104300091 0.711656441718
0.902149062643 0.712017322266
0.902193784278 0.712378202815
0.902238465053 0.712739083363
0.902283105023 0.713099963912
0.902327704245 0.71346084446
0.902372262774 0.713821725009
0.902416780666 0.714182605558
0.902461257976 0.714543486106
0.902505694761 0.714904366655
0.902550091075 0.715265247203
0.902594446973 0.715626127752
0.902638762511 0.7159870083
0.902683037744 0.716347888849
0.902727272727 0.716708769397
0.902771467515 0.717069649946
0.902815622162 0.717430530494
0.902859736723 0.717791411043
0.902903811252 0.718152291591
0.902494331066 0.718152291591
0.902085222121 0.718152291591
0.902129587676 0.71851317214
0.902173913043 0.718874052689
0.90221819828 0.719234933237
0.902262443439 0.719595813786
0.902306648575 0.719956694334
0.902350813743 0.720317574883
0.902394938997 0.720678455431
0.90243902439 0.72103933598
0.902483069977 0.721400216528
0.902527075812 0.721761097077
0.902571041949 0.722121977625
0.90261496844 0.722482858174
0.90265885534 0.722843738722
0.902702702703 0.723204619271
0.902746510581 0.72356549982
0.902790279028 0.723926380368
0.902834008097 0.724287260917
0.902877697842 0.724648141465
0.902921348315 0.725009022014
0.902964959569 0.725369902562
0.903008531657 0.725730783111
0.903052064632 0.726091663659
0.903095558546 0.726452544208
0.903139013453 0.726813424756
0.903182429404 0.727174305305
0.903225806452 0.727535185853
0.903269144648 0.727896066402
0.903312444047 0.728256946951
0.903355704698 0.728617827499
0.903398926655 0.728978708048
0.903442109969 0.729339588596
0.903485254692 0.729700469145
0.903528360875 0.730061349693
0.903571428571 0.730422230242
0.903614457831 0.73078311079
0.903657448707 0.731143991339
0.903700401248 0.731504871887
0.903743315508 0.731865752436
0.903786191537 0.732226632984
0.903829029386 0.732587513533
0.903426791277 0.732587513533
0.90346975089 0.732948394082
0.903512672299 0.73330927463
0.903555555556 0.733670155179
0.903598400711 0.734031035727
0.903641207815 0.734391916276
0.90368397692 0.734752796824
0.903726708075 0.735113677373
0.90376940133 0.735474557921
0.903812056738 0.73583543847
0.903854674346 0.736196319018
0.903897254207 0.736557199567
0.90393979637 0.736918080115
0.903982300885 0.737278960664
0.903582485626 0.737278960664
0.903183023873 0.737278960664
0.903225806452 0.737639841213
0.903268551237 0.738000721761
0.903311258278 0.73836160231
0.903353927626 0.738722482858
0.90339655933 0.739083363407
0.903439153439 0.739444243955
0.903481710004 0.739805124504
0.903524229075 0.740166005052
0.9035667107 0.740526885601
0.90360915493 0.740887766149
0.903651561813 0.741248646698
0.903693931398 0.741609527246
0.903736263736 0.741970407795
0.903778558875 0.742331288344
0.903381642512 0.742331288344
0.902985074627 0.742331288344
0.903027643703 0.742692168892
0.903070175439 0.743053049441
0.903112669882 0.743413929989
0.903155127082 0.743774810538
0.903197547087 0.744135691086
0.902802101576 0.744135691086
0.902407002188 0.744135691086
0.902449693788 0.744496571635
0.902492348054 0.744857452183
0.902534965035 0.745218332732
0.902577544779 0.74557921328
0.902183406114 0.74557921328
0.902226102139 0.745940093829
0.902268760908 0.746300974377
0.902311382468 0.746661854926
0.90235396687 0.747022735475
0.902396514161 0.747383616023
0.90243902439 0.747744496572
0.902046147148 0.747744496572
0.901653611836 0.747744496572
0.901261418008 0.747744496572
0.901304347826 0.74810537712
0.90134724033 0.748466257669
0.901390095569 0.748827138217
0.901432913591 0.749188018766
0.901041666667 0.749188018766
0.901084598698 0.749548899314
0.901127493495 0.749909779863
0.901170351105 0.750270660411
0.900779896014 0.750270660411
0.900822867042 0.75063154096
0.900865800866 0.750992421508
0.900908697534 0.751353302057
0.900951557093 0.751714182606
0.900994379594 0.752075063154
0.901037165082 0.752435943703
0.901079913607 0.752796824251
0.900690846287 0.752796824251
0.90073370738 0.7531577048
0.900776531493 0.753518585348
0.900819318672 0.753879465897
0.900862068966 0.754240346445
0.900904782421 0.754601226994
0.900947459087 0.754962107542
0.90099009901 0.755322988091
0.900602409639 0.755322988091
0.90064516129 0.755683868639
0.900687876182 0.756044749188
0.900730554362 0.756405629737
0.900773195876 0.756766510285
0.900815800773 0.757127390834
0.900858369099 0.757488271382
0.900900900901 0.757849151931
0.90051457976 0.757849151931
0.90055722246 0.758210032479
0.90059982862 0.758570913028
0.900642398287 0.758931793576
0.900684931507 0.759292674125
0.900727428327 0.759653554673
0.900769888794 0.760014435222
0.900812312954 0.76037531577
0.900854700855 0.760736196319
0.900897052542 0.761097076868
0.900939368061 0.761457957416
0.900981647461 0.761818837965
0.901023890785 0.762179718513
0.901066098081 0.762540599062
0.900682011935 0.762540599062
0.900298253089 0.762540599062
0.900340715503 0.76290147961
0.900383141762 0.763262360159
0.900425531915 0.763623240707
0.900467886006 0.763984121256
0.900510204082 0.764345001804
0.900552486188 0.764705882353
0.90059473237 0.765066762901
0.900636942675 0.76542764345
0.900679117148 0.765788523999
0.900721255834 0.766149404547
0.900763358779 0.766510285096
0.900805426028 0.766871165644
0.900847457627 0.767232046193
0.900889453621 0.767592926741
0.900931414056 0.76795380729
0.900973338976 0.768314687838
0.901015228426 0.768675568387
0.901057082452 0.769036448935
0.901098901099 0.769397329484
0.901140684411 0.769758210032
0.901182432432 0.770119090581
0.901224145209 0.77047997113
0.901265822785 0.770840851678
0.901307465205 0.771201732227
0.900927487352 0.771201732227
0.900547829751 0.771201732227
0.900168491997 0.771201732227
0.900210526316 0.771562612775
0.900252525253 0.771923493324
0.900294488851 0.772284373872
0.900336417157 0.772645254421
0.900378310214 0.773006134969
0.900420168067 0.773367015518
0.90046199076 0.773727896066
0.900503778338 0.774088776615
0.900545530843 0.774449657163
0.900587248322 0.774810537712
0.900628930818 0.775171418261
0.900670578374 0.775532298809
0.900712191035 0.775893179358
0.900753768844 0.776254059906
0.900795311846 0.776614940455
0.900418410042 0.776614940455
0.900460058553 0.776975821003
0.900501672241 0.777336701552
0.90012536565 0.777336701552
0.900167084378 0.7776975821
0.899791231733 0.7776975821
0.899833055092 0.778058462649
0.899874843554 0.778419343197
0.899916597164 0.778780223746
0.899958315965 0.779141104294
0.9 0.779501984843
0.900041649313 0.779862865392
0.900083263947 0.78022374594
0.900124843945 0.780584626489
0.900166389351 0.780945507037
0.899792099792 0.780945507037
0.899833748961 0.781306387586
0.899875363523 0.781667268134
0.899916943522 0.782028148683
0.899958489 0.782389029231
0.9 0.78274990978
0.900041476566 0.783110790328
0.90008291874 0.783471670877
0.900124326564 0.783832551425
0.900165700083 0.784193431974
0.900207039337 0.784554312523
0.900248344371 0.784915193071
0.900289615225 0.78527607362
0.899917287014 0.78527607362
0.899958660604 0.785636954168
0.9 0.785997834717
0.900041305246 0.786358715265
0.900082576383 0.786719595814
0.900123813454 0.787080476362
0.900165016502 0.787441356911
0.900206185567 0.787802237459
0.900247320692 0.788163118008
0.90028842192 0.788523998556
0.900329489292 0.788884879105
0.899958830795 0.788884879105
0.899588477366 0.788884879105
0.899629781983 0.789245759654
0.899671052632 0.789606640202
0.899712289355 0.789967520751
0.899753492194 0.790328401299
0.899794661191 0.790689281848
0.899835796388 0.791050162396
0.899876897825 0.791411042945
0.899917965546 0.791771923493
0.89954899549 0.791771923493
0.899590163934 0.792132804042
0.899631298648 0.79249368459
0.899672399672 0.792854565139
0.899713467049 0.793215445687
0.899754500818 0.793576326236
0.899795501022 0.793937206785
0.899836467702 0.794298087333
0.899877400899 0.794658967882
0.899918300654 0.79501984843
0.899959167007 0.795380728979
0.9 0.795741609527
0.899632802938 0.795741609527
0.899265905383 0.795741609527
0.899306971056 0.796102490076
0.89934800326 0.796463370624
0.899389002037 0.796824251173
0.899429967427 0.797185131721
0.899470899471 0.79754601227
0.89951179821 0.797906892818
0.899552663684 0.798267773367
0.89918699187 0.798267773367
0.899227956115 0.798628653916
0.899268887084 0.798989534464
0.899309784815 0.799350415013
0.899350649351 0.799711295561
0.89939148073 0.80007217611
0.899432278994 0.800433056658
0.899067693555 0.800433056658
0.899108589951 0.800793937207
0.89914945322 0.801154817755
0.899190283401 0.801515698304
0.899231080534 0.801876578852
0.89927184466 0.802237459401
0.899312575819 0.802598339949
0.89935327405 0.802959220498
0.89898989899 0.802959220498
0.898626817447 0.802959220498
0.898264029067 0.802959220498
0.898305084746 0.803320101047
0.898346107301 0.803680981595
0.897983870968 0.803680981595
0.898024989923 0.804041862144
0.898066075745 0.804402742692
0.898107128474 0.804763623241
0.897745571659 0.804763623241
0.897384305835 0.804763623241
0.897425583266 0.805124503789
0.897466827503 0.805485384338
0.897508038585 0.805846264886
0.897549216553 0.806207145435
0.897590361446 0.806568025983
0.897230028101 0.806568025983
0.896869983949 0.806568025983
0.89651022864 0.806568025983
0.896551724138 0.806928906532
0.896593186373 0.80728978708
0.896233974359 0.80728978708
0.89587505006 0.80728978708
0.895916733387 0.807650667629
0.895558223289 0.807650667629
0.8956 0.808011548178
0.895641743303 0.808372428726
0.895283772982 0.808372428726
0.895325609269 0.808733309275
0.895367412141 0.809094189823
0.89500998004 0.809094189823
0.895051875499 0.809455070372
0.895093737535 0.80981595092
0.895135566188 0.810176831469
0.894778796333 0.810176831469
0.894820717131 0.810537712017
0.89446435683 0.810537712017
0.894506369427 0.810898592566
0.894150417827 0.810898592566
0.893794749403 0.810898592566
0.893836978131 0.811259473114
0.893879173291 0.811620353663
0.893921334923 0.811981234211
0.893566322478 0.811981234211
0.893211591902 0.811981234211
0.892857142857 0.811981234211
0.892899642999 0.81234211476
0.892942109437 0.812702995309
0.892588188664 0.812702995309
0.892234548336 0.812702995309
0.891881188119 0.812702995309
0.891923990499 0.813063875857
0.891966759003 0.813424756406
0.892009493671 0.813785636954
0.891656781336 0.813785636954
0.891699604743 0.814146517503
0.891742394311 0.814507398051
0.891785150079 0.8148682786
0.891827872088 0.815229159148
0.891475927388 0.815229159148
0.891518737673 0.815590039697
0.891561514196 0.815950920245
0.891210090658 0.815950920245
0.89085894405 0.815950920245
0.890901929894 0.816311800794
0.89094488189 0.816672681342
0.890987800079 0.817033561891
0.89063729347 0.817033561891
0.89068029886 0.81739444244
0.89072327044 0.817755322988
0.890766208251 0.818116203537
0.890809112333 0.818477084085
0.890851982725 0.818837964634
0.890894819466 0.819198845182
0.890937622597 0.819559725731
0.890980392157 0.819920606279
0.891023128185 0.820281486828
0.890673981191 0.820281486828
0.89071680376 0.820642367376
0.890759592796 0.821003247925
0.890410958904 0.821003247925
0.890062597809 0.821003247925
0.88971450919 0.821003247925
0.889366692729 0.821003247925
0.889409925752 0.821364128473
0.889453125 0.821725009022
0.889496290512 0.822085889571
0.889149102264 0.822085889571
0.889192352712 0.822446770119
0.889235569423 0.822807650668
0.889278752437 0.823168531216
0.889321901793 0.823529411765
0.888975457733 0.823529411765
0.888629283489 0.823529411765
0.888672635267 0.823890292313
0.888326848249 0.823890292313
0.887981330222 0.823890292313
0.887636080871 0.823890292313
0.887679751263 0.824251172862
0.887723387723 0.82461205341
0.887766990291 0.824972933959
0.887810559006 0.825333814507
0.88746604579 0.825333814507
0.887121799845 0.825333814507
0.88716556805 0.825694695056
0.887209302326 0.826055575604
0.886865555986 0.826055575604
0.88652207591 0.826055575604
0.886178861789 0.826055575604
0.885835913313 0.826055575604
0.885880077369 0.826416456153
0.88592420727 0.826777336702
0.885968303054 0.82713821725
0.88601236476 0.827499097799
0.885670142912 0.827499097799
0.885714285714 0.827859978347
0.885758394442 0.828220858896
0.885416666667 0.828220858896
0.885075202468 0.828220858896
0.885119506554 0.828581739444
0.884778420039 0.828581739444
0.884822804314 0.828942619993
0.884482094725 0.828942619993
0.884141647421 0.828942619993
0.884186225471 0.829303500541
0.883846153846 0.829303500541
0.883890811226 0.82966438109
0.883935434281 0.830025261638
0.88398002305 0.830386142187
0.884024577573 0.830747022735
0.884069097889 0.831107903284
0.884113584037 0.831468783833
0.883774453395 0.831468783833
0.883435582822 0.831468783833
0.88309697202 0.831468783833
0.883141762452 0.831829664381
0.883186518575 0.83219054493
0.882848392037 0.83219054493
0.882893226177 0.832551425478
0.882555470543 0.832551425478
0.882217973231 0.832551425478
0.881880733945 0.832551425478
0.881925869316 0.832912306027
0.881970970206 0.833273186575
0.881634211531 0.833273186575
0.881297709924 0.833273186575
0.881342998855 0.833634067124
0.881006864989 0.833634067124
0.881052230271 0.833994947672
0.881097560976 0.834355828221
0.881142857143 0.834716708769
0.881188118812 0.835077589318
0.88085268367 0.835077589318
0.880517503805 0.835077589318
0.880562951693 0.835438469866
0.880608365019 0.835799350415
0.880273660205 0.835799350415
0.879939209726 0.835799350415
0.879605013293 0.835799350415
0.879650721336 0.836160230964
0.879696394687 0.836521111512
0.879362670713 0.836521111512
0.879029199848 0.836521111512
0.878695981804 0.836521111512
0.878741947707 0.836881992061
0.878409090909 0.836881992061
0.878455130632 0.837242872609
0.878122634368 0.837242872609
0.878168747635 0.837603753158
0.877836611195 0.837603753158
0.877504725898 0.837603753158
0.877551020408 0.837964633706
0.877219493767 0.837964633706
0.877265861027 0.838325514255
0.876934692337 0.838325514255
0.876603773585 0.838325514255
0.876273104489 0.838325514255
0.875942684766 0.838325514255
0.87598944591 0.838686394803
0.876036171816 0.839047275352
0.876082862524 0.8394081559
0.876129518072 0.839769036449
0.875799774181 0.839769036449
0.875846501129 0.840129916997
0.87589319293 0.840490797546
0.875939849624 0.840851678095
0.875986471251 0.841212558643
0.875657400451 0.841212558643
0.875328576793 0.841212558643
0.875375375375 0.841573439192
0.875422138837 0.84193431974
0.875093773443 0.84193431974
0.874765654293 0.84193431974
0.874437781109 0.84193431974
0.874484825777 0.842295200289
0.874531835206 0.842656080837
0.874204417821 0.842656080837
0.874251497006 0.843016961386
0.874298540965 0.843377841934
0.87397157816 0.843377841934
0.873644859813 0.843377841934
0.87331838565 0.843377841934
0.872992155398 0.843377841934
0.873039581777 0.843738722483
0.873086972751 0.844099603031
0.87276119403 0.844099603031
0.872808653488 0.84446048358
0.872856077554 0.844821364128
0.872903466269 0.845182244677
0.872950819672 0.845543125226
0.872998137803 0.845904005774
0.872673119881 0.845904005774
0.872720506141 0.846264886323
0.872395833333 0.846264886323
0.872443287467 0.846625766871
0.87249070632 0.84698664742
0.872166480862 0.84698664742
0.871842496285 0.84698664742
0.871518752321 0.84698664742
0.871195248701 0.84698664742
0.871243042672 0.847347527968
0.871290801187 0.847708408517
0.870967741935 0.847708408517
0.870644922165 0.847708408517
0.870692849203 0.848069289065
0.870740740741 0.848430169614
0.870788596816 0.848791050162
0.870466321244 0.848791050162
0.870514243433 0.849151930711
0.870562130178 0.849512811259
0.870609981516 0.849873691808
0.870288248337 0.849873691808
0.869966752863 0.849873691808
0.870014771049 0.850234572357
0.86969361388 0.850234572357
0.869741697417 0.850595452905
0.869420877905 0.850595452905
0.869100294985 0.850595452905
0.869148544047 0.850956333454
0.868828297716 0.850956333454
0.868876611418 0.851317214002
0.868924889543 0.851678094551
0.868973132131 0.852038975099
0.86902133922 0.852399855648
0.868701728577 0.852399855648
0.86875 0.852760736196
0.868798235943 0.853121616745
0.868846436444 0.853482497293
0.868894601542 0.853843377842
0.868575624082 0.853843377842
0.868623853211 0.85420425839
0.868305209098 0.85420425839
0.868353502017 0.854565138939
0.868035190616 0.854565138939
0.867717112495 0.854565138939
0.867765567766 0.854926019488
0.86781398755 0.855286900036
0.867496339678 0.855286900036
0.867178924259 0.855286900036
0.866861741039 0.855286900036
0.866910420475 0.855647780585
0.866593567251 0.855647780585
0.866276945561 0.855647780585
0.866325785245 0.856008661133
0.866374589266 0.856369541682
0.866423357664 0.85673042223
0.866107260124 0.85673042223
0.865791393144 0.85673042223
0.865840320817 0.857091302779
0.865889212828 0.857452183327
0.865573770492 0.857452183327
0.865258557902 0.857452183327
0.864943574809 0.857452183327
0.864628820961 0.857452183327
0.864678064751 0.857813063876
0.864363636364 0.857813063876
0.864412940749 0.858173944424
0.864098837209 0.858173944424
0.86378496186 0.858173944424
0.863834422658 0.858534824973
0.86388384755 0.858895705521
0.863933236575 0.85925658607
0.863619876678 0.85925658607
0.863306744017 0.85925658607
0.86335628851 0.859617466619
0.863043478261 0.859617466619
0.862730894603 0.859617466619
0.862780593773 0.859978347167
0.862468331524 0.859978347167
0.862518089725 0.860339227716
0.862206148282 0.860339227716
0.862255965293 0.860700108264
0.861944344055 0.860700108264
0.861994219653 0.861060988813
0.862044059227 0.861421869361
0.862093862816 0.86178274991
0.862143630458 0.862143630458
0.862193362193 0.862504511007
0.861882437793 0.862504511007
0.861571737563 0.862504511007
0.861261261261 0.862504511007
0.860951008646 0.862504511007
0.860640979474 0.862504511007
0.860331173506 0.862504511007
0.86038143217 0.862865391555
0.860431654676 0.863226272104
0.860122258181 0.863226272104
0.860172537743 0.863587152652
0.859863456701 0.863587152652
0.859913793103 0.863948033201
0.859964093357 0.86430891375
0.859655419957 0.86430891375
0.859346968066 0.86430891375
0.859038737446 0.86430891375
0.859089279312 0.864669794298
0.859139784946 0.865030674847
0.858831959871 0.865030674847
0.85888252149 0.865391555395
