1.0 0.000360880548538
1.0 0.000721761097077
1.0 0.00108264164562
1.0 0.00144352219415
1.0 0.00180440274269
1.0 0.00216528329123
1.0 0.00252616383977
1.0 0.00288704438831
1.0 0.00324792493685
1.0 0.00360880548538
1.0 0.00396968603392
1.0 0.00433056658246
1.0 0.004691447131
1.0 0.00505232767954
1.0 0.00541320822808
1.0 0.00577408877661
1.0 0.00613496932515
1.0 0.00649584987369
1.0 0.00685673042223
1.0 0.00721761097077
1.0 0.00757849151931
1.0 0.00793937206785
1.0 0.00830025261638
1.0 0.00866113316492
1.0 0.00902201371346
1.0 0.009382894262
1.0 0.00974377481054
1.0 0.0101046553591
1.0 0.0104655359076
1.0 0.0108264164562
1.0 0.0111872970047
1.0 0.0115481775532
1.0 0.0119090581018
1.0 0.0122699386503
1.0 0.0126308191988
1.0 0.0129916997474
1.0 0.0133525802959
1.0 0.0137134608445
1.0 0.014074341393
1.0 0.0144352219415
1.0 0.0147961024901
1.0 0.0151569830386
1.0 0.0155178635872
1.0 0.0158787441357
1.0 0.0162396246842
1.0 0.0166005052328
1.0 0.0169613857813
1.0 0.0173222663298
1.0 0.0176831468784
1.0 0.0180440274269
1.0 0.0184049079755
1.0 0.018765788524
1.0 0.0191266690725
1.0 0.0194875496211
1.0 0.0198484301696
1.0 0.0202093107182
1.0 0.0205701912667
1.0 0.0209310718152
1.0 0.0212919523638
1.0 0.0216528329123
1.0 0.0220137134608
1.0 0.0223745940094
1.0 0.0227354745579
1.0 0.0230963551065
1.0 0.023457235655
1.0 0.0238181162035
1.0 0.0241789967521
1.0 0.0245398773006
1.0 0.0249007578492
1.0 0.0252616383977
1.0 0.0256225189462
1.0 0.0259833994948
1.0 0.0263442800433
1.0 0.0267051605918
1.0 0.0270660411404
1.0 0.0274269216889
1.0 0.0277878022375
1.0 0.028148682786
1.0 0.0285095633345
1.0 0.0288704438831
1.0 0.0292313244316
1.0 0.0295922049802
1.0 0.0299530855287
1.0 0.0303139660772
1.0 0.0306748466258
1.0 0.0310357271743
1.0 0.0313966077228
1.0 0.0317574882714
1.0 0.0321183688199
1.0 0.0324792493685
1.0 0.032840129917
1.0 0.0332010104655
1.0 0.0335618910141
1.0 0.0339227715626
1.0 0.0342836521112
1.0 0.0346445326597
1.0 0.0350054132082
1.0 0.0353662937568
1.0 0.0357271743053
1.0 0.0360880548538
1.0 0.0364489354024
1.0 0.0368098159509
1.0 0.0371706964995
1.0 0.037531577048
1.0 0.0378924575965
1.0 0.0382533381451
1.0 0.0386142186936
1.0 0.0389750992422
1.0 0.0393359797907
1.0 0.0396968603392
1.0 0.0400577408878
1.0 0.0404186214363
1.0 0.0407795019848
1.0 0.0411403825334
1.0 0.0415012630819
1.0 0.0418621436305
1.0 0.042223024179
1.0 0.0425839047275
1.0 0.0429447852761
1.0 0.0433056658246
1.0 0.0436665463732
1.0 0.0440274269217
1.0 0.0443883074702
1.0 0.0447491880188
1.0 0.0451100685673
1.0 0.0454709491158
1.0 0.0458318296644
1.0 0.0461927102129
1.0 0.0465535907615
1.0 0.04691447131
1.0 0.0472753518585
1.0 0.0476362324071
1.0 0.0479971129556
1.0 0.0483579935042
1.0 0.0487188740527
1.0 0.0490797546012
1.0 0.0494406351498
1.0 0.0498015156983
1.0 0.0501623962468
1.0 0.0505232767954
1.0 0.0508841573439
1.0 0.0512450378925
1.0 0.051605918441
1.0 0.0519667989895
1.0 0.0523276795381
1.0 0.0526885600866
1.0 0.0530494406351
1.0 0.0534103211837
1.0 0.0537712017322
1.0 0.0541320822808
1.0 0.0544929628293
1.0 0.0548538433778
1.0 0.0552147239264
1.0 0.0555756044749
1.0 0.0559364850235
1.0 0.056297365572
1.0 0.0566582461205
1.0 0.0570191266691
1.0 0.0573800072176
1.0 0.0577408877661
1.0 0.0581017683147
1.0 0.0584626488632
1.0 0.0588235294118
1.0 0.0591844099603
0.993939393939 0.0591844099603
0.987951807229 0.0591844099603
0.982035928144 0.0591844099603
0.97619047619 0.0591844099603
0.976331360947 0.0595452905088
0.976470588235 0.0599061710574
0.976608187135 0.0602670516059
0.976744186047 0.0606279321545
0.976878612717 0.060988812703
0.977011494253 0.0613496932515
0.977142857143 0.0617105738001
0.977272727273 0.0620714543486
0.977401129944 0.0624323348971
0.977528089888 0.0627932154457
0.977653631285 0.0631540959942
0.977777777778 0.0635149765428
0.977900552486 0.0638758570913
0.978021978022 0.0642367376398
0.978142076503 0.0645976181884
0.978260869565 0.0649584987369
0.978378378378 0.0653193792855
0.978494623656 0.065680259834
0.978609625668 0.0660411403825
0.978723404255 0.0664020209311
0.978835978836 0.0667629014796
0.978947368421 0.0671237820281
0.979057591623 0.0674846625767
0.979166666667 0.0678455431252
0.979274611399 0.0682064236738
0.979381443299 0.0685673042223
0.979487179487 0.0689281847708
0.979591836735 0.0692890653194
0.979695431472 0.0696499458679
0.979797979798 0.0700108264165
0.979899497487 0.070371706965
0.98 0.0707325875135
0.980099502488 0.0710934680621
0.980198019802 0.0714543486106
0.980295566502 0.0718152291591
0.980392156863 0.0721761097077
0.980487804878 0.0725369902562
0.980582524272 0.0728978708048
0.980676328502 0.0732587513533
0.980769230769 0.0736196319018
0.980861244019 0.0739805124504
0.980952380952 0.0743413929989
0.981042654028 0.0747022735475
0.981132075472 0.075063154096
0.981220657277 0.0754240346445
0.981308411215 0.0757849151931
0.981395348837 0.0761457957416
0.981481481481 0.0765066762901
0.981566820276 0.0768675568387
0.981651376147 0.0772284373872
0.981735159817 0.0775893179358
0.981818181818 0.0779501984843
0.981900452489 0.0783110790328
0.981981981982 0.0786719595814
0.982062780269 0.0790328401299
0.982142857143 0.0793937206785
0.982222222222 0.079754601227
0.982300884956 0.0801154817755
0.982378854626 0.0804763623241
0.982456140351 0.0808372428726
0.982532751092 0.0811981234211
0.982608695652 0.0815590039697
0.982683982684 0.0819198845182
0.98275862069 0.0822807650668
0.982832618026 0.0826416456153
0.982905982906 0.0830025261638
0.982978723404 0.0833634067124
0.983050847458 0.0837242872609
0.983122362869 0.0840851678095
0.983193277311 0.084446048358
0.983263598326 0.0848069289065
0.983333333333 0.0851678094551
0.983402489627 0.0855286900036
0.98347107438 0.0858895705521
0.98353909465 0.0862504511007
0.983606557377 0.0866113316492
0.983673469388 0.0869722121978
0.983739837398 0.0873330927463
0.983805668016 0.0876939732948
0.983870967742 0.0880548538434
0.983935742972 0.0884157343919
0.984 0.0887766149405
0.98406374502 0.089137495489
0.984126984127 0.0894983760375
0.98418972332 0.0898592565861
0.984251968504 0.0902201371346
0.98431372549 0.0905810176831
0.984375 0.0909418982317
0.984435797665 0.0913027787802
0.984496124031 0.0916636593288
0.984555984556 0.0920245398773
0.984615384615 0.0923854204258
0.984674329502 0.0927463009744
0.984732824427 0.0931071815229
0.984790874525 0.0934680620715
0.984848484848 0.09382894262
0.984905660377 0.0941898231685
0.984962406015 0.0945507037171
0.985018726592 0.0949115842656
0.985074626866 0.0952724648141
0.985130111524 0.0956333453627
0.985185185185 0.0959942259112
0.985239852399 0.0963551064598
0.985294117647 0.0967159870083
0.985347985348 0.0970768675568
0.985401459854 0.0974377481054
0.985454545455 0.0977986286539
0.985507246377 0.0981595092025
0.985559566787 0.098520389751
0.985611510791 0.0988812702995
0.985663082437 0.0992421508481
0.985714285714 0.0996030313966
0.985765124555 0.0999639119451
0.985815602837 0.100324792494
0.985865724382 0.100685673042
0.985915492958 0.101046553591
0.985964912281 0.101407434139
0.986013986014 0.101768314688
0.98606271777 0.102129195236
0.986111111111 0.102490075785
0.98615916955 0.102850956333
0.986206896552 0.103211836882
0.986254295533 0.103572717431
0.986301369863 0.103933597979
0.986348122867 0.104294478528
0.986394557823 0.104655359076
0.986440677966 0.105016239625
0.986486486486 0.105377120173
0.986531986532 0.105738000722
0.986577181208 0.10609888127
0.986622073579 0.106459761819
0.986666666667 0.106820642367
0.986710963455 0.107181522916
0.986754966887 0.107542403464
0.986798679868 0.107903284013
0.986842105263 0.108264164562
0.986885245902 0.10862504511
0.986928104575 0.108985925659
0.986970684039 0.109346806207
0.987012987013 0.109707686756
0.987055016181 0.110068567304
0.987096774194 0.110429447853
0.987138263666 0.110790328401
0.987179487179 0.11115120895
0.987220447284 0.111512089498
0.987261146497 0.111872970047
0.987301587302 0.112233850595
0.987341772152 0.112594731144
0.98738170347 0.112955611693
0.987421383648 0.113316492241
0.987460815047 0.11367737279
0.9875 0.114038253338
0.98753894081 0.114399133887
0.987577639752 0.114760014435
0.987616099071 0.115120894984
0.987654320988 0.115481775532
0.987692307692 0.115842656081
0.98773006135 0.116203536629
0.987767584098 0.116564417178
0.987804878049 0.116925297726
0.987841945289 0.117286178275
0.987878787879 0.117647058824
0.987915407855 0.118007939372
0.987951807229 0.118368819921
0.987987987988 0.118729700469
0.988023952096 0.119090581018
0.988059701493 0.119451461566
0.988095238095 0.119812342115
0.988130563798 0.120173222663
0.988165680473 0.120534103212
0.988200589971 0.12089498376
0.988235294118 0.121255864309
0.988269794721 0.121616744857
0.988304093567 0.121977625406
0.98833819242 0.122338505955
0.988372093023 0.122699386503
0.988405797101 0.123060267052
0.988439306358 0.1234211476
0.988472622478 0.123782028149
0.988505747126 0.124142908697
0.988538681948 0.124503789246
0.988571428571 0.124864669794
0.988603988604 0.125225550343
0.988636363636 0.125586430891
0.988668555241 0.12594731144
0.988700564972 0.126308191988
0.988732394366 0.126669072537
0.988764044944 0.127029953086
0.988795518207 0.127390833634
0.988826815642 0.127751714183
0.988857938719 0.128112594731
0.988888888889 0.12847347528
0.98891966759 0.128834355828
0.988950276243 0.129195236377
0.988980716253 0.129556116925
0.989010989011 0.129916997474
0.98904109589 0.130277878022
0.989071038251 0.130638758571
0.989100817439 0.130999639119
0.989130434783 0.131360519668
0.989159891599 0.131721400217
0.989189189189 0.132082280765
0.989218328841 0.132443161314
0.989247311828 0.132804041862
0.98927613941 0.133164922411
0.989304812834 0.133525802959
0.989333333333 0.133886683508
0.989361702128 0.134247564056
0.989389920424 0.134608444605
0.989417989418 0.134969325153
0.98944591029 0.135330205702
0.989473684211 0.13569108625
0.989501312336 0.136051966799
0.989528795812 0.136412847348
0.98955613577 0.136773727896
0.989583333333 0.137134608445
0.98961038961 0.137495488993
0.989637305699 0.137856369542
0.989664082687 0.13821725009
0.989690721649 0.138578130639
0.98971722365 0.138939011187
0.989743589744 0.139299891736
0.989769820972 0.139660772284
0.989795918367 0.140021652833
0.989821882952 0.140382533381
0.989847715736 0.14074341393
0.989873417722 0.141104294479
0.989898989899 0.141465175027
0.989924433249 0.141826055576
0.989949748744 0.142186936124
0.989974937343 0.142547816673
0.99 0.142908697221
0.990024937656 0.14326957777
0.990049751244 0.143630458318
0.990074441687 0.143991338867
0.990099009901 0.144352219415
0.99012345679 0.144713099964
0.990147783251 0.145073980512
0.990171990172 0.145434861061
0.990196078431 0.14579574161
0.9902200489 0.146156622158
0.990243902439 0.146517502707
0.990267639903 0.146878383255
0.990291262136 0.147239263804
0.990314769976 0.147600144352
0.990338164251 0.147961024901
0.990361445783 0.148321905449
0.990384615385 0.148682785998
0.990407673861 0.149043666546
0.99043062201 0.149404547095
0.990453460621 0.149765427643
0.990476190476 0.150126308192
0.990498812352 0.150487188741
0.990521327014 0.150848069289
0.990543735225 0.151208949838
0.990566037736 0.151569830386
0.990588235294 0.151930710935
0.990610328638 0.152291591483
0.990632318501 0.152652472032
0.990654205607 0.15301335258
0.990675990676 0.153374233129
0.990697674419 0.153735113677
0.990719257541 0.154095994226
0.990740740741 0.154456874774
0.990762124711 0.154817755323
0.990783410138 0.155178635872
0.990804597701 0.15553951642
0.990825688073 0.155900396969
0.990846681922 0.156261277517
0.990867579909 0.156622158066
0.990888382688 0.156983038614
0.990909090909 0.157343919163
0.990929705215 0.157704799711
0.990950226244 0.15806568026
0.990970654628 0.158426560808
0.990990990991 0.158787441357
0.991011235955 0.159148321905
0.991031390135 0.159509202454
0.991051454139 0.159870083003
0.991071428571 0.160230963551
0.991091314031 0.1605918441
0.991111111111 0.160952724648
0.991130820399 0.161313605197
0.991150442478 0.161674485745
0.991169977925 0.162035366294
0.991189427313 0.162396246842
0.991208791209 0.162757127391
0.991228070175 0.163118007939
0.99124726477 0.163478888488
0.991266375546 0.163839769036
0.99128540305 0.164200649585
0.991304347826 0.164561530134
0.991323210412 0.164922410682
0.991341991342 0.165283291231
0.991360691145 0.165644171779
0.991379310345 0.166005052328
0.989247311828 0.166005052328
0.987124463519 0.166005052328
0.985010706638 0.166005052328
0.982905982906 0.166005052328
0.980810234542 0.166005052328
0.978723404255 0.166005052328
0.976645435244 0.166005052328
0.974576271186 0.166005052328
0.972515856237 0.166005052328
0.970464135021 0.166005052328
0.968421052632 0.166005052328
0.966386554622 0.166005052328
0.966457023061 0.166365932876
0.966527196653 0.166726813425
0.966597077244 0.167087693973
0.966666666667 0.167448574522
0.966735966736 0.16780945507
0.966804979253 0.168170335619
0.966873706004 0.168531216167
0.96694214876 0.168892096716
0.967010309278 0.169252977265
0.9670781893 0.169613857813
0.967145790554 0.169974738362
0.967213114754 0.17033561891
0.967280163599 0.170696499459
0.967346938776 0.171057380007
0.967413441955 0.171418260556
0.967479674797 0.171779141104
0.967545638945 0.172140021653
0.967611336032 0.172500902201
0.967676767677 0.17286178275
0.967741935484 0.173222663298
0.967806841046 0.173583543847
0.967871485944 0.173944424396
0.967935871743 0.174305304944
0.968 0.174666185493
0.968063872255 0.175027066041
0.96812749004 0.17538794659
0.968190854871 0.175748827138
0.968253968254 0.176109707687
0.968316831683 0.176470588235
0.96837944664 0.176831468784
0.968441814596 0.177192349332
0.968503937008 0.177553229881
0.968565815324 0.177914110429
0.96862745098 0.178274990978
0.968688845401 0.178635871527
0.96875 0.178996752075
0.968810916179 0.179357632624
0.968871595331 0.179718513172
0.968932038835 0.180079393721
0.968992248062 0.180440274269
0.969052224371 0.180801154818
0.969111969112 0.181162035366
0.969171483622 0.181522915915
0.969230769231 0.181883796463
0.969289827255 0.182244677012
0.969348659004 0.18260555756
0.969407265774 0.182966438109
0.969465648855 0.183327318658
0.969523809524 0.183688199206
0.969581749049 0.184049079755
0.969639468691 0.184409960303
0.969696969697 0.184770840852
0.969754253308 0.1851317214
0.969811320755 0.185492601949
0.969868173258 0.185853482497
0.96992481203 0.186214363046
0.969981238274 0.186575243594
0.970037453184 0.186936124143
0.970093457944 0.187297004691
0.970149253731 0.18765788524
0.970204841713 0.188018765789
0.970260223048 0.188379646337
0.970315398887 0.188740526886
0.97037037037 0.189101407434
0.970425138632 0.189462287983
0.970479704797 0.189823168531
0.970534069982 0.19018404908
0.970588235294 0.190544929628
0.970642201835 0.190905810177
0.970695970696 0.191266690725
0.970749542962 0.191627571274
0.970802919708 0.191988451822
0.970856102004 0.192349332371
0.970909090909 0.19271021292
0.970961887477 0.193071093468
0.971014492754 0.193431974017
0.971066907776 0.193792854565
0.971119133574 0.194153735114
0.971171171171 0.194514615662
0.971223021583 0.194875496211
0.971274685817 0.195236376759
0.971326164875 0.195597257308
0.97137745975 0.195958137856
0.971428571429 0.196319018405
0.971479500891 0.196679898953
0.97153024911 0.197040779502
0.971580817052 0.197401660051
0.971631205674 0.197762540599
0.971681415929 0.198123421148
0.971731448763 0.198484301696
0.971781305115 0.198845182245
0.971830985915 0.199206062793
0.971880492091 0.199566943342
0.971929824561 0.19992782389
0.971978984238 0.200288704439
0.972027972028 0.200649584987
0.972076788831 0.201010465536
0.97212543554 0.201371346084
0.972173913043 0.201732226633
0.972222222222 0.202093107182
0.972270363951 0.20245398773
0.9723183391 0.202814868279
0.972366148532 0.203175748827
0.972413793103 0.203536629376
0.972461273666 0.203897509924
0.972508591065 0.204258390473
0.972555746141 0.204619271021
0.972602739726 0.20498015157
0.97264957265 0.205341032118
0.972696245734 0.205701912667
0.972742759796 0.206062793215
0.972789115646 0.206423673764
0.972835314092 0.206784554313
0.972881355932 0.207145434861
0.972927241963 0.20750631541
0.972972972973 0.207867195958
0.973018549747 0.208228076507
0.973063973064 0.208588957055
0.973109243697 0.208949837604
0.973154362416 0.209310718152
0.973199329983 0.209671598701
0.973244147157 0.210032479249
0.973288814691 0.210393359798
0.973333333333 0.210754240346
0.973377703827 0.211115120895
0.97342192691 0.211476001444
0.973466003317 0.211836881992
0.973509933775 0.212197762541
0.973553719008 0.212558643089
0.973597359736 0.212919523638
0.973640856672 0.213280404186
0.973684210526 0.213641284735
0.973727422003 0.214002165283
0.973770491803 0.214363045832
0.973813420622 0.21472392638
0.97385620915 0.215084806929
0.973898858075 0.215445687477
0.973941368078 0.215806568026
0.973983739837 0.216167448575
0.974025974026 0.216528329123
0.974068071313 0.216889209672
0.974110032362 0.21725009022
0.974151857835 0.217610970769
0.974193548387 0.217971851317
0.97423510467 0.218332731866
0.974276527331 0.218693612414
0.974317817014 0.219054492963
0.974358974359 0.219415373511
0.9728 0.219415373511
0.97124600639 0.219415373511
0.969696969697 0.219415373511
0.968152866242 0.219415373511
0.966613672496 0.219415373511
0.965079365079 0.219415373511
0.963549920761 0.219415373511
0.962025316456 0.219415373511
0.960505529226 0.219415373511
0.958990536278 0.219415373511
0.957480314961 0.219415373511
0.955974842767 0.219415373511
0.956043956044 0.21977625406
0.956112852665 0.220137134608
0.956181533646 0.220498015157
0.95625 0.220858895706
0.95631825273 0.221219776254
0.956386292835 0.221580656803
0.956454121306 0.221941537351
0.95652173913 0.2223024179
0.956589147287 0.222663298448
0.956656346749 0.223024178997
0.956723338485 0.223385059545
0.956790123457 0.223745940094
0.956856702619 0.224106820642
0.956923076923 0.224467701191
0.956989247312 0.224828581739
0.957055214724 0.225189462288
0.957120980092 0.225550342837
0.957186544343 0.225911223385
0.957251908397 0.226272103934
0.957317073171 0.226632984482
0.957382039574 0.226993865031
0.957446808511 0.227354745579
0.95751138088 0.227715626128
0.957575757576 0.228076506676
0.957639939486 0.228437387225
0.957703927492 0.228798267773
0.957767722474 0.229159148322
0.957831325301 0.22952002887
0.957894736842 0.229880909419
0.957957957958 0.230241789968
0.958020989505 0.230602670516
0.958083832335 0.230963551065
0.958146487294 0.231324431613
0.958208955224 0.231685312162
0.95827123696 0.23204619271
0.958333333333 0.232407073259
0.958395245171 0.232767953807
0.958456973294 0.233128834356
0.958518518519 0.233489714904
0.958579881657 0.233850595453
0.958641063516 0.234211476001
0.958702064897 0.23457235655
0.958762886598 0.234933237099
0.958823529412 0.235294117647
0.958883994126 0.235654998196
0.958944281525 0.236015878744
0.959004392387 0.236376759293
0.959064327485 0.236737639841
0.959124087591 0.23709852039
0.959183673469 0.237459400938
0.959243085881 0.237820281487
0.959302325581 0.238181162035
0.959361393324 0.238542042584
0.959420289855 0.238902923132
0.959479015919 0.239263803681
0.959537572254 0.23962468423
0.959595959596 0.239985564778
0.959654178674 0.240346445327
0.959712230216 0.240707325875
0.959770114943 0.241068206424
0.959827833572 0.241429086972
0.959885386819 0.241789967521
0.959942775393 0.242150848069
0.96 0.242511728618
0.960057061341 0.242872609166
0.960113960114 0.243233489715
0.960170697013 0.243594370263
0.960227272727 0.243955250812
0.960283687943 0.244316131361
0.960339943343 0.244677011909
0.960396039604 0.245037892458
0.960451977401 0.245398773006
0.960507757405 0.245759653555
0.960563380282 0.246120534103
0.960618846695 0.246481414652
0.960674157303 0.2468422952
0.960729312763 0.247203175749
0.960784313725 0.247564056297
0.960839160839 0.247924936846
0.960893854749 0.248285817394
0.960948396095 0.248646697943
0.961002785515 0.249007578492
0.961057023644 0.24936845904
0.961111111111 0.249729339589
0.961165048544 0.250090220137
0.961218836565 0.250451100686
0.961272475795 0.250811981234
0.961325966851 0.251172861783
0.961379310345 0.251533742331
0.961432506887 0.25189462288
0.961485557084 0.252255503428
0.961538461538 0.252616383977
0.96159122085 0.252977264525
0.961643835616 0.253338145074
0.96169630643 0.253699025623
0.96174863388 0.254059906171
0.961800818554 0.25442078672
0.961852861035 0.254781667268
0.961904761905 0.255142547817
0.961956521739 0.255503428365
0.962008141113 0.255864308914
0.962059620596 0.256225189462
0.962110960758 0.256586070011
0.962162162162 0.256946950559
0.962213225371 0.257307831108
0.962264150943 0.257668711656
0.962314939435 0.258029592205
0.962365591398 0.258390472754
0.962416107383 0.258751353302
0.962466487936 0.259112233851
0.962516733601 0.259473114399
0.96256684492 0.259833994948
0.96261682243 0.260194875496
0.962666666667 0.260555756045
0.962716378162 0.260916636593
0.962765957447 0.261277517142
0.962815405046 0.26163839769
0.962864721485 0.261999278239
0.962913907285 0.262360158787
0.962962962963 0.262721039336
0.963011889036 0.263081919885
0.963060686016 0.263442800433
0.963109354414 0.263803680982
0.963157894737 0.26416456153
0.96320630749 0.264525442079
0.963254593176 0.264886322627
0.963302752294 0.265247203176
0.96335078534 0.265608083724
0.96339869281 0.265968964273
0.963446475196 0.266329844821
0.963494132986 0.26669072537
0.963541666667 0.267051605918
0.963589076723 0.267412486467
0.963636363636 0.267773367016
0.963683527886 0.268134247564
0.963730569948 0.268495128113
0.963777490298 0.268856008661
0.963824289406 0.26921688921
0.963870967742 0.269577769758
0.963917525773 0.269938650307
0.963963963964 0.270299530855
0.964010282776 0.270660411404
0.96405648267 0.271021291952
0.964102564103 0.271382172501
0.964148527529 0.271743053049
0.964194373402 0.272103933598
0.964240102171 0.272464814147
0.964285714286 0.272825694695
0.964331210191 0.273186575244
0.964376590331 0.273547455792
0.963151207116 0.273547455792
0.96192893401 0.273547455792
0.960709759189 0.273547455792
0.959493670886 0.273547455792
0.958280657396 0.273547455792
0.957070707071 0.273547455792
0.955863808323 0.273547455792
0.954659949622 0.273547455792
0.953459119497 0.273547455792
0.95351758794 0.273908336341
0.953575909661 0.274269216889
0.953634085213 0.274630097438
0.953692115144 0.274990977986
0.95375 0.275351858535
0.953807740325 0.275712739083
0.953865336658 0.276073619632
0.953922789539 0.27643450018
0.953980099502 0.276795380729
0.954037267081 0.277156261278
0.954094292804 0.277517141826
0.9541511772 0.277878022375
0.954207920792 0.278238902923
0.954264524104 0.278599783472
0.954320987654 0.27896066402
0.954377311961 0.279321544569
0.954433497537 0.279682425117
0.954489544895 0.280043305666
0.954545454545 0.280404186214
0.954601226994 0.280765066763
0.954656862745 0.281125947311
0.954712362301 0.28148682786
0.954767726161 0.281847708409
0.954822954823 0.282208588957
0.95487804878 0.282569469506
0.954933008526 0.282930350054
0.95498783455 0.283291230603
0.955042527339 0.283652111151
0.955097087379 0.2840129917
0.955151515152 0.284373872248
0.955205811138 0.284734752797
0.955259975816 0.285095633345
0.955314009662 0.285456513894
0.955367913148 0.285817394442
0.955421686747 0.286178274991
0.955475330927 0.28653915554
0.955528846154 0.286900036088
0.955582232893 0.287260916637
0.955635491607 0.287621797185
0.955688622754 0.287982677734
0.955741626794 0.288343558282
0.955794504182 0.288704438831
0.95584725537 0.289065319379
0.95589988081 0.289426199928
0.955952380952 0.289787080476
0.956004756243 0.290147961025
0.956057007126 0.290508841573
0.956109134045 0.290869722122
0.956161137441 0.291230602671
0.956213017751 0.291591483219
0.956264775414 0.291952363768
0.956316410862 0.292313244316
0.956367924528 0.292674124865
0.956419316843 0.293035005413
0.956470588235 0.293395885962
0.95652173913 0.29375676651
0.956572769953 0.294117647059
0.956623681125 0.294478527607
0.956674473068 0.294839408156
0.956725146199 0.295200288704
0.956775700935 0.295561169253
0.95682613769 0.295922049802
0.956876456876 0.29628293035
0.956926658906 0.296643810899
0.956976744186 0.297004691447
0.957026713124 0.297365571996
0.957076566125 0.297726452544
0.957126303592 0.298087333093
0.957175925926 0.298448213641
0.957225433526 0.29880909419
0.95727482679 0.299169974738
0.957324106113 0.299530855287
0.957373271889 0.299891735835
0.957422324511 0.300252616384
0.957471264368 0.300613496933
0.957520091848 0.300974377481
0.957568807339 0.30133525803
0.957617411226 0.301696138578
0.95766590389 0.302057019127
0.957714285714 0.302417899675
0.957762557078 0.302778780224
0.957810718358 0.303139660772
0.957858769932 0.303500541321
0.957906712173 0.303861421869
0.957954545455 0.304222302418
0.958002270148 0.304583182966
0.958049886621 0.304944063515
0.958097395243 0.305304944064
0.95814479638 0.305665824612
0.958192090395 0.306026705161
0.958239277652 0.306387585709
0.958286358512 0.306748466258
0.958333333333 0.307109346806
0.958380202475 0.307470227355
0.958426966292 0.307831107903
0.95847362514 0.308191988452
0.958520179372 0.308552869
0.958566629339 0.308913749549
0.958612975391 0.309274630097
0.958659217877 0.309635510646
0.958705357143 0.309996391195
0.958751393534 0.310357271743
0.958797327394 0.310718152292
0.958843159066 0.31107903284
0.958888888889 0.311439913389
0.958934517203 0.311800793937
0.958980044346 0.312161674486
0.959025470653 0.312522555034
0.95907079646 0.312883435583
0.959116022099 0.313244316131
0.959161147903 0.31360519668
0.959206174201 0.313966077228
0.959251101322 0.314326957777
0.959295929593 0.314687838326
0.959340659341 0.315048718874
0.959385290889 0.315409599423
0.959429824561 0.315770479971
0.959474260679 0.31613136052
0.959518599562 0.316492241068
0.95956284153 0.316853121617
0.9596069869 0.317214002165
0.959651035987 0.317574882714
0.959694989107 0.317935763262
0.959738846572 0.318296643811
0.959782608696 0.318657524359
0.959826275787 0.319018404908
0.959869848156 0.319379285457
0.959913326111 0.319740166005
0.959956709957 0.320101046554
0.96 0.320461927102
0.960043196544 0.320822807651
0.960086299892 0.321183688199
0.960129310345 0.321544568748
0.960172228202 0.321905449296
0.960215053763 0.322266329845
0.960257787325 0.322627210393
0.960300429185 0.322988090942
0.960342979636 0.32334897149
0.960385438972 0.323709852039
0.95935828877 0.323709852039
0.958333333333 0.323709852039
0.957310565635 0.323709852039
0.956289978678 0.323709852039
0.955271565495 0.323709852039
0.954255319149 0.323709852039
0.953241232731 0.323709852039
0.952229299363 0.323709852039
0.952279957582 0.324070732588
0.952330508475 0.324431613136
0.952380952381 0.324792493685
0.952431289641 0.325153374233
0.952481520591 0.325514254782
0.95253164557 0.32587513533
0.95258166491 0.326236015879
0.952631578947 0.326596896427
0.952681388013 0.326957776976
0.952731092437 0.327318657524
0.95278069255 0.327679538073
0.952830188679 0.328040418621
0.952879581152 0.32840129917
0.952928870293 0.328762179719
0.952978056426 0.329123060267
0.953027139875 0.329483940816
0.953076120959 0.329844821364
0.953125 0.330205701913
0.953173777315 0.330566582461
0.953222453222 0.33092746301
0.953271028037 0.331288343558
0.953319502075 0.331649224107
0.953367875648 0.332010104655
0.953416149068 0.332370985204
0.953464322647 0.332731865752
0.953512396694 0.333092746301
0.953560371517 0.33345362685
0.953608247423 0.333814507398
0.953656024717 0.334175387947
0.953703703704 0.334536268495
0.953751284687 0.334897149044
0.953798767967 0.335258029592
0.953846153846 0.335618910141
0.953893442623 0.335979790689
0.953940634596 0.336340671238
0.953987730061 0.336701551786
0.954034729316 0.337062432335
0.954081632653 0.337423312883
0.954128440367 0.337784193432
0.954175152749 0.338145073981
0.954221770092 0.338505954529
0.954268292683 0.338866835078
0.954314720812 0.339227715626
0.954361054767 0.339588596175
0.954407294833 0.339949476723
0.954453441296 0.340310357272
0.954499494439 0.34067123782
0.954545454545 0.341032118369
0.954591321897 0.341392998917
0.954637096774 0.341753879466
0.954682779456 0.342114760014
0.954728370221 0.342475640563
0.954773869347 0.342836521112
0.954819277108 0.34319740166
0.954864593781 0.343558282209
0.954909819639 0.343919162757
0.954954954955 0.344280043306
0.955 0.344640923854
0.955044955045 0.345001804403
0.955089820359 0.345362684951
0.955134596211 0.3457235655
0.955179282869 0.346084446048
0.955223880597 0.346445326597
0.955268389662 0.346806207145
0.955312810328 0.347167087694
0.955357142857 0.347527968243
0.955401387512 0.347888848791
0.955445544554 0.34824972934
0.955489614243 0.348610609888
0.955533596838 0.348971490437
0.955577492596 0.349332370985
0.955621301775 0.349693251534
0.955665024631 0.350054132082
0.955708661417 0.350415012631
0.955752212389 0.350775893179
0.9557956778 0.351136773728
0.9558390579 0.351497654276
0.955882352941 0.351858534825
0.955925563173 0.352219415374
0.955968688845 0.352580295922
0.956011730205 0.352941176471
0.9560546875 0.353302057019
0.956097560976 0.353662937568
0.956140350877 0.354023818116
0.956183057449 0.354384698665
0.956225680934 0.354745579213
0.956268221574 0.355106459762
0.956310679612 0.35546734031
0.956353055286 0.355828220859
0.956395348837 0.356189101407
0.956437560503 0.356549981956
0.956479690522 0.356910862505
0.95652173913 0.357271743053
0.956563706564 0.357632623602
0.956605593057 0.35799350415
0.956647398844 0.358354384699
0.956689124158 0.358715265247
0.956730769231 0.359076145796
0.956772334294 0.359437026344
0.956813819578 0.359797906893
0.956855225312 0.360158787441
0.956896551724 0.36051966799
0.956937799043 0.360880548538
0.956978967495 0.361241429087
0.957020057307 0.361602309636
0.957061068702 0.361963190184
0.957102001907 0.362324070733
0.957142857143 0.362684951281
0.957183634634 0.36304583183
0.957224334601 0.363406712378
0.957264957265 0.363767592927
0.957305502846 0.364128473475
0.957345971564 0.364489354024
0.957386363636 0.364850234572
0.957426679281 0.365211115121
0.957466918715 0.365571995669
0.957507082153 0.365932876218
0.957547169811 0.366293756767
0.957587181904 0.366654637315
0.957627118644 0.367015517864
0.956726246472 0.367015517864
0.955827067669 0.367015517864
0.954929577465 0.367015517864
0.954033771107 0.367015517864
0.954076850984 0.367376398412
0.954119850187 0.367737278961
0.953227315248 0.367737278961
0.953271028037 0.368098159509
0.953314659197 0.368459040058
0.953358208955 0.368819920606
0.95340167754 0.369180801155
0.953445065177 0.369541681703
0.953488372093 0.369902562252
0.953531598513 0.3702634428
0.953574744661 0.370624323349
0.953617810761 0.370985203898
0.953660797034 0.371346084446
0.953703703704 0.371706964995
0.95374653099 0.372067845543
0.953789279113 0.372428726092
0.953831948292 0.37278960664
0.953874538745 0.373150487189
0.953917050691 0.373511367737
0.953959484346 0.373872248286
0.954001839926 0.374233128834
0.954044117647 0.374594009383
0.954086317723 0.374954889931
0.954128440367 0.37531577048
0.954170485793 0.375676651029
0.954212454212 0.376037531577
0.954254345837 0.376398412126
0.954296160878 0.376759292674
0.954337899543 0.377120173223
0.954379562044 0.377481053771
0.954421148587 0.37784193432
0.954462659381 0.378202814868
0.954504094631 0.378563695417
0.954545454545 0.378924575965
0.954586739328 0.379285456514
0.954627949183 0.379646337062
0.954669084316 0.380007217611
0.954710144928 0.38036809816
0.954751131222 0.380728978708
0.9547920434 0.381089859257
0.954832881662 0.381450739805
0.954873646209 0.381811620354
0.954914337241 0.382172500902
0.954954954955 0.382533381451
0.95499549955 0.382894261999
0.955035971223 0.383255142548
0.955076370171 0.383616023096
0.955116696589 0.383976903645
0.955156950673 0.384337784193
0.955197132616 0.384698664742
0.955237242614 0.385059545291
0.955277280859 0.385420425839
0.955317247542 0.385781306388
0.955357142857 0.386142186936
0.955396966994 0.386503067485
0.955436720143 0.386863948033
0.955476402493 0.387224828582
0.955516014235 0.38758570913
0.955555555556 0.387946589679
0.955595026643 0.388307470227
0.955634427684 0.388668350776
0.955673758865 0.389029231324
0.955713020372 0.389390111873
0.955752212389 0.389750992422
0.955791335102 0.39011187297
0.955830388693 0.390472753519
0.955869373345 0.390833634067
0.955908289242 0.391194514616
0.955947136564 0.391555395164
0.955985915493 0.391916275713
0.956024626209 0.392277156261
0.956063268893 0.39263803681
0.956101843723 0.392998917358
0.956140350877 0.393359797907
0.956178790535 0.393720678455
0.956217162872 0.394081559004
0.956255468066 0.394442439553
0.956293706294 0.394803320101
0.956331877729 0.39516420065
0.956369982548 0.395525081198
0.956408020924 0.395885961747
0.956445993031 0.396246842295
0.956483899043 0.396607722844
0.95652173913 0.396968603392
0.956559513467 0.397329483941
0.956597222222 0.397690364489
0.956634865568 0.398051245038
0.956672443674 0.398412125586
0.95670995671 0.398773006135
0.956747404844 0.399133886684
0.956784788245 0.399494767232
0.956822107081 0.399855647781
0.956859361519 0.400216528329
0.956896551724 0.400577408878
0.956933677864 0.400938289426
0.956970740103 0.401299169975
0.957007738607 0.401660050523
0.95618556701 0.401660050523
0.955364806867 0.401660050523
0.954545454545 0.401660050523
0.953727506427 0.401660050523
0.952910958904 0.401660050523
0.952095808383 0.401660050523
0.951282051282 0.401660050523
0.950469684031 0.401660050523
0.949658703072 0.401660050523
0.948849104859 0.401660050523
0.94804088586 0.401660050523
0.948085106383 0.402020931072
0.948129251701 0.40238181162
0.948173322005 0.402742692169
0.948217317487 0.403103572717
0.948261238338 0.403464453266
0.948305084746 0.403825333815
0.948348856901 0.404186214363
0.948392554992 0.404547094912
0.948436179205 0.40490797546
0.94847972973 0.405268856009
0.948523206751 0.405629736557
0.948566610455 0.405990617106
0.948609941028 0.406351497654
0.948653198653 0.406712378203
0.948696383516 0.407073258751
0.948739495798 0.4074341393
0.948782535684 0.407795019848
0.948825503356 0.408155900397
0.948868398994 0.408516780946
0.948911222781 0.408877661494
0.948953974895 0.409238542043
0.948996655518 0.409599422591
0.949039264829 0.40996030314
0.949081803005 0.410321183688
0.949124270225 0.410682064237
0.949166666667 0.411042944785
0.949208992506 0.411403825334
0.94925124792 0.411764705882
0.949293433084 0.412125586431
0.949335548173 0.412486466979
0.949377593361 0.412847347528
0.949419568823 0.413208228077
0.949461474731 0.413569108625
0.949503311258 0.413929989174
0.949545078577 0.414290869722
0.94958677686 0.414651750271
0.949628406276 0.415012630819
0.949669966997 0.415373511368
0.949711459192 0.415734391916
0.949752883031 0.416095272465
0.949794238683 0.416456153013
0.949835526316 0.416817033562
0.949876746097 0.41717791411
0.949917898194 0.417538794659
0.949958982773 0.417899675208
0.95 0.418260555756
0.950040950041 0.418621436305
0.950081833061 0.418982316853
0.950122649223 0.419343197402
0.950163398693 0.41970407795
0.950204081633 0.420064958499
0.950244698206 0.420425839047
0.950285248574 0.420786719596
0.950325732899 0.421147600144
0.950366151343 0.421508480693
0.950406504065 0.421869361241
0.950446791227 0.42223024179
0.950487012987 0.422591122339
0.950527169505 0.422952002887
0.95056726094 0.423312883436
0.950607287449 0.423673763984
0.950647249191 0.424034644533
0.950687146322 0.424395525081
0.950726978998 0.42475640563
0.950766747377 0.425117286178
0.950806451613 0.425478166727
0.950846091861 0.425839047275
0.950885668277 0.426199927824
0.950925181014 0.426560808372
0.950964630225 0.426921688921
0.951004016064 0.42728256947
0.951043338684 0.427643450018
0.951082598236 0.428004330567
0.951121794872 0.428365211115
0.951160928743 0.428726091664
0.9512 0.429086972212
0.951239008793 0.429447852761
0.951277955272 0.429808733309
0.951316839585 0.430169613858
0.951355661882 0.430530494406
0.951394422311 0.430891374955
0.951433121019 0.431252255503
0.951471758154 0.431613136052
0.951510333863 0.431974016601
0.951548848292 0.432334897149
0.951587301587 0.432695777698
0.951625693894 0.433056658246
0.951664025357 0.433417538795
0.95170229612 0.433778419343
0.951740506329 0.434139299892
0.951778656126 0.43450018044
0.951816745656 0.434861060989
0.951854775059 0.435221941537
0.951104100946 0.435221941537
0.950354609929 0.435221941537
0.949606299213 0.435221941537
0.948859166011 0.435221941537
0.948113207547 0.435221941537
0.947368421053 0.435221941537
0.947409733124 0.435582822086
0.947450980392 0.435943702634
0.947492163009 0.436304583183
0.947533281128 0.436665463732
0.947574334898 0.43702634428
0.947615324472 0.437387224829
0.94765625 0.437748105377
0.947697111632 0.438108985926
0.947737909516 0.438469866474
0.947778643804 0.438830747023
0.947819314642 0.439191627571
0.947859922179 0.43955250812
0.947900466563 0.439913388668
0.947940947941 0.440274269217
0.94798136646 0.440635149765
0.948021722265 0.440996030314
0.948062015504 0.441356910863
0.948102246321 0.441717791411
0.948142414861 0.44207867196
0.948182521268 0.442439552508
0.948222565688 0.442800433057
0.948262548263 0.443161313605
0.948302469136 0.443522194154
0.94834232845 0.443883074702
0.948382126348 0.444243955251
0.948421862972 0.444604835799
0.948461538462 0.444965716348
0.948501152959 0.445326596896
0.948540706605 0.445687477445
0.94858019954 0.446048357994
0.948619631902 0.446409238542
0.948659003831 0.446770119091
0.948698315467 0.447130999639
0.948737566947 0.447491880188
0.94877675841 0.447852760736
0.948815889992 0.448213641285
0.948854961832 0.448574521833
0.948893974066 0.448935402382
0.948932926829 0.44929628293
0.948971820259 0.449657163479
0.94901065449 0.450018044027
0.949049429658 0.450378924576
0.949088145897 0.450739805125
0.949126803341 0.451100685673
0.949165402124 0.451461566222
0.949203942381 0.45182244677
0.949242424242 0.452183327319
0.949280847843 0.452544207867
0.949319213313 0.452905088416
0.949357520786 0.453265968964
0.949395770393 0.453626849513
0.949433962264 0.453987730061
0.949472096531 0.45434861061
0.949510173323 0.454709491158
0.949548192771 0.455070371707
0.949586155004 0.455431252256
0.94962406015 0.455792132804
0.94966190834 0.456153013353
0.9496996997 0.456513893901
0.949737434359 0.45687477445
0.949775112444 0.457235654998
0.949812734082 0.457596535547
0.949850299401 0.457957416095
0.949887808527 0.458318296644
0.949925261584 0.458679177192
0.949962658701 0.459040057741
0.95 0.459400938289
0.950037285608 0.459761818838
0.950074515648 0.460122699387
0.950111690246 0.460483579935
0.950148809524 0.460844460484
0.950185873606 0.461205341032
0.950222882615 0.461566221581
0.950259836674 0.461927102129
0.950296735905 0.462287982678
0.95033358043 0.462648863226
0.95037037037 0.463009743775
0.950407105848 0.463370624323
0.950443786982 0.463731504872
0.950480413895 0.46409238542
0.950516986706 0.464453265969
0.950553505535 0.464814146518
0.950589970501 0.465175027066
0.950626381724 0.465535907615
0.950662739323 0.465896788163
0.950699043414 0.466257668712
0.95 0.466257668712
0.949301983835 0.466257668712
0.948604992658 0.466257668712
0.947909024211 0.466257668712
0.947214076246 0.466257668712
0.94652014652 0.466257668712
0.945827232796 0.466257668712
0.945135332846 0.466257668712
0.944444444444 0.466257668712
0.944485025566 0.46661854926
0.943795620438 0.46661854926
0.943836615609 0.466979429809
0.94387755102 0.467340310357
0.943918426803 0.467701190906
0.943959243086 0.468062071454
0.944 0.468422952003
0.944040697674 0.468783832551
0.944081336238 0.4691447131
0.94412191582 0.469505593649
0.944162436548 0.469866474197
0.944202898551 0.470227354746
0.944243301955 0.470588235294
0.944283646889 0.470949115843
0.944323933478 0.471309996391
0.94436416185 0.47167087694
0.94440433213 0.472031757488
0.944444444444 0.472392638037
0.944484498919 0.472753518585
0.944524495677 0.473114399134
0.944564434845 0.473475279682
0.944604316547 0.473836160231
0.944644140906 0.47419704078
0.944683908046 0.474557921328
0.94472361809 0.474918801877
0.944763271162 0.475279682425
0.944802867384 0.475640562974
0.944842406877 0.476001443522
0.944881889764 0.476362324071
0.944921316166 0.476723204619
0.944960686204 0.477084085168
0.945 0.477444965716
0.945039257673 0.477805846265
0.945078459344 0.478166726813
0.945117605132 0.478527607362
0.945156695157 0.478888487911
0.945195729537 0.479249368459
0.945234708393 0.479610249008
0.945273631841 0.479971129556
0.9453125 0.480332010105
0.945351312988 0.480692890653
0.945390070922 0.481053771202
0.945428773919 0.48141465175
0.945467422096 0.481775532299
0.94550601557 0.482136412847
0.945544554455 0.482497293396
0.945583038869 0.482858173944
0.945621468927 0.483219054493
0.945659844742 0.483579935042
0.945698166432 0.48394081559
0.945736434109 0.484301696139
0.945774647887 0.484662576687
0.945812807882 0.485023457236
0.945850914205 0.485384337784
0.945888966971 0.485745218333
0.945926966292 0.486106098881
0.945964912281 0.48646697943
0.946002805049 0.486827859978
0.946040644709 0.487188740527
0.946078431373 0.487549621075
0.94611616515 0.487910501624
0.946153846154 0.488271382173
0.946191474493 0.488632262721
0.946229050279 0.48899314327
0.946266573622 0.489354023818
0.94630404463 0.489714904367
0.946341463415 0.490075784915
0.946378830084 0.490436665464
0.946416144746 0.490797546012
0.94645340751 0.491158426561
0.946490618485 0.491519307109
0.946527777778 0.491880187658
0.946564885496 0.492241068206
0.946601941748 0.492601948755
0.946638946639 0.492962829304
0.946675900277 0.493323709852
0.946712802768 0.493684590401
0.946749654219 0.494045470949
0.946786454734 0.494406351498
0.94682320442 0.494767232046
0.946859903382 0.495128112595
0.946896551724 0.495488993143
0.946933149552 0.495849873692
0.94696969697 0.49621075424
0.947006194081 0.496571634789
0.94704264099 0.496932515337
0.947079037801 0.497293395886
0.947115384615 0.497654276435
0.947151681537 0.498015156983
0.947187928669 0.498376037532
0.947224126114 0.49873691808
0.947260273973 0.499097798629
0.947296372348 0.499458679177
0.946648426813 0.499458679177
0.946001367054 0.499458679177
0.945355191257 0.499458679177
0.944709897611 0.499458679177
0.944065484311 0.499458679177
0.944103612815 0.499819559726
0.944141689373 0.500180440274
0.944179714091 0.500541320823
0.944217687075 0.500902201371
0.94425560843 0.50126308192
0.944293478261 0.501623962468
0.944331296673 0.501984843017
0.944369063772 0.502345723565
0.944406779661 0.502706604114
0.944444444444 0.503067484663
0.944482058226 0.503428365211
0.94451962111 0.50378924576
0.944557133198 0.504150126308
0.944594594595 0.504511006857
0.944632005402 0.504871887405
0.944669365722 0.505232767954
0.944706675657 0.505593648502
0.94474393531 0.505954529051
0.944781144781 0.506315409599
0.944818304172 0.506676290148
0.944855413584 0.507037170696
0.944892473118 0.507398051245
0.944929482874 0.507758931794
0.944966442953 0.508119812342
0.945003353454 0.508480692891
0.945040214477 0.508841573439
0.945077026122 0.509202453988
0.945113788487 0.509563334536
0.945150501672 0.509924215085
0.945187165775 0.510285095633
0.945223780895 0.510645976182
0.94526034713 0.51100685673
0.945296864576 0.511367737279
0.945333333333 0.511728617827
0.945369753498 0.512089498376
0.945406125166 0.512450378925
0.945442448436 0.512811259473
0.945478723404 0.513172140022
0.945514950166 0.51353302057
0.945551128818 0.513893901119
0.945587259456 0.514254781667
0.945623342175 0.514615662216
0.945659377071 0.514976542764
0.945695364238 0.515337423313
0.945731303772 0.515698303861
0.945767195767 0.51605918441
0.945803040317 0.516420064958
0.945838837517 0.516780945507
0.945874587459 0.517141826056
0.945910290237 0.517502706604
0.945945945946 0.517863587153
0.945981554677 0.518224467701
0.946017116524 0.51858534825
0.946052631579 0.518946228798
0.946088099934 0.519307109347
0.946123521682 0.519667989895
0.946158896914 0.520028870444
0.946194225722 0.520389750992
0.945573770492 0.520389750992
0.94495412844 0.520389750992
0.94433529797 0.520389750992
0.943717277487 0.520389750992
0.943100065402 0.520389750992
0.942483660131 0.520389750992
0.942521227956 0.520750631541
0.942558746736 0.521111512089
0.942596216569 0.521472392638
0.942633637549 0.521833273187
0.942671009772 0.522194153735
0.942708333333 0.522555034284
0.942745608328 0.522915914832
0.94278283485 0.523276795381
0.942820012995 0.523637675929
0.942857142857 0.523998556478
0.94289422453 0.524359437026
0.942931258106 0.524720317575
0.942968243681 0.525081198123
0.943005181347 0.525442078672
0.943042071197 0.52580295922
0.943078913325 0.526163839769
0.943115707822 0.526524720318
0.94315245478 0.526885600866
0.943189154293 0.527246481415
0.943225806452 0.527607361963
0.943262411348 0.527968242512
0.943298969072 0.52832912306
0.943335479717 0.528690003609
0.943371943372 0.529050884157
0.943408360129 0.529411764706
0.943444730077 0.529772645254
0.943481053308 0.530133525803
0.94351732991 0.530494406351
0.943553559974 0.5308552869
0.94358974359 0.531216167449
0.943625880846 0.531577047997
0.943661971831 0.531937928546
0.943698016635 0.532298809094
0.943734015345 0.532659689643
0.943769968051 0.533020570191
0.94380587484 0.53338145074
0.943841735801 0.533742331288
0.94387755102 0.534103211837
0.943913320586 0.534464092385
0.943949044586 0.534824972934
0.943984723106 0.535185853482
0.944020356234 0.535546734031
0.944055944056 0.53590761458
0.944091486658 0.536268495128
0.944126984127 0.536629375677
0.944162436548 0.536990256225
0.944197844008 0.537351136774
0.944233206591 0.537712017322
0.944268524383 0.538072897871
0.944303797468 0.538433778419
0.944339025933 0.538794658968
0.944374209861 0.539155539516
0.944409349337 0.539516420065
0.943813131313 0.539516420065
0.943217665615 0.539516420065
0.94262295082 0.539516420065
0.942028985507 0.539516420065
0.941435768262 0.539516420065
0.941472624292 0.539877300613
0.941509433962 0.540238181162
0.94154619736 0.540599061711
0.941582914573 0.540959942259
0.941619585687 0.541320822808
0.94165621079 0.541681703356
0.941692789969 0.542042583905
0.941729323308 0.542403464453
0.941765810895 0.542764345002
0.941802252816 0.54312522555
0.941838649156 0.543486106099
0.941875 0.543846986647
0.941911305434 0.544207867196
0.941947565543 0.544568747744
0.941983780412 0.544929628293
0.942019950125 0.545290508842
0.942056074766 0.54565138939
0.942092154421 0.546012269939
0.942128189172 0.546373150487
0.942164179104 0.546734031036
0.942200124301 0.547094911584
0.942236024845 0.547455792133
0.942271880819 0.547816672681
0.942307692308 0.54817755323
0.942343459392 0.548538433778
0.942379182156 0.548899314327
0.942414860681 0.549260194875
0.94245049505 0.549621075424
0.942486085343 0.549981955973
0.942521631644 0.550342836521
0.942557134033 0.55070371707
0.942592592593 0.551064597618
0.942628007403 0.551425478167
0.942663378545 0.551786358715
0.9426987061 0.552147239264
0.942733990148 0.552508119812
0.942769230769 0.552869000361
0.942804428044 0.553229880909
0.942839582053 0.553590761458
0.942874692875 0.553951642006
0.942909760589 0.554312522555
0.942944785276 0.554673403104
0.942979767014 0.555034283652
0.943014705882 0.555395164201
0.94304960196 0.555756044749
0.94247246022 0.555756044749
0.941896024465 0.555756044749
0.941320293399 0.555756044749
0.941356139279 0.556116925298
0.941391941392 0.556477805846
0.941427699817 0.556838686395
0.941463414634 0.557199566943
0.941499085923 0.557560447492
0.941534713764 0.55792132804
0.941570298235 0.558282208589
0.941605839416 0.558643089137
0.941641337386 0.559003969686
0.941676792224 0.559364850235
0.941712204007 0.559725730783
0.941747572816 0.560086611332
0.941782898727 0.56044749188
0.941818181818 0.560808372429
0.941853422168 0.561169252977
0.941888619855 0.561530133526
0.941923774955 0.561891014074
0.941958887545 0.562251894623
0.941993957704 0.562612775171
0.942028985507 0.56297365572
0.942063971032 0.563334536268
0.942098914355 0.563695416817
0.942133815552 0.564056297366
0.942168674699 0.564417177914
0.942203491872 0.564778058463
0.942238267148 0.565138939011
0.942273000601 0.56549981956
0.942307692308 0.565860700108
0.942342342342 0.566221580657
0.94237695078 0.566582461205
0.942411517696 0.566943341754
0.942446043165 0.567304222302
0.942480527262 0.567665102851
0.94251497006 0.568025983399
0.942549371634 0.568386863948
0.942583732057 0.568747744497
0.942618051405 0.569108625045
0.942652329749 0.569469505594
0.942686567164 0.569830386142
0.942720763723 0.570191266691
0.942754919499 0.570552147239
0.942789034565 0.570913027788
0.942823108993 0.571273908336
0.942857142857 0.571634788885
0.942891136228 0.571995669433
0.942330558859 0.571995669433
0.941770647653 0.571995669433
0.941805225653 0.572356549982
0.941246290801 0.572356549982
0.94128113879 0.57271743053
0.941315945465 0.573078311079
0.9413507109 0.573439191628
0.941385435169 0.573800072176
0.941420118343 0.574160952725
0.941454760497 0.574521833273
0.941489361702 0.574882713822
0.941523922032 0.57524359437
0.941558441558 0.575604474919
0.941592920354 0.575965355467
0.941627358491 0.576326236016
0.94166175604 0.576687116564
0.941696113074 0.577047997113
0.941730429665 0.577408877661
0.941764705882 0.57776975821
0.941798941799 0.578130638759
0.941833137485 0.578491519307
0.941867293012 0.578852399856
0.941901408451 0.579213280404
0.941935483871 0.579574160953
0.941969519343 0.579935041501
0.942003514938 0.58029592205
0.942037470726 0.580656802598
0.942071386776 0.581017683147
0.942105263158 0.581378563695
0.942139099942 0.581739444244
0.942172897196 0.582100324792
0.942206654991 0.582461205341
0.942240373396 0.58282208589
0.942274052478 0.583182966438
0.942307692308 0.583543846987
0.942341292953 0.583904727535
0.942374854482 0.584265608084
0.942408376963 0.584626488632
0.942441860465 0.584987369181
0.942475305055 0.585348249729
0.942508710801 0.585709130278
0.942542077771 0.586070010826
0.941995359629 0.586070010826
0.942028985507 0.586430891375
0.942062572422 0.586791771923
0.94209612044 0.587152652472
0.94212962963 0.587513533021
0.942163100058 0.587874413569
0.942196531792 0.588235294118
0.942229924899 0.588596174666
0.942263279446 0.588957055215
0.942296595499 0.589317935763
0.942329873126 0.589678816312
0.942363112392 0.59003969686
0.942396313364 0.590400577409
0.942429476108 0.590761457957
0.94246260069 0.591122338506
0.942495687177 0.591483219054
0.942528735632 0.591844099603
0.942561746123 0.592204980152
0.942594718714 0.5925658607
0.942627653471 0.592926741249
0.942660550459 0.593287621797
0.942693409742 0.593648502346
0.942726231386 0.594009382894
0.942759015455 0.594370263443
0.942791762014 0.594731143991
0.942824471126 0.59509202454
0.942857142857 0.595452905088
0.94288977727 0.595813785637
0.942922374429 0.596174666185
0.942954934398 0.596535546734
0.942987457241 0.596896427283
0.94301994302 0.597257307831
0.9430523918 0.59761818838
0.943084803643 0.597979068928
0.943117178612 0.598339949477
0.943149516771 0.598700830025
0.943181818182 0.599061710574
0.943214082907 0.599422591122
0.94324631101 0.599783471671
0.943278502552 0.600144352219
0.943310657596 0.600505232768
0.943342776204 0.600866113316
0.943374858437 0.601226993865
0.943406904358 0.601587874414
0.943438914027 0.601948754962
0.943470887507 0.602309635511
0.943502824859 0.602670516059
0.943534726143 0.603031396608
0.943566591422 0.603392277156
0.943598420756 0.603753157705
0.943630214205 0.604114038253
0.943661971831 0.604474918802
0.943693693694 0.60483579935
0.943725379854 0.605196679899
0.943757030371 0.605557560447
0.943788645306 0.605918440996
0.943820224719 0.606279321545
0.943290286356 0.606279321545
0.943322109989 0.606640202093
0.943353897925 0.607001082642
0.943385650224 0.60736196319
0.943417366947 0.607722843739
0.943449048152 0.608083724287
0.9434806939 0.608444604836
0.943512304251 0.608805485384
0.943543879262 0.609166365933
0.943575418994 0.609527246481
0.943606923506 0.60988812703
0.943638392857 0.610249007578
0.943669827105 0.610609888127
0.94370122631 0.610970768676
0.943732590529 0.611331649224
0.943763919822 0.611692529773
0.943795214246 0.612053410321
0.94382647386 0.61241429087
0.943857698722 0.612775171418
0.943888888889 0.613136051967
0.94392004442 0.613496932515
0.943951165372 0.613857813064
0.943982251803 0.614218693612
0.944013303769 0.614579574161
0.94404432133 0.614940454709
0.94407530454 0.615301335258
0.944106253459 0.615662215807
0.944137168142 0.616023096355
0.944168048646 0.616383976904
0.944198895028 0.616744857452
0.944229707344 0.617105738001
0.944260485651 0.617466618549
0.944291230006 0.617827499098
0.944321940463 0.618188379646
0.94435261708 0.618549260195
0.944383259912 0.618910140743
0.944413869015 0.619271021292
0.944444444444 0.61963190184
0.944474986256 0.619992782389
0.944505494505 0.620353662938
0.943986820428 0.620353662938
0.943468715697 0.620353662938
0.942951179375 0.620353662938
0.942434210526 0.620353662938
0.942465753425 0.620714543486
0.941949616648 0.620714543486
0.941981390257 0.621075424035
0.942013129103 0.621436304583
0.942044833242 0.621797185132
0.942076502732 0.62215806568
0.94210813763 0.622518946229
0.942139737991 0.622879826777
0.942171303873 0.623240707326
0.942202835333 0.623601587874
0.942234332425 0.623962468423
0.942265795207 0.624323348971
0.942297223734 0.62468422952
0.942328618063 0.625045110069
0.942359978249 0.625405990617
0.942391304348 0.625766871166
0.942422596415 0.626127751714
0.942453854506 0.626488632263
0.942485078676 0.626849512811
0.94251626898 0.62721039336
0.942547425474 0.627571273908
0.942578548212 0.627932154457
0.94260963725 0.628293035005
0.942640692641 0.628653915554
0.94267171444 0.629014796102
0.942702702703 0.629375676651
0.942733657482 0.6297365572
0.942764578834 0.630097437748
0.942795466811 0.630458318297
0.942826321467 0.630819198845
0.942857142857 0.631180079394
0.942349137931 0.631180079394
0.941841680129 0.631180079394
0.941334768568 0.631180079394
0.941366325982 0.631540959942
0.941397849462 0.631901840491
0.941429339065 0.632262721039
0.941460794844 0.632623601588
0.941492216855 0.632984482136
0.94152360515 0.633345362685
0.941554959786 0.633706243233
0.941586280815 0.634067123782
0.941617568291 0.634428004331
0.94164882227 0.634788884879
0.941680042804 0.635149765428
0.941711229947 0.635510645976
0.941742383752 0.635871526525
0.941773504274 0.636232407073
0.941804591564 0.636593287622
0.941835645678 0.63695416817
0.941866666667 0.637315048719
0.941897654584 0.637675929267
0.941928609483 0.638036809816
0.941959531416 0.638397690364
0.941990420436 0.638758570913
0.942021276596 0.639119451462
0.942052099947 0.63948033201
0.942082890542 0.639841212559
0.942113648433 0.640202093107
0.942144373673 0.640562973656
0.942175066313 0.640923854204
0.942205726405 0.641284734753
0.942236354001 0.641645615301
0.942266949153 0.64200649585
0.942297511911 0.642367376398
0.942328042328 0.642728256947
0.942358540455 0.643089137495
0.942389006342 0.643450018044
0.942419440042 0.643810898593
0.942449841605 0.644171779141
0.942480211082 0.64453265969
0.942510548523 0.644893540238
0.94254085398 0.645254420787
0.942571127503 0.645615301335
0.942601369142 0.645976181884
0.942631578947 0.646337062432
0.94266175697 0.646697942981
0.942166140904 0.646697942981
0.942196531792 0.647058823529
0.942226890756 0.647419704078
0.942257217848 0.647780584626
0.942287513116 0.648141465175
0.942317776612 0.648502345724
0.942348008386 0.648863226272
0.942378208486 0.649224106821
0.942408376963 0.649584987369
0.942438513867 0.649945867918
0.942468619247 0.650306748466
0.942498693152 0.650667629015
0.942528735632 0.651028509563
0.942558746736 0.651389390112
0.942588726514 0.65175027066
0.942618675013 0.652111151209
0.942648592284 0.652472031757
0.942678478374 0.652832912306
0.942708333333 0.653193792855
0.94273815721 0.653554673403
0.942767950052 0.653915553952
0.942797711908 0.6542764345
0.942827442827 0.654637315049
0.942857142857 0.654998195597
0.942886812046 0.655359076146
0.942916450441 0.655719956694
0.942946058091 0.656080837243
0.942975635044 0.656441717791
0.943005181347 0.65680259834
0.943034697048 0.657163478888
0.943064182195 0.657524359437
0.943093636834 0.657885239986
0.943123061013 0.658246120534
0.94315245478 0.658607001083
0.943181818182 0.658967881631
0.943211151265 0.65932876218
0.943240454076 0.659689642728
0.943269726663 0.660050523277
0.943298969072 0.660411403825
0.94332818135 0.660772284374
0.943357363543 0.661133164922
0.943386515697 0.661494045471
0.94341563786 0.661854926019
0.943444730077 0.662215806568
0.943473792395 0.662576687117
0.943502824859 0.662937567665
0.943531827515 0.663298448214
0.94356080041 0.663659328762
0.94358974359 0.664020209311
0.943618657099 0.664381089859
0.943647540984 0.664741970408
0.943676395289 0.665102850956
0.943705220061 0.665463731505
0.943734015345 0.665824612053
0.943762781186 0.666185492602
0.943280531426 0.666185492602
0.942798774259 0.666185492602
0.942317508933 0.666185492602
0.941836734694 0.666185492602
0.94135645079 0.666185492602
0.941386340469 0.66654637315
0.941416199694 0.666907253699
0.941446028513 0.667268134248
0.941475826972 0.667629014796
0.941505595117 0.667989895345
0.941535332994 0.668350775893
0.94156504065 0.668711656442
0.941594718131 0.66907253699
0.941624365482 0.669433417539
0.94165398275 0.669794298087
0.94168356998 0.670155178636
0.941713127217 0.670516059184
0.941742654509 0.670876939733
0.941772151899 0.671237820281
0.941801619433 0.67159870083
0.941831057157 0.671959581379
0.941354903943 0.671959581379
0.940879231935 0.671959581379
0.940404040404 0.671959581379
0.939929328622 0.671959581379
0.939959636731 0.672320461927
0.939989914271 0.672681342476
0.94002016129 0.673042223024
0.940050377834 0.673403103573
0.940080563948 0.673763984121
0.940110719678 0.67412486467
0.94014084507 0.674485745218
0.940170940171 0.674846625767
0.940201005025 0.675207506315
0.940231039679 0.675568386864
0.940261044177 0.675929267412
0.940291018565 0.676290147961
0.940320962889 0.67665102851
0.940350877193 0.677011909058
0.940380761523 0.677372789607
0.940410615924 0.677733670155
0.94044044044 0.678094550704
0.940470235118 0.678455431252
0.9405 0.678816311801
0.940529735132 0.679177192349
0.94005994006 0.679177192349
0.940089865202 0.679538072898
0.940119760479 0.679898953446
0.940149625935 0.680259833995
0.940179461615 0.680620714543
0.940209267564 0.680981595092
0.940239043825 0.681342475641
0.940268790443 0.681703356189
0.940298507463 0.682064236738
0.940328194928 0.682425117286
0.940357852883 0.682785997835
0.940387481371 0.683146878383
0.940417080437 0.683507758932
0.940446650124 0.68386863948
0.940476190476 0.684229520029
0.940505701537 0.684590400577
0.94053518335 0.684951281126
0.940564635958 0.685312161674
0.940594059406 0.685673042223
0.940623453736 0.686033922772
0.940652818991 0.68639480332
0.940682155215 0.686755683869
0.940711462451 0.687116564417
0.940740740741 0.687477444966
0.940769990128 0.687838325514
0.940799210656 0.688199206063
0.940828402367 0.688560086611
0.940857565303 0.68892096716
0.940886699507 0.689281847708
0.940423436731 0.689281847708
0.939960629921 0.689281847708
0.939498278406 0.689281847708
0.939528023599 0.689642728257
0.939557739558 0.690003608805
0.939587426326 0.690364489354
0.939617083947 0.690725369903
0.939646712463 0.691086250451
0.939676311918 0.691447131
0.939705882353 0.691808011548
0.939735423812 0.692168892097
0.939764936337 0.692529772645
0.939794419971 0.692890653194
0.939823874755 0.693251533742
0.939853300733 0.693612414291
0.939882697947 0.693973294839
0.939912066439 0.694334175388
0.939453125 0.694334175388
0.939482674475 0.694695055936
0.939512195122 0.695055936485
0.939541686982 0.695416817034
0.939571150097 0.695777697582
0.93960058451 0.696138578131
0.939629990263 0.696499458679
0.939659367397 0.696860339228
0.939688715953 0.697221219776
0.939231891104 0.697221219776
0.938775510204 0.697221219776
0.938319572608 0.697221219776
0.938349514563 0.697582100325
0.938379427462 0.697942980873
0.938409311348 0.698303861422
0.938439166263 0.69866474197
0.938468992248 0.699025622519
0.938498789346 0.699386503067
0.938528557599 0.699747383616
0.938558297049 0.700108264165
0.938588007737 0.700469144713
0.938617689705 0.700830025262
0.938647342995 0.70119090581
0.938194109126 0.70119090581
0.937741312741 0.70119090581
0.937771345876 0.701551786359
0.937801350048 0.701912666907
0.937831325301 0.702273547456
0.937861271676 0.702634428004
0.937891189215 0.702995308553
0.93792107796 0.703356189101
0.93746993747 0.703356189101
0.937019230769 0.703356189101
0.937049495435 0.70371706965
0.937079731028 0.704077950198
0.93710993759 0.704438830747
0.937140115163 0.704799711296
0.937170263789 0.705160591844
0.937200383509 0.705521472393
0.937230474365 0.705882352941
0.936781609195 0.705882352941
0.936333173767 0.705882352941
0.936363636364 0.70624323349
0.936394069823 0.706604114038
0.936424474187 0.706964994587
0.936454849498 0.707325875135
0.936485195798 0.707686755684
0.936515513126 0.708047636232
0.936545801527 0.708408516781
0.93657606104 0.708769397329
0.936129647283 0.708769397329
0.936160076227 0.709130277878
0.93619047619 0.709491158427
0.936220847216 0.709852038975
0.936251189343 0.710212919524
0.936281502615 0.710573800072
0.936311787072 0.710934680621
0.936342042755 0.711295561169
0.936372269706 0.711656441718
0.936402467964 0.712017322266
0.936432637571 0.712378202815
0.936462778568 0.712739083363
0.936492890995 0.713099963912
0.936522974893 0.71346084446
0.936553030303 0.713821725009
0.936583057265 0.714182605558
0.936613055818 0.714543486106
0.936643026005 0.714904366655
0.936672967864 0.715265247203
0.936702881436 0.715626127752
0.936260623229 0.715626127752
0.936290703162 0.7159870083
0.936320754717 0.716347888849
0.936350777935 0.716708769397
0.936380772856 0.717069649946
0.93641073952 0.717430530494
0.936440677966 0.717791411043
0.936470588235 0.718152291591
0.936500470367 0.71851317214
0.936530324401 0.718874052689
0.936560150376 0.719234933237
0.936589948333 0.719595813786
0.93661971831 0.719956694334
0.936649460347 0.720317574883
0.936679174484 0.720678455431
0.936708860759 0.72103933598
0.936738519213 0.721400216528
0.936768149883 0.721761097077
0.936797752809 0.722121977625
0.93682732803 0.722482858174
0.936856875585 0.722843738722
0.936418887331 0.722843738722
0.935981308411 0.722843738722
0.935544138253 0.722843738722
0.935107376284 0.722843738722
0.934671021932 0.722843738722
0.934701492537 0.723204619271
0.934731934732 0.72356549982
0.934762348555 0.723926380368
0.934792734048 0.724287260917
0.934823091248 0.724648141465
0.934853420195 0.725009022014
0.93488372093 0.725369902562
0.934913993491 0.725730783111
0.934944237918 0.726091663659
0.93497445425 0.726452544208
0.935004642526 0.726813424756
0.935034802784 0.727174305305
0.935064935065 0.727535185853
0.935095039407 0.727896066402
0.935125115848 0.728256946951
0.935155164428 0.728617827499
0.935185185185 0.728978708048
0.935215178158 0.729339588596
0.934782608696 0.729339588596
0.934812760055 0.729700469145
0.934842883549 0.730061349693
0.934872979215 0.730422230242
0.934903047091 0.73078311079
0.934933087217 0.731143991339
0.934501845018 0.731143991339
0.934071000461 0.731143991339
0.934101382488 0.731504871887
0.934131736527 0.731865752436
0.934162062615 0.732226632984
0.934192360792 0.732587513533
0.934222631095 0.732948394082
0.934252873563 0.73330927463
0.933823529412 0.73330927463
0.933853927423 0.733670155179
0.933884297521 0.734031035727
0.933914639743 0.734391916276
0.933944954128 0.734752796824
0.933516735442 0.734752796824
0.9335472044 0.735113677373
0.933577645442 0.735474557921
0.933608058608 0.73583543847
0.933638443936 0.736196319018
0.933668801464 0.736557199567
0.93369913123 0.736918080115
0.933729433272 0.737278960664
0.933302878026 0.737278960664
0.933333333333 0.737639841213
0.93336376084 0.738000721761
0.932937956204 0.738000721761
0.932968536252 0.73836160231
0.932999088423 0.738722482858
0.933029612756 0.739083363407
0.93306010929 0.739444243955
0.933090578061 0.739805124504
0.933121019108 0.740166005052
0.933151432469 0.740526885601
0.933181818182 0.740887766149
0.933212176284 0.741248646698
0.933242506812 0.741609527246
0.932818883341 0.741609527246
0.932849364791 0.741970407795
0.932879818594 0.742331288344
0.932910244787 0.742692168892
0.932940643407 0.743053049441
0.932971014493 0.743413929989
0.933001358081 0.743774810538
0.933031674208 0.744135691086
0.933061962913 0.744496571635
0.932640144665 0.744496571635
0.932218707637 0.744496571635
0.93179765131 0.744496571635
0.931828442438 0.744857452183
0.931859205776 0.745218332732
0.931889941362 0.74557921328
0.931920649234 0.745940093829
0.93150067598 0.745940093829
0.931081081081 0.745940093829
0.931112111661 0.746300974377
0.931143114311 0.746661854926
0.930724246514 0.746661854926
0.930305755396 0.746661854926
0.930337078652 0.747022735475
0.930368373765 0.747383616023
0.929950606197 0.747383616023
0.929533213645 0.747383616023
0.929116195603 0.747383616023
0.929147982063 0.747744496572
0.929179740027 0.74810537712
0.929211469534 0.748466257669
0.929243170622 0.748827138217
0.928827215756 0.748827138217
0.92841163311 0.748827138217
0.927996422182 0.748827138217
0.928028609745 0.749188018766
0.927613941019 0.749188018766
0.927646270657 0.749548899314
0.927678571429 0.749909779863
0.927710843373 0.750270660411
0.92774308653 0.75063154096
0.927775300936 0.750992421508
0.927807486631 0.751353302057
0.927839643653 0.751714182606
0.927871772039 0.752075063154
0.927458834001 0.752075063154
0.927491103203 0.752435943703
0.927523343708 0.752796824251
0.927555555556 0.7531577048
0.927587738783 0.753518585348
0.927619893428 0.753879465897
0.92765201953 0.754240346445
0.927684117125 0.754601226994
0.927272727273 0.754601226994
0.927304964539 0.754962107542
0.927337173239 0.755322988091
0.92736935341 0.755683868639
0.927401505091 0.756044749188
0.927433628319 0.756405629737
0.927465723131 0.756766510285
0.927497789567 0.757127390834
0.927529827662 0.757488271382
0.927561837456 0.757849151931
0.927152317881 0.757849151931
0.926743159753 0.757849151931
0.926775474195 0.758210032479
0.926807760141 0.758570913028
0.926399294844 0.758570913028
0.925991189427 0.758570913028
0.925583443417 0.758570913028
0.925176056338 0.758570913028
0.925208974923 0.758931793576
0.925241864556 0.759292674125
0.925274725275 0.759653554673
0.925307557118 0.760014435222
0.925340360123 0.76037531577
0.925373134328 0.760736196319
0.925405879772 0.761097076868
0.925438596491 0.761457957416
0.925471284524 0.761818837965
0.925065731814 0.761818837965
0.924660534385 0.761818837965
0.92469352014 0.762179718513
0.924726477024 0.762540599062
0.924759405074 0.76290147961
0.924792304329 0.763262360159
0.924825174825 0.763623240707
0.924858016601 0.763984121256
0.924454148472 0.763984121256
0.924050632911 0.763984121256
0.924083769634 0.764345001804
0.924116877453 0.764705882353
0.924149956408 0.765066762901
0.924183006536 0.76542764345
0.924216027875 0.765788523999
0.924249020461 0.766149404547
0.924281984334 0.766510285096
0.923879947803 0.766510285096
0.923913043478 0.766871165644
0.923946110387 0.767232046193
0.923544743701 0.767232046193
0.923577941815 0.767592926741
0.923177083333 0.767592926741
0.923210412148 0.76795380729
0.923243712056 0.768314687838
0.922843519723 0.768314687838
0.922443674177 0.768314687838
0.922477262884 0.768675568387
0.922077922078 0.768675568387
0.921678926871 0.768675568387
0.921712802768 0.769036448935
0.921746649373 0.769397329484
0.921780466724 0.769758210032
0.92181425486 0.770119090581
0.921848013817 0.77047997113
0.921881743634 0.770840851678
0.921915444349 0.771201732227
0.921949115998 0.771562612775
0.921551724138 0.771562612775
0.921585523481 0.771923493324
0.921619293712 0.772284373872
0.921222557038 0.772284373872
0.921256454389 0.772645254421
0.920860215054 0.772645254421
0.920894239037 0.773006134969
0.920928233777 0.773367015518
0.920532646048 0.773367015518
0.920566766853 0.773727896066
0.92017167382 0.773727896066
0.919776919777 0.773727896066
0.919811320755 0.774088776615
0.919845692242 0.774449657163
0.919451585261 0.774449657163
0.919057815846 0.774449657163
0.919092465753 0.774810537712
0.919127086008 0.775171418261
0.919161676647 0.775532298809
0.919196237708 0.775893179358
0.919230769231 0.776254059906
0.919265271252 0.776614940455
0.919299743809 0.776975821003
0.91933418694 0.777336701552
0.918941979522 0.777336701552
0.91855010661 0.777336701552
0.918158567775 0.777336701552
0.918193438432 0.7776975821
0.918228279387 0.778058462649
0.917837377607 0.778058462649
0.917872340426 0.778419343197
0.917907273501 0.778780223746
0.917942176871 0.779141104294
0.917977050574 0.779501984843
0.918011894647 0.779862865392
0.91804670913 0.78022374594
0.918081494058 0.780584626489
0.91811624947 0.780945507037
0.918150975403 0.781306387586
0.918185671895 0.781667268134
0.918220338983 0.782028148683
0.918254976705 0.782389029231
0.918289585097 0.78274990978
0.918324164198 0.783110790328
0.918358714044 0.783471670877
0.917970401691 0.783471670877
0.918005071851 0.783832551425
0.918039712717 0.784193431974
0.918074324324 0.784554312523
0.918108906712 0.784915193071
0.917721518987 0.784915193071
0.917756221004 0.78527607362
0.9173693086 0.78527607362
0.916982722292 0.78527607362
0.916596461668 0.78527607362
0.916210526316 0.78527607362
0.916245791246 0.785636954168
0.915860328145 0.785636954168
0.915895710681 0.785997834717
0.915510718789 0.785997834717
0.915546218487 0.786358715265
0.915581688366 0.786719595814
0.915617128463 0.787080476362
0.915652538817 0.787441356911
0.915268456376 0.787441356911
0.915303983229 0.787802237459
0.915339480302 0.788163118008
0.915374947633 0.788523998556
0.91541038526 0.788884879105
0.915027208037 0.788884879105
0.914644351464 0.788884879105
0.91426181514 0.788884879105
0.914297658863 0.789245759654
0.914333472628 0.789606640202
0.91395154553 0.789606640202
0.91356993737 0.789606640202
0.913606010017 0.789967520751
0.913224864414 0.789967520751
0.913261050876 0.790328401299
0.91329720717 0.790689281848
0.913333333333 0.791050162396
0.913369429404 0.791411042945
0.91340549542 0.791771923493
0.913025384935 0.791771923493
0.912645590682 0.791771923493
0.912681912682 0.792132804042
0.912718204489 0.79249368459
0.91275446614 0.792854565139
0.912375415282 0.792854565139
0.912411789124 0.793215445687
0.91244813278 0.793576326236
0.912484446288 0.793937206785
0.912520729685 0.794298087333
0.912142561127 0.794298087333
0.911764705882 0.794298087333
0.911387163561 0.794298087333
0.91142384106 0.794658967882
0.911046752172 0.794658967882
0.910669975186 0.794658967882
0.910706903679 0.79501984843
0.910743801653 0.795380728979
0.910367616687 0.795380728979
0.909991742362 0.795380728979
0.909616178291 0.795380728979
0.909653465347 0.795741609527
0.909690721649 0.796102490076
0.909727947238 0.796463370624
0.909765142151 0.796824251173
0.909802306425 0.797185131721
0.909427748044 0.797185131721
0.909465020576 0.79754601227
0.909502262443 0.797906892818
0.909128289474 0.797906892818
0.909165639129 0.798267773367
0.909202958094 0.798628653916
0.909240246407 0.798989534464
0.908866995074 0.798989534464
0.908904390644 0.799350415013
0.908941755537 0.799711295561
0.908569085691 0.799711295561
0.908196721311 0.799711295561
0.908234330193 0.80007217611
0.908271908272 0.800433056658
0.9079001228 0.800433056658
0.907937806874 0.800793937207
0.907975460123 0.801154817755
0.90760425184 0.801154817755
0.907642010625 0.801515698304
0.90727124183 0.801515698304
0.906900775827 0.801515698304
0.90693877551 0.801876578852
0.906976744186 0.802237459401
0.90660685155 0.802237459401
0.906644924582 0.802598339949
0.906682966585 0.802959220498
0.906720977597 0.803320101047
0.906351791531 0.803320101047
0.905982905983 0.803320101047
0.906021155411 0.803680981595
0.906059373729 0.804041862144
0.905691056911 0.804041862144
0.905729378302 0.804402742692
0.90536149472 0.804402742692
0.905399918798 0.804763623241
0.905032467532 0.804763623241
0.905070993915 0.805124503789
0.905109489051 0.805485384338
0.905147952979 0.805846264886
0.904781199352 0.805846264886
0.904414742811 0.805846264886
0.904048582996 0.805846264886
0.904087414002 0.806207145435
0.904126213592 0.806568025983
0.904164981803 0.806928906532
0.903799514956 0.806928906532
0.903838383838 0.80728978708
0.903877221325 0.807650667629
0.903512313282 0.807650667629
0.903551251009 0.808011548178
0.903590157322 0.808372428726
0.903225806452 0.808372428726
0.903264812576 0.808733309275
0.902900886382 0.808733309275
0.902939991945 0.809094189823
0.902576489533 0.809094189823
0.902615694165 0.809455070372
0.902252614642 0.809455070372
0.901889827101 0.809455070372
0.90192926045 0.80981595092
0.901968662113 0.810176831469
0.901606425703 0.810176831469
0.901244480128 0.810176831469
0.90088282504 0.810176831469
0.900922583233 0.810537712017
0.900962309543 0.810898592566
0.900601202405 0.810898592566
0.900641025641 0.811259473114
0.90068081698 0.811620353663
0.900320256205 0.811620353663
0.900360144058 0.811981234211
0.9004 0.81234211476
0.90043982407 0.812702995309
0.900479616307 0.813063875857
0.900519376748 0.813424756406
0.900159744409 0.813424756406
0.900199600798 0.813785636954
0.900239425379 0.814146517503
0.900279218189 0.814507398051
0.900318979266 0.8148682786
0.900358708649 0.815229159148
0.9 0.815229159148
0.899641577061 0.815229159148
0.899681528662 0.815590039697
0.899721448468 0.815950920245
0.899761336516 0.816311800794
0.899801192843 0.816672681342
0.899841017488 0.817033561891
0.899483512118 0.817033561891
0.899523431295 0.81739444244
0.899563318777 0.817755322988
0.899206349206 0.817755322988
0.898849662832 0.817755322988
0.898493259318 0.817755322988
0.898533491875 0.818116203537
0.898573692552 0.818477084085
0.898613861386 0.818837964634
0.898258115598 0.818837964634
0.897902651365 0.818837964634
0.897943037975 0.819198845182
0.897983392645 0.819559725731
0.897628458498 0.819559725731
0.89727380482 0.819559725731
0.897314375987 0.819920606279
0.89735491512 0.820281486828
0.897395422257 0.820642367376
0.897435897436 0.821003247925
0.897082018927 0.821003247925
0.897122585731 0.821364128473
0.897163120567 0.821725009022
0.897203623474 0.822085889571
0.897244094488 0.822446770119
0.897284533648 0.822807650668
0.896931549961 0.822807650668
0.89697208022 0.823168531216
0.897012578616 0.823529411765
0.896660117878 0.823529411765
0.896700706991 0.823890292313
0.896348645465 0.823890292313
0.896389324961 0.824251172862
0.896037661828 0.824251172862
0.89568627451 0.824251172862
0.895335162681 0.824251172862
0.895376175549 0.82461205341
0.895025460243 0.82461205341
0.895066562255 0.824972933959
0.895107632094 0.825333814507
0.895148669797 0.825694695056
0.8947985921 0.825694695056
0.89483971853 0.826055575604
0.89449003517 0.826055575604
0.89453125 0.826416456153
0.894181960172 0.826416456153
0.894223263076 0.826777336702
0.893874365977 0.826777336702
0.89391575663 0.82713821725
0.893567251462 0.82713821725
0.89360872954 0.827499097799
0.893260615504 0.827499097799
0.892912772586 0.827499097799
0.892565200467 0.827499097799
0.892607003891 0.827859978347
0.892648774796 0.828220858896
0.892690513219 0.828581739444
0.89234356782 0.828581739444
0.891996891997 0.828581739444
0.891650485437 0.828581739444
0.891692546584 0.828942619993
0.891734575087 0.829303500541
0.891776570985 0.82966438109
0.891818534316 0.830025261638
0.891472868217 0.830025261638
0.891514916699 0.830386142187
0.89155693261 0.830747022735
0.891211769261 0.830747022735
0.891253869969 0.831107903284
0.890909090909 0.831107903284
0.8905645785 0.831107903284
0.890220332431 0.831107903284
0.889876352396 0.831107903284
0.889532638084 0.831107903284
0.889575289575 0.831468783833
0.889617908144 0.831829664381
0.889274691358 0.831829664381
0.888931739298 0.831829664381
0.888974556669 0.83219054493
0.888631984586 0.83219054493
0.888289676425 0.83219054493
0.887947631883 0.83219054493
0.887605850654 0.83219054493
0.887264332436 0.83219054493
0.886923076923 0.83219054493
0.886966551326 0.832551425478
0.887009992314 0.832912306027
0.886669227814 0.832912306027
0.886712749616 0.833273186575
0.886756238004 0.833634067124
0.886799693016 0.833994947672
0.886843114691 0.834355828221
0.886886503067 0.834716708769
0.886546569567 0.834716708769
0.886590038314 0.835077589318
0.886250478744 0.835077589318
0.886294027565 0.835438469866
0.886337543054 0.835799350415
0.885998469778 0.835799350415
0.885659655832 0.835799350415
0.885321100917 0.835799350415
0.885364921666 0.836160230964
0.885026737968 0.836160230964
0.884688812524 0.836160230964
0.884351145038 0.836160230964
0.884013735216 0.836160230964
0.884057971014 0.836521111512
0.883720930233 0.836521111512
0.883384146341 0.836521111512
0.883047619048 0.836521111512
0.882711348058 0.836521111512
0.882755995432 0.836881992061
0.882420091324 0.836881992061
0.882084442754 0.836881992061
0.88174904943 0.836881992061
0.88141391106 0.836881992061
0.881458966565 0.837242872609
0.881124192936 0.837242872609
0.881169324222 0.837603753158
0.880834914611 0.837603753158
0.880500758725 0.837603753158
0.880166856276 0.837603753158
0.880212282032 0.837964633706
0.879878741948 0.837964633706
0.879545454545 0.837964633706
0.879212419538 0.837964633706
0.878879636639 0.837964633706
0.878925463488 0.838325514255
0.878593040847 0.838325514255
0.878638941399 0.838686394803
0.878306878307 0.838686394803
0.877975066113 0.838686394803
0.877643504532 0.838686394803
0.87731219328 0.838686394803
0.876981132075 0.838686394803
0.877027536779 0.839047275352
0.877073906486 0.8394081559
0.876743309461 0.8394081559
0.876789751319 0.839769036449
0.876459510358 0.839769036449
0.876506024096 0.840129916997
0.876552502823 0.840490797546
0.876222723853 0.840490797546
0.876269274163 0.840851678095
0.875939849624 0.840851678095
0.875986471251 0.841212558643
0.875657400451 0.841212558643
0.875328576793 0.841212558643
0.875 0.841212558643
0.874671669794 0.841212558643
0.874343585896 0.841212558643
0.874390701162 0.841573439192
0.874062968516 0.841573439192
0.873735481454 0.841573439192
0.8734082397 0.841573439192
0.873455634594 0.84193431974
0.873502994012 0.842295200289
0.87317620651 0.842295200289
0.872849663426 0.842295200289
0.872523364486 0.842295200289
0.872197309417 0.842295200289
0.87224505043 0.842656080837
0.872292755788 0.843016961386
0.871967151922 0.843016961386
0.872014925373 0.843377841934
0.871689668034 0.843377841934
0.871364653244 0.843377841934
0.871039880731 0.843377841934
0.870715350224 0.843377841934
0.870391061453 0.843377841934
0.870439314966 0.843738722483
0.870487532564 0.844099603031
0.870163690476 0.844099603031
0.869840089253 0.844099603031
0.869516728625 0.844099603031
0.869565217391 0.84446048358
0.869242199108 0.84446048358
0.86891942072 0.84446048358
0.86859688196 0.84446048358
0.86827458256 0.84446048358
0.867952522255 0.84446048358
0.867630700779 0.84446048358
0.867679762787 0.844821364128
0.867358280845 0.844821364128
0.867037037037 0.844821364128
0.8667160311 0.844821364128
0.866765358993 0.845182244677
0.866444691084 0.845182244677
0.866124260355 0.845182244677
0.866173752311 0.845543125226
0.865853658537 0.845543125226
0.86590321389 0.845904005774
0.865583456425 0.845904005774
0.865633074935 0.846264886323
0.865682656827 0.846625766871
0.865363334563 0.846625766871
0.865412979351 0.84698664742
0.865093991891 0.84698664742
0.864775239499 0.84698664742
0.864825046041 0.847347527968
0.864874815906 0.847708408517
0.864556496135 0.847708408517
0.864606328182 0.848069289065
0.864288341302 0.848069289065
0.864338235294 0.848430169614
0.864020580669 0.848430169614
0.86407053637 0.848791050162
0.863753213368 0.848791050162
0.863436123348 0.848791050162
0.863486238532 0.849151930711
0.86316947909 0.849151930711
0.862852951962 0.849151930711
0.862536656891 0.849151930711
0.862587028215 0.849512811259
0.862637362637 0.849873691808
0.862321493958 0.849873691808
0.862371888726 0.850234572357
0.862422246615 0.850595452905
0.862106803219 0.850595452905
0.861791590494 0.850595452905
0.861476608187 0.850595452905
0.861161856047 0.850595452905
0.861212563915 0.850956333454
0.861263234757 0.851317214002
0.861313868613 0.851678094551
0.861364465524 0.852038975099
0.861415025529 0.852399855648
0.861100984324 0.852399855648
0.860787172012 0.852399855648
0.860473588342 0.852399855648
0.860160233066 0.852399855648
0.859847105934 0.852399855648
0.859534206696 0.852399855648
0.859221535104 0.852399855648
0.859272727273 0.852760736196
0.858960378044 0.852760736196
0.859011627907 0.853121616745
0.858699600436 0.853121616745
0.858750907771 0.853482497293
0.858439201452 0.853482497293
0.858127721335 0.853482497293
0.857816467174 0.853482497293
0.857868020305 0.853843377842
0.857919536064 0.85420425839
0.857971014493 0.854565138939
0.858022455632 0.854926019488
0.857711803041 0.854926019488
0.857401375317 0.854926019488
0.857452966715 0.855286900036
0.857504520796 0.855647780585
0.8571945047 0.855647780585
0.856884712685 0.855647780585
0.856936416185 0.856008661133
0.856626941134 0.856008661133
0.856317689531 0.856008661133
0.856008661133 0.856008661133
0.8556998557 0.856008661133
0.85539127299 0.856008661133
0.855082912761 0.856008661133
