1.0 0.000360880548538
1.0 0.000721761097077
1.0 0.00108264164562
1.0 0.00144352219415
1.0 0.00180440274269
1.0 0.00216528329123
1.0 0.00252616383977
1.0 0.00288704438831
1.0 0.00324792493685
1.0 0.00360880548538
1.0 0.00396968603392
1.0 0.00433056658246
1.0 0.004691447131
1.0 0.00505232767954
1.0 0.00541320822808
1.0 0.00577408877661
1.0 0.00613496932515
1.0 0.00649584987369
1.0 0.00685673042223
1.0 0.00721761097077
1.0 0.00757849151931
1.0 0.00793937206785
1.0 0.00830025261638
1.0 0.00866113316492
1.0 0.00902201371346
1.0 0.009382894262
1.0 0.00974377481054
1.0 0.0101046553591
1.0 0.0104655359076
1.0 0.0108264164562
1.0 0.0111872970047
1.0 0.0115481775532
1.0 0.0119090581018
1.0 0.0122699386503
1.0 0.0126308191988
1.0 0.0129916997474
1.0 0.0133525802959
1.0 0.0137134608445
1.0 0.014074341393
0.975 0.014074341393
0.975609756098 0.0144352219415
0.97619047619 0.0147961024901
0.976744186047 0.0151569830386
0.977272727273 0.0155178635872
0.977777777778 0.0158787441357
0.978260869565 0.0162396246842
0.978723404255 0.0166005052328
0.979166666667 0.0169613857813
0.979591836735 0.0173222663298
0.98 0.0176831468784
0.980392156863 0.0180440274269
0.980769230769 0.0184049079755
0.981132075472 0.018765788524
0.981481481481 0.0191266690725
0.981818181818 0.0194875496211
0.982142857143 0.0198484301696
0.982456140351 0.0202093107182
0.98275862069 0.0205701912667
0.983050847458 0.0209310718152
0.983333333333 0.0212919523638
0.983606557377 0.0216528329123
0.983870967742 0.0220137134608
0.984126984127 0.0223745940094
0.984375 0.0227354745579
0.984615384615 0.0230963551065
0.984848484848 0.023457235655
0.985074626866 0.0238181162035
0.985294117647 0.0241789967521
0.985507246377 0.0245398773006
0.985714285714 0.0249007578492
0.971830985915 0.0249007578492
0.958333333333 0.0249007578492
0.945205479452 0.0249007578492
0.932432432432 0.0249007578492
0.933333333333 0.0252616383977
0.934210526316 0.0256225189462
0.935064935065 0.0259833994948
0.935897435897 0.0263442800433
0.936708860759 0.0267051605918
0.9375 0.0270660411404
0.938271604938 0.0274269216889
0.939024390244 0.0277878022375
0.939759036145 0.028148682786
0.940476190476 0.0285095633345
0.941176470588 0.0288704438831
0.941860465116 0.0292313244316
0.942528735632 0.0295922049802
0.943181818182 0.0299530855287
0.943820224719 0.0303139660772
0.944444444444 0.0306748466258
0.945054945055 0.0310357271743
0.945652173913 0.0313966077228
0.94623655914 0.0317574882714
0.946808510638 0.0321183688199
0.947368421053 0.0324792493685
0.947916666667 0.032840129917
0.948453608247 0.0332010104655
0.948979591837 0.0335618910141
0.949494949495 0.0339227715626
0.95 0.0342836521112
0.950495049505 0.0346445326597
0.950980392157 0.0350054132082
0.95145631068 0.0353662937568
0.951923076923 0.0357271743053
0.952380952381 0.0360880548538
0.952830188679 0.0364489354024
0.953271028037 0.0368098159509
0.953703703704 0.0371706964995
0.954128440367 0.037531577048
0.954545454545 0.0378924575965
0.954954954955 0.0382533381451
0.955357142857 0.0386142186936
0.955752212389 0.0389750992422
0.947368421053 0.0389750992422
0.939130434783 0.0389750992422
0.931034482759 0.0389750992422
0.923076923077 0.0389750992422
0.915254237288 0.0389750992422
0.90756302521 0.0389750992422
0.9 0.0389750992422
0.900826446281 0.0393359797907
0.893442622951 0.0393359797907
0.894308943089 0.0396968603392
0.895161290323 0.0400577408878
0.896 0.0404186214363
0.896825396825 0.0407795019848
0.897637795276 0.0411403825334
0.8984375 0.0415012630819
0.899224806202 0.0418621436305
0.9 0.042223024179
0.900763358779 0.0425839047275
0.901515151515 0.0429447852761
0.902255639098 0.0433056658246
0.902985074627 0.0436665463732
0.903703703704 0.0440274269217
0.904411764706 0.0443883074702
0.905109489051 0.0447491880188
0.905797101449 0.0451100685673
0.906474820144 0.0454709491158
0.907142857143 0.0458318296644
0.90780141844 0.0461927102129
0.908450704225 0.0465535907615
0.909090909091 0.04691447131
0.909722222222 0.0472753518585
0.910344827586 0.0476362324071
0.91095890411 0.0479971129556
0.91156462585 0.0483579935042
0.912162162162 0.0487188740527
0.912751677852 0.0490797546012
0.913333333333 0.0494406351498
0.913907284768 0.0498015156983
0.914473684211 0.0501623962468
0.915032679739 0.0505232767954
0.915584415584 0.0508841573439
0.916129032258 0.0512450378925
0.916666666667 0.051605918441
0.910828025478 0.051605918441
0.905063291139 0.051605918441
0.899371069182 0.051605918441
0.89375 0.051605918441
0.894409937888 0.0519667989895
0.895061728395 0.0523276795381
0.895705521472 0.0526885600866
0.896341463415 0.0530494406351
0.89696969697 0.0534103211837
0.897590361446 0.0537712017322
0.898203592814 0.0541320822808
0.89880952381 0.0544929628293
0.899408284024 0.0548538433778
0.9 0.0552147239264
0.900584795322 0.0555756044749
0.901162790698 0.0559364850235
0.901734104046 0.056297365572
0.902298850575 0.0566582461205
0.902857142857 0.0570191266691
0.903409090909 0.0573800072176
0.90395480226 0.0577408877661
0.904494382022 0.0581017683147
0.905027932961 0.0584626488632
0.905555555556 0.0588235294118
0.906077348066 0.0591844099603
0.906593406593 0.0595452905088
0.907103825137 0.0599061710574
0.907608695652 0.0602670516059
0.908108108108 0.0606279321545
0.908602150538 0.060988812703
0.909090909091 0.0613496932515
0.909574468085 0.0617105738001
0.910052910053 0.0620714543486
0.910526315789 0.0624323348971
0.910994764398 0.0627932154457
0.911458333333 0.0631540959942
0.911917098446 0.0635149765428
0.912371134021 0.0638758570913
0.912820512821 0.0642367376398
0.913265306122 0.0645976181884
0.913705583756 0.0649584987369
0.914141414141 0.0653193792855
0.914572864322 0.065680259834
0.91 0.065680259834
0.905472636816 0.065680259834
0.90099009901 0.065680259834
0.896551724138 0.065680259834
0.892156862745 0.065680259834
0.892682926829 0.0660411403825
0.893203883495 0.0664020209311
0.893719806763 0.0667629014796
0.894230769231 0.0671237820281
0.894736842105 0.0674846625767
0.895238095238 0.0678455431252
0.895734597156 0.0682064236738
0.896226415094 0.0685673042223
0.896713615023 0.0689281847708
0.897196261682 0.0692890653194
0.897674418605 0.0696499458679
0.898148148148 0.0700108264165
0.898617511521 0.070371706965
0.899082568807 0.0707325875135
0.899543378995 0.0710934680621
0.9 0.0714543486106
0.900452488688 0.0718152291591
0.900900900901 0.0721761097077
0.90134529148 0.0725369902562
0.901785714286 0.0728978708048
0.902222222222 0.0732587513533
0.902654867257 0.0736196319018
0.903083700441 0.0739805124504
0.90350877193 0.0743413929989
0.903930131004 0.0747022735475
0.904347826087 0.075063154096
0.904761904762 0.0754240346445
0.905172413793 0.0757849151931
0.905579399142 0.0761457957416
0.905982905983 0.0765066762901
0.906382978723 0.0768675568387
0.906779661017 0.0772284373872
0.907172995781 0.0775893179358
0.90756302521 0.0779501984843
0.907949790795 0.0783110790328
0.908333333333 0.0786719595814
0.908713692946 0.0790328401299
0.909090909091 0.0793937206785
0.909465020576 0.079754601227
0.909836065574 0.0801154817755
0.910204081633 0.0804763623241
0.910569105691 0.0808372428726
0.906882591093 0.0808372428726
0.903225806452 0.0808372428726
0.899598393574 0.0808372428726
0.896 0.0808372428726
0.892430278884 0.0808372428726
0.892857142857 0.0811981234211
0.893280632411 0.0815590039697
0.893700787402 0.0819198845182
0.894117647059 0.0822807650668
0.89453125 0.0826416456153
0.894941634241 0.0830025261638
0.895348837209 0.0833634067124
0.895752895753 0.0837242872609
0.896153846154 0.0840851678095
0.896551724138 0.084446048358
0.896946564885 0.0848069289065
0.897338403042 0.0851678094551
0.897727272727 0.0855286900036
0.898113207547 0.0858895705521
0.898496240602 0.0862504511007
0.898876404494 0.0866113316492
0.899253731343 0.0869722121978
0.899628252788 0.0873330927463
0.9 0.0876939732948
0.90036900369 0.0880548538434
0.900735294118 0.0884157343919
0.901098901099 0.0887766149405
0.901459854015 0.089137495489
0.901818181818 0.0894983760375
0.902173913043 0.0898592565861
0.902527075812 0.0902201371346
0.902877697842 0.0905810176831
0.903225806452 0.0909418982317
0.903571428571 0.0913027787802
0.903914590747 0.0916636593288
0.904255319149 0.0920245398773
0.904593639576 0.0923854204258
0.904929577465 0.0927463009744
0.905263157895 0.0931071815229
0.905594405594 0.0934680620715
0.905923344948 0.09382894262
0.90625 0.0941898231685
0.903114186851 0.0941898231685
0.9 0.0941898231685
0.896907216495 0.0941898231685
0.893835616438 0.0941898231685
0.890784982935 0.0941898231685
0.887755102041 0.0941898231685
0.88813559322 0.0945507037171
0.888513513514 0.0949115842656
0.888888888889 0.0952724648141
0.889261744966 0.0956333453627
0.889632107023 0.0959942259112
0.89 0.0963551064598
0.890365448505 0.0967159870083
0.890728476821 0.0970768675568
0.891089108911 0.0974377481054
0.891447368421 0.0977986286539
0.891803278689 0.0981595092025
0.892156862745 0.098520389751
0.892508143322 0.0988812702995
0.892857142857 0.0992421508481
0.893203883495 0.0996030313966
0.893548387097 0.0999639119451
0.893890675241 0.100324792494
0.894230769231 0.100685673042
0.894568690096 0.101046553591
0.894904458599 0.101407434139
0.895238095238 0.101768314688
0.895569620253 0.102129195236
0.895899053628 0.102490075785
0.896226415094 0.102850956333
0.896551724138 0.103211836882
0.896875 0.103572717431
0.897196261682 0.103933597979
0.89751552795 0.104294478528
0.897832817337 0.104655359076
0.898148148148 0.105016239625
0.898461538462 0.105377120173
0.898773006135 0.105738000722
0.899082568807 0.10609888127
0.899390243902 0.106459761819
0.899696048632 0.106820642367
0.9 0.107181522916
0.900302114804 0.107542403464
0.900602409639 0.107903284013
0.900900900901 0.108264164562
0.90119760479 0.10862504511
0.901492537313 0.108985925659
0.901785714286 0.109346806207
0.902077151335 0.109707686756
0.899408284024 0.109707686756
0.896755162242 0.109707686756
0.894117647059 0.109707686756
0.891495601173 0.109707686756
0.888888888889 0.109707686756
0.886297376093 0.109707686756
0.886627906977 0.110068567304
0.886956521739 0.110429447853
0.887283236994 0.110790328401
0.887608069164 0.11115120895
0.887931034483 0.111512089498
0.888252148997 0.111872970047
0.888571428571 0.112233850595
0.888888888889 0.112594731144
0.889204545455 0.112955611693
0.889518413598 0.113316492241
0.889830508475 0.11367737279
0.89014084507 0.114038253338
0.890449438202 0.114399133887
0.890756302521 0.114760014435
0.891061452514 0.115120894984
0.891364902507 0.115481775532
0.891666666667 0.115842656081
0.891966759003 0.116203536629
0.89226519337 0.116564417178
0.892561983471 0.116925297726
0.892857142857 0.117286178275
0.893150684932 0.117647058824
0.893442622951 0.118007939372
0.893732970027 0.118368819921
0.89402173913 0.118729700469
0.894308943089 0.119090581018
0.894594594595 0.119451461566
0.894878706199 0.119812342115
0.895161290323 0.120173222663
0.895442359249 0.120534103212
0.895721925134 0.12089498376
0.896 0.121255864309
0.896276595745 0.121616744857
0.896551724138 0.121977625406
0.896825396825 0.122338505955
0.89709762533 0.122699386503
0.897368421053 0.123060267052
0.897637795276 0.1234211476
0.897905759162 0.123782028149
0.89817232376 0.124142908697
0.8984375 0.124503789246
0.896103896104 0.124503789246
0.89378238342 0.124503789246
0.891472868217 0.124503789246
0.889175257732 0.124503789246
0.889460154242 0.124864669794
0.889743589744 0.125225550343
0.890025575448 0.125586430891
0.890306122449 0.12594731144
0.89058524173 0.126308191988
0.890862944162 0.126669072537
0.891139240506 0.127029953086
0.891414141414 0.127390833634
0.891687657431 0.127751714183
0.891959798995 0.128112594731
0.892230576441 0.12847347528
0.8925 0.128834355828
0.8927680798 0.129195236377
0.893034825871 0.129556116925
0.893300248139 0.129916997474
0.893564356436 0.130277878022
0.893827160494 0.130638758571
0.894088669951 0.130999639119
0.894348894349 0.131360519668
0.894607843137 0.131721400217
0.894865525672 0.132082280765
0.89512195122 0.132443161314
0.895377128954 0.132804041862
0.895631067961 0.133164922411
0.89588377724 0.133525802959
0.8961352657 0.133886683508
0.896385542169 0.134247564056
0.896634615385 0.134608444605
0.896882494005 0.134969325153
0.897129186603 0.135330205702
0.897374701671 0.13569108625
0.897619047619 0.136051966799
0.897862232779 0.136412847348
0.898104265403 0.136773727896
0.898345153664 0.137134608445
0.89858490566 0.137495488993
0.898823529412 0.137856369542
0.899061032864 0.13821725009
0.899297423888 0.138578130639
0.89953271028 0.138939011187
0.899766899767 0.139299891736
0.9 0.139660772284
0.900232018561 0.140021652833
0.900462962963 0.140382533381
0.898383371824 0.140382533381
0.896313364055 0.140382533381
0.894252873563 0.140382533381
0.892201834862 0.140382533381
0.890160183066 0.140382533381
0.890410958904 0.14074341393
0.890660592255 0.141104294479
0.890909090909 0.141465175027
0.891156462585 0.141826055576
0.891402714932 0.142186936124
0.89164785553 0.142547816673
0.891891891892 0.142908697221
0.892134831461 0.14326957777
0.892376681614 0.143630458318
0.892617449664 0.143991338867
0.892857142857 0.144352219415
0.893095768374 0.144713099964
0.893333333333 0.145073980512
0.893569844789 0.145434861061
0.893805309735 0.14579574161
0.894039735099 0.146156622158
0.894273127753 0.146517502707
0.894505494505 0.146878383255
0.894736842105 0.147239263804
0.894967177243 0.147600144352
0.89519650655 0.147961024901
0.895424836601 0.148321905449
0.895652173913 0.148682785998
0.895878524946 0.149043666546
0.896103896104 0.149404547095
0.896328293737 0.149765427643
0.896551724138 0.150126308192
0.896774193548 0.150487188741
0.896995708155 0.150848069289
0.89721627409 0.151208949838
0.897435897436 0.151569830386
0.897654584222 0.151930710935
0.897872340426 0.152291591483
0.898089171975 0.152652472032
0.898305084746 0.15301335258
0.898520084567 0.153374233129
0.898734177215 0.153735113677
0.898947368421 0.154095994226
0.899159663866 0.154456874774
0.899371069182 0.154817755323
0.899581589958 0.155178635872
0.899791231733 0.15553951642
0.9 0.155900396969
0.900207900208 0.156261277517
0.898340248963 0.156261277517
0.896480331263 0.156261277517
0.894628099174 0.156261277517
0.894845360825 0.156622158066
0.895061728395 0.156983038614
0.895277207392 0.157343919163
0.895491803279 0.157704799711
0.895705521472 0.15806568026
0.895918367347 0.158426560808
0.896130346232 0.158787441357
0.896341463415 0.159148321905
0.896551724138 0.159509202454
0.896761133603 0.159870083003
0.89696969697 0.160230963551
0.897177419355 0.1605918441
0.897384305835 0.160952724648
0.897590361446 0.161313605197
0.897795591182 0.161674485745
0.898 0.162035366294
0.898203592814 0.162396246842
0.898406374502 0.162757127391
0.898608349901 0.163118007939
0.89880952381 0.163478888488
0.89900990099 0.163839769036
0.899209486166 0.164200649585
0.899408284024 0.164561530134
0.899606299213 0.164922410682
0.899803536346 0.165283291231
0.9 0.165644171779
0.900195694716 0.166005052328
0.900390625 0.166365932876
0.900584795322 0.166726813425
0.900778210117 0.167087693973
0.900970873786 0.167448574522
0.901162790698 0.16780945507
0.901353965184 0.168170335619
0.901544401544 0.168531216167
0.901734104046 0.168892096716
0.901923076923 0.169252977265
0.902111324376 0.169613857813
0.902298850575 0.169974738362
0.902485659656 0.17033561891
0.902671755725 0.170696499459
0.902857142857 0.171057380007
0.903041825095 0.171418260556
0.903225806452 0.171779141104
0.903409090909 0.172140021653
0.90359168242 0.172500902201
0.903773584906 0.17286178275
0.90395480226 0.173222663298
0.902255639098 0.173222663298
0.900562851782 0.173222663298
0.898876404494 0.173222663298
0.899065420561 0.173583543847
0.899253731343 0.173944424396
0.899441340782 0.174305304944
0.899628252788 0.174666185493
0.899814471243 0.175027066041
0.9 0.17538794659
0.900184842884 0.175748827138
0.90036900369 0.176109707687
0.900552486188 0.176470588235
0.900735294118 0.176831468784
0.900917431193 0.177192349332
0.901098901099 0.177553229881
0.901279707495 0.177914110429
0.901459854015 0.178274990978
0.901639344262 0.178635871527
0.901818181818 0.178996752075
0.901996370236 0.179357632624
0.902173913043 0.179718513172
0.902350813743 0.180079393721
0.902527075812 0.180440274269
0.902702702703 0.180801154818
0.902877697842 0.181162035366
0.903052064632 0.181522915915
0.903225806452 0.181883796463
0.903398926655 0.182244677012
0.903571428571 0.18260555756
0.903743315508 0.182966438109
0.903914590747 0.183327318658
0.904085257549 0.183688199206
0.904255319149 0.184049079755
0.904424778761 0.184409960303
0.904593639576 0.184770840852
0.904761904762 0.1851317214
0.904929577465 0.185492601949
0.905096660808 0.185853482497
0.905263157895 0.186214363046
0.905429071804 0.186575243594
0.905594405594 0.186936124143
0.905759162304 0.187297004691
0.905923344948 0.18765788524
0.906086956522 0.188018765789
0.90625 0.188379646337
0.906412478336 0.188740526886
0.906574394464 0.189101407434
0.906735751295 0.189462287983
0.906896551724 0.189823168531
0.905335628227 0.189823168531
0.903780068729 0.189823168531
0.902229845626 0.189823168531
0.900684931507 0.189823168531
0.899145299145 0.189823168531
0.899317406143 0.19018404908
0.899488926746 0.190544929628
0.899659863946 0.190905810177
0.899830220713 0.191266690725
0.9 0.191627571274
0.900169204738 0.191988451822
0.900337837838 0.192349332371
0.900505902192 0.19271021292
0.900673400673 0.193071093468
0.900840336134 0.193431974017
0.901006711409 0.193792854565
0.901172529313 0.194153735114
0.901337792642 0.194514615662
0.901502504174 0.194875496211
0.901666666667 0.195236376759
0.901830282862 0.195597257308
0.901993355482 0.195958137856
0.902155887231 0.196319018405
0.902317880795 0.196679898953
0.902479338843 0.197040779502
0.902640264026 0.197401660051
0.902800658979 0.197762540599
0.902960526316 0.198123421148
0.903119868637 0.198484301696
0.903278688525 0.198845182245
0.903436988543 0.199206062793
0.903594771242 0.199566943342
0.903752039152 0.19992782389
0.903908794788 0.200288704439
0.90406504065 0.200649584987
0.904220779221 0.201010465536
0.904376012966 0.201371346084
0.904530744337 0.201732226633
0.904684975767 0.202093107182
0.904838709677 0.20245398773
0.90499194847 0.202814868279
0.905144694534 0.203175748827
0.905296950241 0.203536629376
0.905448717949 0.203897509924
0.9056 0.204258390473
0.905750798722 0.204619271021
0.905901116427 0.20498015157
0.906050955414 0.205341032118
0.906200317965 0.205701912667
0.906349206349 0.206062793215
0.906497622821 0.206423673764
0.90664556962 0.206784554313
0.906793048973 0.207145434861
0.905362776025 0.207145434861
0.903937007874 0.207145434861
0.90251572327 0.207145434861
0.901098901099 0.207145434861
0.899686520376 0.207145434861
0.89827856025 0.207145434861
0.8984375 0.20750631541
0.898595943838 0.207867195958
0.898753894081 0.208228076507
0.898911353033 0.208588957055
0.899068322981 0.208949837604
0.899224806202 0.209310718152
0.899380804954 0.209671598701
0.899536321484 0.210032479249
0.899691358025 0.210393359798
0.899845916795 0.210754240346
0.9 0.211115120895
0.900153609831 0.211476001444
0.900306748466 0.211836881992
0.90045941807 0.212197762541
0.900611620795 0.212558643089
0.900763358779 0.212919523638
0.900914634146 0.213280404186
0.901065449011 0.213641284735
0.901215805471 0.214002165283
0.901365705615 0.214363045832
0.901515151515 0.21472392638
0.901664145234 0.215084806929
0.901812688822 0.215445687477
0.901960784314 0.215806568026
0.902108433735 0.216167448575
0.902255639098 0.216528329123
0.902402402402 0.216889209672
0.902548725637 0.21725009022
0.902694610778 0.217610970769
0.902840059791 0.217971851317
0.902985074627 0.218332731866
0.903129657228 0.218693612414
0.903273809524 0.219054492963
0.903417533432 0.219415373511
0.903560830861 0.21977625406
0.903703703704 0.220137134608
0.903846153846 0.220498015157
0.903988183161 0.220858895706
0.90412979351 0.221219776254
0.904270986745 0.221580656803
0.904411764706 0.221941537351
0.904552129222 0.2223024179
0.904692082111 0.222663298448
0.904831625183 0.223024178997
0.904970760234 0.223385059545
0.905109489051 0.223745940094
0.905247813411 0.224106820642
0.90538573508 0.224467701191
0.905523255814 0.224828581739
0.905660377358 0.225189462288
0.905797101449 0.225550342837
0.905933429812 0.225911223385
0.906069364162 0.226272103934
0.904761904762 0.226272103934
0.903458213256 0.226272103934
0.902158273381 0.226272103934
0.900862068966 0.226272103934
0.899569583931 0.226272103934
0.898280802292 0.226272103934
0.898426323319 0.226632984482
0.898571428571 0.226993865031
0.898716119829 0.227354745579
0.89886039886 0.227715626128
0.899004267425 0.228076506676
0.899147727273 0.228437387225
0.899290780142 0.228798267773
0.899433427762 0.229159148322
0.899575671853 0.22952002887
0.899717514124 0.229880909419
0.899858956276 0.230241789968
0.9 0.230602670516
0.900140646976 0.230963551065
0.900280898876 0.231324431613
0.900420757363 0.231685312162
0.90056022409 0.23204619271
0.900699300699 0.232407073259
0.900837988827 0.232767953807
0.900976290098 0.233128834356
0.901114206128 0.233489714904
0.901251738526 0.233850595453
0.901388888889 0.234211476001
0.901525658807 0.23457235655
0.901662049861 0.234933237099
0.901798063624 0.235294117647
0.901933701657 0.235654998196
0.902068965517 0.236015878744
0.902203856749 0.236376759293
0.902338376891 0.236737639841
0.902472527473 0.23709852039
0.902606310014 0.237459400938
0.902739726027 0.237820281487
0.902872777018 0.238181162035
0.903005464481 0.238542042584
0.903137789905 0.238902923132
0.903269754768 0.239263803681
0.903401360544 0.23962468423
0.903532608696 0.239985564778
0.903663500678 0.240346445327
0.90379403794 0.240707325875
0.903924221922 0.241068206424
0.904054054054 0.241429086972
0.904183535762 0.241789967521
0.904312668464 0.242150848069
0.904441453567 0.242511728618
0.904569892473 0.242872609166
0.903355704698 0.242872609166
0.902144772118 0.242872609166
0.902275769746 0.243233489715
0.902406417112 0.243594370263
0.902536715621 0.243955250812
0.902666666667 0.244316131361
0.902796271638 0.244677011909
0.902925531915 0.245037892458
0.903054448871 0.245398773006
0.903183023873 0.245759653555
0.903311258278 0.246120534103
0.903439153439 0.246481414652
0.9035667107 0.2468422952
0.903693931398 0.247203175749
0.903820816864 0.247564056297
0.903947368421 0.247924936846
0.904073587385 0.248285817394
0.904199475066 0.248646697943
0.904325032765 0.249007578492
0.90445026178 0.24936845904
0.904575163399 0.249729339589
0.904699738903 0.250090220137
0.90482398957 0.250451100686
0.904947916667 0.250811981234
0.905071521456 0.251172861783
0.905194805195 0.251533742331
0.905317769131 0.25189462288
0.905440414508 0.252255503428
0.905562742561 0.252616383977
0.905684754522 0.252977264525
0.905806451613 0.253338145074
0.905927835052 0.253699025623
0.906048906049 0.254059906171
0.90616966581 0.25442078672
0.906290115533 0.254781667268
0.90641025641 0.255142547817
0.906530089629 0.255503428365
0.906649616368 0.255864308914
0.906768837803 0.256225189462
0.906887755102 0.256586070011
0.907006369427 0.256946950559
0.907124681934 0.257307831108
0.905972045743 0.257307831108
0.904822335025 0.257307831108
0.903675538657 0.257307831108
0.90253164557 0.257307831108
0.901390644753 0.257307831108
0.900252525253 0.257307831108
0.900378310214 0.257668711656
0.900503778338 0.258029592205
0.900628930818 0.258390472754
0.900753768844 0.258751353302
0.900878293601 0.259112233851
0.901002506266 0.259473114399
0.90112640801 0.259833994948
0.90125 0.260194875496
0.901373283396 0.260555756045
0.901496259352 0.260916636593
0.901618929016 0.261277517142
0.901741293532 0.26163839769
0.901863354037 0.261999278239
0.901985111663 0.262360158787
0.902106567534 0.262721039336
0.902227722772 0.263081919885
0.902348578492 0.263442800433
0.902469135802 0.263803680982
0.902589395808 0.26416456153
0.902709359606 0.264525442079
0.90282902829 0.264886322627
0.902948402948 0.265247203176
0.903067484663 0.265608083724
0.90318627451 0.265968964273
0.903304773562 0.266329844821
0.903422982885 0.26669072537
0.903540903541 0.267051605918
0.903658536585 0.267412486467
0.903775883069 0.267773367016
0.903892944039 0.268134247564
0.904009720535 0.268495128113
0.904126213592 0.268856008661
0.904242424242 0.26921688921
0.904358353511 0.269577769758
0.904474002418 0.269938650307
0.904589371981 0.270299530855
0.904704463209 0.270660411404
0.904819277108 0.271021291952
0.904933814681 0.271382172501
0.905048076923 0.271743053049
0.905162064826 0.272103933598
0.905275779376 0.272464814147
0.905389221557 0.272825694695
0.905502392344 0.273186575244
0.905615292712 0.273547455792
0.905727923628 0.273908336341
0.904648390942 0.273908336341
0.903571428571 0.273908336341
0.902497027348 0.273908336341
0.901425178147 0.273908336341
0.900355871886 0.273908336341
0.899289099526 0.273908336341
0.898224852071 0.273908336341
0.898345153664 0.274269216889
0.898465171192 0.274630097438
0.89858490566 0.274990977986
0.898704358068 0.275351858535
0.898823529412 0.275712739083
0.898942420682 0.276073619632
0.899061032864 0.27643450018
0.89917936694 0.276795380729
0.899297423888 0.277156261278
0.899415204678 0.277517141826
0.89953271028 0.277878022375
0.899649941657 0.278238902923
0.899766899767 0.278599783472
0.899883585565 0.27896066402
0.9 0.279321544569
0.900116144019 0.279682425117
0.900232018561 0.280043305666
0.900347624565 0.280404186214
0.900462962963 0.280765066763
0.900578034682 0.281125947311
0.900692840647 0.28148682786
0.900807381776 0.281847708409
0.900921658986 0.282208588957
0.901035673188 0.282569469506
0.901149425287 0.282930350054
0.901262916188 0.283291230603
0.901376146789 0.283652111151
0.901489117984 0.2840129917
0.901601830664 0.284373872248
0.901714285714 0.284734752797
0.901826484018 0.285095633345
0.901938426454 0.285456513894
0.902050113895 0.285817394442
0.902161547213 0.286178274991
0.902272727273 0.28653915554
0.902383654938 0.286900036088
0.902494331066 0.287260916637
0.902604756512 0.287621797185
0.902714932127 0.287982677734
0.902824858757 0.288343558282
0.902934537246 0.288704438831
0.903043968433 0.289065319379
0.903153153153 0.289426199928
0.903262092238 0.289787080476
0.902247191011 0.289787080476
0.901234567901 0.289787080476
0.900224215247 0.289787080476
0.900335946249 0.290147961025
0.89932885906 0.290147961025
0.899441340782 0.290508841573
0.899553571429 0.290869722122
0.899665551839 0.291230602671
0.899777282851 0.291591483219
0.899888765295 0.291952363768
0.9 0.292313244316
0.900110987791 0.292674124865
0.90022172949 0.293035005413
0.900332225914 0.293395885962
0.900442477876 0.29375676651
0.900552486188 0.294117647059
0.900662251656 0.294478527607
0.900771775083 0.294839408156
0.900881057269 0.295200288704
0.90099009901 0.295561169253
0.901098901099 0.295922049802
0.901207464325 0.29628293035
0.901315789474 0.296643810899
0.901423877327 0.297004691447
0.901531728665 0.297365571996
0.901639344262 0.297726452544
0.901746724891 0.298087333093
0.90185387132 0.298448213641
0.901960784314 0.29880909419
0.902067464635 0.299169974738
0.902173913043 0.299530855287
0.902280130293 0.299891735835
0.902386117137 0.300252616384
0.902491874323 0.300613496933
0.902597402597 0.300974377481
0.902702702703 0.30133525803
0.902807775378 0.301696138578
0.902912621359 0.302057019127
0.903017241379 0.302417899675
0.903121636168 0.302778780224
0.903225806452 0.303139660772
0.903329752954 0.303500541321
0.903433476395 0.303861421869
0.903536977492 0.304222302418
0.903640256959 0.304583182966
0.903743315508 0.304944063515
0.903846153846 0.305304944064
0.903948772679 0.305665824612
0.902985074627 0.305665824612
0.90202342918 0.305665824612
0.902127659574 0.306026705161
0.902231668438 0.306387585709
0.902335456476 0.306748466258
0.90243902439 0.307109346806
0.902542372881 0.307470227355
0.902645502646 0.307831107903
0.902748414376 0.308191988452
0.902851108765 0.308552869
0.902953586498 0.308913749549
0.903055848261 0.309274630097
0.903157894737 0.309635510646
0.903259726604 0.309996391195
0.903361344538 0.310357271743
0.903462749213 0.310718152292
0.9035639413 0.31107903284
0.903664921466 0.311439913389
0.903765690377 0.311800793937
0.903866248694 0.312161674486
0.903966597077 0.312522555034
0.904066736184 0.312883435583
0.904166666667 0.313244316131
0.904266389178 0.31360519668
0.904365904366 0.313966077228
0.904465212876 0.314326957777
0.904564315353 0.314687838326
0.904663212435 0.315048718874
0.904761904762 0.315409599423
0.904860392968 0.315770479971
0.904958677686 0.31613136052
0.905056759546 0.316492241068
0.905154639175 0.316853121617
0.905252317199 0.317214002165
0.905349794239 0.317574882714
0.905447070915 0.317935763262
0.905544147844 0.318296643811
0.905641025641 0.318657524359
0.905737704918 0.319018404908
0.905834186285 0.319379285457
0.905930470348 0.319740166005
0.906026557712 0.320101046554
0.90612244898 0.320461927102
0.90621814475 0.320822807651
0.906313645621 0.321183688199
0.906408952187 0.321544568748
0.906504065041 0.321905449296
0.906598984772 0.322266329845
0.906693711968 0.322627210393
0.906788247214 0.322988090942
0.906882591093 0.32334897149
0.906976744186 0.323709852039
0.907070707071 0.324070732588
0.906155398587 0.324070732588
0.905241935484 0.324070732588
0.904330312185 0.324070732588
0.903420523139 0.324070732588
0.902512562814 0.324070732588
0.901606425703 0.324070732588
0.901705115346 0.324431613136
0.901803607214 0.324792493685
0.901901901902 0.325153374233
0.902 0.325514254782
0.902097902098 0.32587513533
0.902195608782 0.326236015879
0.902293120638 0.326596896427
0.902390438247 0.326957776976
0.902487562189 0.327318657524
0.902584493042 0.327679538073
0.90268123138 0.328040418621
0.902777777778 0.32840129917
0.902874132805 0.328762179719
0.90297029703 0.329123060267
0.903066271019 0.329483940816
0.903162055336 0.329844821364
0.903257650543 0.330205701913
0.903353057199 0.330566582461
0.903448275862 0.33092746301
0.903543307087 0.331288343558
0.903638151426 0.331649224107
0.90373280943 0.332010104655
0.903827281649 0.332370985204
0.903921568627 0.332731865752
0.904015670911 0.333092746301
0.904109589041 0.33345362685
0.904203323558 0.333814507398
0.904296875 0.334175387947
0.904390243902 0.334536268495
0.904483430799 0.334897149044
0.904576436222 0.335258029592
0.9046692607 0.335618910141
0.904761904762 0.335979790689
0.904854368932 0.336340671238
0.904946653734 0.336701551786
0.90503875969 0.337062432335
0.905130687318 0.337423312883
0.905222437137 0.337784193432
0.905314009662 0.338145073981
0.905405405405 0.338505954529
0.905496624879 0.338866835078
0.905587668593 0.339227715626
0.905678537055 0.339588596175
0.905769230769 0.339949476723
0.90585975024 0.340310357272
0.905950095969 0.34067123782
0.906040268456 0.341032118369
0.906130268199 0.341392998917
0.905263157895 0.341392998917
0.904397705545 0.341392998917
0.903533906399 0.341392998917
0.902671755725 0.341392998917
0.902764537655 0.341753879466
0.902857142857 0.342114760014
0.902949571836 0.342475640563
0.903041825095 0.342836521112
0.903133903134 0.34319740166
0.903225806452 0.343558282209
0.903317535545 0.343919162757
0.903409090909 0.344280043306
0.903500473037 0.344640923854
0.90359168242 0.345001804403
0.903682719547 0.345362684951
0.903773584906 0.3457235655
0.903864278982 0.346084446048
0.90395480226 0.346445326597
0.904045155221 0.346806207145
0.904135338346 0.347167087694
0.904225352113 0.347527968243
0.904315196998 0.347888848791
0.904404873477 0.34824972934
0.904494382022 0.348610609888
0.904583723106 0.348971490437
0.904672897196 0.349332370985
0.904761904762 0.349693251534
0.904850746269 0.350054132082
0.904939422181 0.350415012631
0.905027932961 0.350775893179
0.90511627907 0.351136773728
0.905204460967 0.351497654276
0.905292479109 0.351858534825
0.905380333952 0.352219415374
0.90546802595 0.352580295922
0.905555555556 0.352941176471
0.905642923219 0.353302057019
0.90573012939 0.353662937568
0.905817174515 0.354023818116
0.905904059041 0.354384698665
0.90599078341 0.354745579213
0.906077348066 0.355106459762
0.90616375345 0.35546734031
0.90625 0.355828220859
0.906336088154 0.356189101407
0.906422018349 0.356549981956
0.906507791017 0.356910862505
0.906593406593 0.357271743053
0.906678865508 0.357632623602
0.90676416819 0.35799350415
0.906849315068 0.358354384699
0.90602189781 0.358354384699
0.905195989061 0.358354384699
0.904371584699 0.358354384699
0.903548680619 0.358354384699
0.902727272727 0.358354384699
0.902815622162 0.358715265247
0.902903811252 0.359076145796
0.902991840435 0.359437026344
0.903079710145 0.359797906893
0.903167420814 0.360158787441
0.903254972875 0.36051966799
0.903342366757 0.360880548538
0.903429602888 0.361241429087
0.903516681695 0.361602309636
0.903603603604 0.361963190184
0.903690369037 0.362324070733
0.903776978417 0.362684951281
0.903863432165 0.36304583183
0.9039497307 0.363406712378
0.904035874439 0.363767592927
0.904121863799 0.364128473475
0.904207699194 0.364489354024
0.904293381038 0.364850234572
0.904378909741 0.365211115121
0.904464285714 0.365571995669
0.904549509367 0.365932876218
0.904634581105 0.366293756767
0.904719501336 0.366654637315
0.904804270463 0.367015517864
0.904888888889 0.367376398412
0.904973357016 0.367737278961
0.905057675244 0.368098159509
0.905141843972 0.368459040058
0.905225863596 0.368819920606
0.905309734513 0.369180801155
0.905393457118 0.369541681703
0.905477031802 0.369902562252
0.905560458959 0.3702634428
0.905643738977 0.370624323349
0.905726872247 0.370985203898
0.905809859155 0.371346084446
0.905892700088 0.371706964995
0.905975395431 0.372067845543
0.906057945566 0.372428726092
0.906140350877 0.37278960664
0.906222611744 0.373150487189
0.906304728546 0.373511367737
0.906386701662 0.373872248286
0.906468531469 0.374233128834
0.906550218341 0.374594009383
0.905759162304 0.374594009383
0.904969485615 0.374594009383
0.904181184669 0.374594009383
0.903394255875 0.374594009383
0.902608695652 0.374594009383
0.902693310165 0.374954889931
0.902777777778 0.37531577048
0.902862098873 0.375676651029
0.90294627383 0.376037531577
0.90303030303 0.376398412126
0.903114186851 0.376759292674
0.90319792567 0.377120173223
0.903281519862 0.377481053771
0.903364969802 0.37784193432
0.903448275862 0.378202814868
0.903531438415 0.378563695417
0.903614457831 0.378924575965
0.90369733448 0.379285456514
0.903780068729 0.379646337062
0.903862660944 0.380007217611
0.903945111492 0.38036809816
0.904027420737 0.380728978708
0.904109589041 0.381089859257
0.904191616766 0.381450739805
0.904273504274 0.381811620354
0.904355251921 0.382172500902
0.904436860068 0.382533381451
0.904518329071 0.382894261999
0.904599659284 0.383255142548
0.904680851064 0.383616023096
0.904761904762 0.383976903645
0.904842820731 0.384337784193
0.904923599321 0.384698664742
0.905004240882 0.385059545291
0.905084745763 0.385420425839
0.90516511431 0.385781306388
0.90524534687 0.386142186936
0.905325443787 0.386503067485
0.905405405405 0.386863948033
0.905485232068 0.387224828582
0.905564924115 0.38758570913
0.905644481887 0.387946589679
0.904882154882 0.387946589679
0.904121110177 0.387946589679
0.903361344538 0.387946589679
0.902602854744 0.387946589679
0.901845637584 0.387946589679
0.901089689858 0.387946589679
0.901172529313 0.388307470227
0.901255230126 0.388668350776
0.901337792642 0.389029231324
0.90142021721 0.389390111873
0.901502504174 0.389750992422
0.901584653878 0.39011187297
0.901666666667 0.390472753519
0.901748542881 0.390833634067
0.901830282862 0.391194514616
0.901911886949 0.391555395164
0.901993355482 0.391916275713
0.902074688797 0.392277156261
0.902155887231 0.39263803681
0.902236951118 0.392998917358
0.902317880795 0.393359797907
0.902398676592 0.393720678455
0.902479338843 0.394081559004
0.902559867878 0.394442439553
0.902640264026 0.394803320101
0.902720527617 0.39516420065
0.902800658979 0.395525081198
0.902880658436 0.395885961747
0.902960526316 0.396246842295
0.903040262942 0.396607722844
0.903119868637 0.396968603392
0.903199343724 0.397329483941
0.903278688525 0.397690364489
0.903357903358 0.398051245038
0.903436988543 0.398412125586
0.903515944399 0.398773006135
0.903594771242 0.399133886684
0.903673469388 0.399494767232
0.903752039152 0.399855647781
0.903830480848 0.400216528329
0.903908794788 0.400577408878
0.903986981286 0.400938289426
0.90406504065 0.401299169975
0.904142973193 0.401660050523
0.904220779221 0.402020931072
0.903487429035 0.402020931072
0.902755267423 0.402020931072
0.902024291498 0.402020931072
0.901294498382 0.402020931072
0.900565885206 0.402020931072
0.899838449111 0.402020931072
0.899112187248 0.402020931072
0.898387096774 0.402020931072
0.898468976632 0.40238181162
0.898550724638 0.402742692169
0.89863234111 0.403103572717
0.898713826367 0.403464453266
0.898795180723 0.403825333815
0.898876404494 0.404186214363
0.898957497995 0.404547094912
0.899038461538 0.40490797546
0.899119295436 0.405268856009
0.8992 0.405629736557
0.89928057554 0.405990617106
0.899361022364 0.406351497654
0.899441340782 0.406712378203
0.8995215311 0.407073258751
0.899601593625 0.4074341393
0.899681528662 0.407795019848
0.899761336516 0.408155900397
0.899841017488 0.408516780946
0.899920571882 0.408877661494
0.9 0.409238542043
0.900079302141 0.409599422591
0.900158478605 0.40996030314
0.900237529691 0.410321183688
0.900316455696 0.410682064237
0.900395256917 0.411042944785
0.900473933649 0.411403825334
0.900552486188 0.411764705882
0.900630914826 0.412125586431
0.900709219858 0.412486466979
0.900787401575 0.412847347528
0.900865460268 0.413208228077
0.900943396226 0.413569108625
0.901021209741 0.413929989174
0.901098901099 0.414290869722
0.900392156863 0.414290869722
0.899686520376 0.414290869722
0.899765074393 0.414651750271
0.899843505477 0.415012630819
0.899921813917 0.415373511368
0.9 0.415734391916
0.900078064012 0.416095272465
0.90015600624 0.416456153013
0.900233826968 0.416817033562
0.90031152648 0.41717791411
0.900389105058 0.417538794659
0.900466562986 0.417899675208
0.900543900544 0.418260555756
0.900621118012 0.418621436305
0.900698215671 0.418982316853
0.900775193798 0.419343197402
0.900852052672 0.41970407795
0.90092879257 0.420064958499
0.901005413766 0.420425839047
0.901081916538 0.420786719596
0.901158301158 0.421147600144
0.901234567901 0.421508480693
0.901310717039 0.421869361241
0.901386748844 0.42223024179
0.900692840647 0.42223024179
0.9 0.42223024179
0.899308224443 0.42223024179
0.898617511521 0.42223024179
0.897927858787 0.42223024179
0.898006134969 0.422591122339
0.898084291188 0.422952002887
0.898162327718 0.423312883436
0.898240244836 0.423673763984
0.898318042813 0.424034644533
0.898395721925 0.424395525081
0.898473282443 0.42475640563
0.898550724638 0.425117286178
0.89862804878 0.425478166727
0.898705255141 0.425839047275
0.898782343988 0.426199927824
0.898859315589 0.426560808372
0.898936170213 0.426921688921
0.899012908125 0.42728256947
0.89908952959 0.427643450018
0.899166034875 0.428004330567
0.899242424242 0.428365211115
0.899318697956 0.428726091664
0.899394856278 0.429086972212
0.899470899471 0.429447852761
0.899546827795 0.429808733309
0.899622641509 0.430169613858
0.899698340875 0.430530494406
0.899773926149 0.430891374955
0.89984939759 0.431252255503
0.899924755455 0.431613136052
0.9 0.431974016601
0.90007513148 0.432334897149
0.90015015015 0.432695777698
0.900225056264 0.433056658246
0.900299850075 0.433417538795
0.900374531835 0.433778419343
0.900449101796 0.434139299892
0.900523560209 0.43450018044
0.900597907324 0.434861060989
0.900672143391 0.435221941537
0.900746268657 0.435582822086
0.900820283371 0.435943702634
0.900894187779 0.436304583183
0.900223380491 0.436304583183
0.899553571429 0.436304583183
0.898884758364 0.436304583183
0.898216939079 0.436304583183
0.897550111359 0.436304583183
0.89762611276 0.436665463732
0.897702001483 0.43702634428
0.897777777778 0.437387224829
0.897853441895 0.437748105377
0.897928994083 0.438108985926
0.89800443459 0.438469866474
0.898079763663 0.438830747023
0.89815498155 0.439191627571
0.898230088496 0.43955250812
0.898305084746 0.439913388668
0.898379970545 0.440274269217
0.898454746137 0.440635149765
0.898529411765 0.440996030314
0.898603967671 0.441356910863
0.898678414097 0.441717791411
0.898752751284 0.44207867196
0.898826979472 0.442439552508
0.898901098901 0.442800433057
0.89897510981 0.443161313605
0.899049012436 0.443522194154
0.899122807018 0.443883074702
0.899196493791 0.444243955251
0.899270072993 0.444604835799
0.899343544858 0.444965716348
0.899416909621 0.445326596896
0.899490167516 0.445687477445
0.899563318777 0.446048357994
0.899636363636 0.446409238542
0.899709302326 0.446770119091
0.899782135076 0.447130999639
0.899854862119 0.447491880188
0.899927483684 0.447852760736
0.9 0.448213641285
0.900072411296 0.448574521833
0.9001447178 0.448935402382
0.90021691974 0.44929628293
0.900289017341 0.449657163479
0.90036101083 0.450018044027
0.900432900433 0.450378924576
0.900504686373 0.450739805125
0.900576368876 0.451100685673
0.900647948164 0.451461566222
0.90071942446 0.45182244677
0.900790797987 0.452183327319
0.900862068966 0.452544207867
0.900933237617 0.452905088416
0.901004304161 0.453265968964
0.901075268817 0.453626849513
0.901146131805 0.453987730061
0.901216893343 0.45434861061
0.901287553648 0.454709491158
0.901358112938 0.455070371707
0.901428571429 0.455431252256
0.901498929336 0.455792132804
0.901569186876 0.456153013353
0.901639344262 0.456513893901
0.901709401709 0.45687477445
0.901779359431 0.457235654998
0.901849217639 0.457596535547
0.901918976546 0.457957416095
0.901988636364 0.458318296644
0.902058197303 0.458679177192
0.901418439716 0.458679177192
0.900779588944 0.458679177192
0.900141643059 0.458679177192
0.900212314225 0.459040057741
0.900282885431 0.459400938289
0.90035335689 0.459761818838
0.900423728814 0.460122699387
0.900494001411 0.460483579935
0.900564174894 0.460844460484
0.900634249471 0.461205341032
0.900704225352 0.461566221581
0.900774102745 0.461927102129
0.900843881857 0.462287982678
0.900913562895 0.462648863226
0.900983146067 0.463009743775
0.901052631579 0.463370624323
0.901122019635 0.463731504872
0.901191310441 0.46409238542
0.901260504202 0.464453265969
0.90132960112 0.464814146518
0.901398601399 0.465175027066
0.901467505241 0.465535907615
0.901536312849 0.465896788163
0.901605024424 0.466257668712
0.901673640167 0.46661854926
0.901742160279 0.466979429809
0.901810584958 0.467340310357
0.901878914405 0.467701190906
0.901947148818 0.468062071454
0.902015288395 0.468422952003
0.902083333333 0.468783832551
0.902151283831 0.4691447131
0.902219140083 0.469505593649
0.902286902287 0.469866474197
0.901662049861 0.469866474197
0.901730103806 0.470227354746
0.901798063624 0.470588235294
0.901865929509 0.470949115843
0.901933701657 0.471309996391
0.902001380262 0.47167087694
0.902068965517 0.472031757488
0.902136457615 0.472392638037
0.902203856749 0.472753518585
0.902271163111 0.473114399134
0.902338376891 0.473475279682
0.902405498282 0.473836160231
0.902472527473 0.47419704078
0.902539464653 0.474557921328
0.902606310014 0.474918801877
0.902673063742 0.475279682425
0.902739726027 0.475640562974
0.902806297057 0.476001443522
0.902872777018 0.476362324071
0.902939166097 0.476723204619
0.902322404372 0.476723204619
0.901706484642 0.476723204619
0.901773533424 0.477084085168
0.901840490798 0.477444965716
0.901907356948 0.477805846265
0.901974132063 0.478166726813
0.902040816327 0.478527607362
0.902107409925 0.478888487911
0.902173913043 0.479249368459
0.902240325866 0.479610249008
0.902306648575 0.479971129556
0.902372881356 0.480332010105
0.90243902439 0.480692890653
0.902505077861 0.481053771202
0.902571041949 0.48141465175
0.902636916836 0.481775532299
0.902702702703 0.482136412847
0.90276839973 0.482497293396
0.902834008097 0.482858173944
0.902899527984 0.483219054493
0.902964959569 0.483579935042
0.90303030303 0.48394081559
0.903095558546 0.484301696139
0.903160726295 0.484662576687
0.903225806452 0.485023457236
0.903290799194 0.485384337784
0.903355704698 0.485745218333
0.903420523139 0.486106098881
0.903485254692 0.48646697943
0.903549899531 0.486827859978
0.902945113788 0.486827859978
0.902341137124 0.486827859978
0.902406417112 0.487188740527
0.902471609886 0.487549621075
0.902536715621 0.487910501624
0.90260173449 0.488271382173
0.902666666667 0.488632262721
0.902731512325 0.48899314327
0.902796271638 0.489354023818
0.902860944777 0.489714904367
0.902925531915 0.490075784915
0.902990033223 0.490436665464
0.903054448871 0.490797546012
0.903118779031 0.491158426561
0.903183023873 0.491519307109
0.903247183565 0.491880187658
0.903311258278 0.492241068206
0.90337524818 0.492601948755
0.903439153439 0.492962829304
0.902842035691 0.492962829304
0.902245706737 0.492962829304
0.901650165017 0.492962829304
0.901715039578 0.493323709852
0.901779828609 0.493684590401
0.901844532279 0.494045470949
0.901909150757 0.494406351498
0.901973684211 0.494767232046
0.902038132807 0.495128112595
0.902102496715 0.495488993143
0.9021667761 0.495849873692
0.902230971129 0.49621075424
0.902295081967 0.496571634789
0.902359108781 0.496932515337
0.902423051735 0.497293395886
0.902486910995 0.497654276435
0.902550686723 0.498015156983
0.901960784314 0.498015156983
0.902024820379 0.498376037532
0.902088772846 0.49873691808
0.902152641879 0.499097798629
0.90221642764 0.499458679177
0.902280130293 0.499819559726
0.90234375 0.500180440274
0.902407286923 0.500541320823
0.902470741222 0.500902201371
0.90253411306 0.50126308192
0.902597402597 0.501623962468
0.902660609994 0.501984843017
0.902723735409 0.502345723565
0.902786779002 0.502706604114
0.902849740933 0.503067484663
0.902912621359 0.503428365211
0.90297542044 0.50378924576
0.903038138332 0.504150126308
0.903100775194 0.504511006857
0.903163331181 0.504871887405
0.903225806452 0.505232767954
0.903288201161 0.505593648502
0.903350515464 0.505954529051
0.902768834514 0.505954529051
0.902187902188 0.505954529051
0.901607717042 0.505954529051
0.901028277635 0.505954529051
0.900449582531 0.505954529051
0.899871630295 0.505954529051
0.8992944195 0.505954529051
0.899358974359 0.506315409599
0.899423446509 0.506676290148
0.899487836108 0.507037170696
0.899552143314 0.507398051245
0.899616368286 0.507758931794
0.899680511182 0.508119812342
0.899744572158 0.508480692891
0.899808551372 0.508841573439
0.89987244898 0.509202453988
0.899936265137 0.509563334536
0.9 0.509924215085
0.900063653724 0.510285095633
0.900127226463 0.510645976182
0.900190718373 0.51100685673
0.900254129606 0.511367737279
0.900317460317 0.511728617827
0.90038071066 0.512089498376
0.900443880786 0.512450378925
0.900506970849 0.512811259473
0.900569981001 0.513172140022
0.900632911392 0.51353302057
0.900695762176 0.513893901119
0.900758533502 0.514254781667
0.900821225521 0.514615662216
0.900883838384 0.514976542764
0.90094637224 0.515337423313
0.901008827238 0.515698303861
0.901071203529 0.51605918441
0.901133501259 0.516420064958
0.901195720579 0.516780945507
0.900628930818 0.516780945507
0.900062853551 0.516780945507
0.899497487437 0.516780945507
0.898932831136 0.516780945507
0.898368883312 0.516780945507
0.897805642633 0.516780945507
0.897869674185 0.517141826056
0.897933625548 0.517502706604
0.897997496871 0.517863587153
0.898061288305 0.518224467701
0.898125 0.51858534825
0.898188632105 0.518946228798
0.898252184769 0.519307109347
0.898315658141 0.519667989895
0.898379052369 0.520028870444
0.898442367601 0.520389750992
0.898505603985 0.520750631541
0.898568761668 0.521111512089
0.898631840796 0.521472392638
0.898694841516 0.521833273187
0.898757763975 0.522194153735
0.898820608318 0.522555034284
0.89888337469 0.522915914832
0.898946063236 0.523276795381
0.899008674102 0.523637675929
0.89907120743 0.523998556478
0.898514851485 0.523998556478
0.898577612863 0.524359437026
0.898640296663 0.524720317575
0.898702903027 0.525081198123
0.898765432099 0.525442078672
0.898827884022 0.52580295922
0.89889025894 0.526163839769
0.898952556993 0.526524720318
0.899014778325 0.526885600866
0.899076923077 0.527246481415
0.89913899139 0.527607361963
0.899200983405 0.527968242512
0.899262899263 0.52832912306
0.899324739104 0.528690003609
0.899386503067 0.529050884157
0.899448191294 0.529411764706
0.899509803922 0.529772645254
0.89957134109 0.530133525803
0.899632802938 0.530494406351
0.899694189602 0.5308552869
0.899755501222 0.531216167449
0.899816737935 0.531577047997
0.899267399267 0.531577047997
0.898718730933 0.531577047997
0.898170731707 0.531577047997
0.897623400366 0.531577047997
0.897685749086 0.531937928546
0.897748021911 0.532298809094
0.897810218978 0.532659689643
0.897872340426 0.533020570191
0.897934386391 0.53338145074
0.897996357013 0.533742331288
0.898058252427 0.534103211837
0.898120072771 0.534464092385
0.898181818182 0.534824972934
0.898243488795 0.535185853482
0.898305084746 0.535546734031
0.898366606171 0.53590761458
0.898428053204 0.536268495128
0.898489425982 0.536629375677
0.898550724638 0.536990256225
0.898611949306 0.537351136774
0.898673100121 0.537712017322
0.898734177215 0.538072897871
0.898795180723 0.538433778419
0.898856110777 0.538794658968
0.898916967509 0.539155539516
0.898376428142 0.539155539516
0.8984375 0.539516420065
0.898498498498 0.539877300613
0.89855942377 0.540238181162
0.898620275945 0.540599061711
0.898081534772 0.540599061711
0.898142600359 0.540959942259
0.898203592814 0.541320822808
0.898264512268 0.541681703356
0.898325358852 0.542042583905
0.898386132696 0.542403464453
0.898446833931 0.542764345002
0.898507462687 0.54312522555
0.898568019093 0.543486106099
0.898032200358 0.543486106099
0.898092967819 0.543846986647
0.898153662895 0.544207867196
0.898214285714 0.544568747744
0.898274836407 0.544929628293
0.89774078478 0.544929628293
0.897207367796 0.544929628293
0.896674584323 0.544929628293
0.896735905045 0.545290508842
0.896797153025 0.54565138939
0.896858328394 0.546012269939
0.89691943128 0.546373150487
0.896980461812 0.546734031036
0.897041420118 0.547094911584
0.897102306328 0.547455792133
0.897163120567 0.547816672681
0.897223862965 0.54817755323
0.897284533648 0.548538433778
0.897345132743 0.548899314327
0.897405660377 0.549260194875
0.897466116676 0.549621075424
0.897526501767 0.549981955973
0.897586815774 0.550342836521
0.897647058824 0.55070371707
0.897119341564 0.55070371707
0.896592244418 0.55070371707
0.896065766295 0.55070371707
0.896126760563 0.551064597618
0.896187683284 0.551425478167
0.896248534584 0.551786358715
0.896309314587 0.552147239264
0.896370023419 0.552508119812
0.896430661205 0.552869000361
0.89649122807 0.553229880909
0.896551724138 0.553590761458
0.896612149533 0.553951642006
0.896672504378 0.554312522555
0.896732788798 0.554673403104
0.896793002915 0.555034283652
0.896853146853 0.555395164201
0.896913220734 0.555756044749
0.89697322468 0.556116925298
0.897033158813 0.556477805846
0.897093023256 0.556838686395
0.897152818129 0.557199566943
0.897212543554 0.557560447492
0.897272199652 0.55792132804
0.897331786543 0.558282208589
0.897391304348 0.558643089137
0.897450753187 0.559003969686
0.896931094383 0.559003969686
0.896990740741 0.559364850235
0.897050318103 0.559725730783
0.89710982659 0.560086611332
0.89716926632 0.56044749188
0.897228637413 0.560808372429
0.897287939988 0.561169252977
0.897347174164 0.561530133526
0.897406340058 0.561891014074
0.897465437788 0.562251894623
0.897524467473 0.562612775171
0.897583429229 0.56297365572
0.897642323174 0.563334536268
0.897701149425 0.563695416817
0.897759908099 0.564056297366
0.897818599311 0.564417177914
0.897877223178 0.564778058463
0.897935779817 0.565138939011
0.897994269341 0.56549981956
0.897479954181 0.56549981956
0.897538637665 0.565860700108
0.897597254005 0.566221580657
0.897655803316 0.566582461205
0.897714285714 0.566943341754
0.897772701314 0.567304222302
0.897831050228 0.567665102851
0.897889332573 0.568025983399
0.897947548461 0.568386863948
0.898005698006 0.568747744497
0.898063781321 0.569108625045
0.89812179852 0.569469505594
0.898179749716 0.569830386142
0.89823763502 0.570191266691
0.898295454545 0.570552147239
0.898353208404 0.570913027788
0.898410896708 0.571273908336
0.898468519569 0.571634788885
0.898526077098 0.571995669433
0.898583569405 0.572356549982
0.898640996602 0.57271743053
0.8986983588 0.573078311079
0.898755656109 0.573439191628
0.898247597513 0.573439191628
0.897740112994 0.573439191628
0.89779785432 0.573800072176
0.897855530474 0.574160952725
0.897913141568 0.574521833273
0.897970687711 0.574882713822
0.898028169014 0.57524359437
0.898085585586 0.575604474919
0.898142937535 0.575965355467
0.898200224972 0.576326236016
0.898257448004 0.576687116564
0.898314606742 0.577047997113
0.898371701291 0.577408877661
0.898428731762 0.57776975821
0.898485698261 0.578130638759
0.898542600897 0.578491519307
0.898599439776 0.578852399856
0.898656215006 0.579213280404
0.898712926693 0.579574160953
0.898769574944 0.579935041501
0.898267188373 0.579935041501
0.897765363128 0.579935041501
0.897264098269 0.579935041501
0.897321428571 0.58029592205
0.897378694925 0.580656802598
0.897435897436 0.581017683147
0.897493036212 0.581378563695
0.897550111359 0.581739444244
0.897607122983 0.582100324792
0.89766407119 0.582461205341
0.897720956087 0.58282208589
0.897777777778 0.583182966438
0.897834536369 0.583543846987
0.897891231964 0.583904727535
0.89794786467 0.584265608084
0.89800443459 0.584626488632
0.898060941828 0.584987369181
0.898117386489 0.585348249729
0.898173768677 0.585709130278
0.898230088496 0.586070010826
0.898286346048 0.586430891375
0.898342541436 0.586791771923
0.89784649365 0.586791771923
0.897902869757 0.587152652472
0.897959183673 0.587513533021
0.898015435502 0.587874413569
0.898071625344 0.588235294118
0.898127753304 0.588596174666
0.898183819483 0.588957055215
0.898239823982 0.589317935763
0.898295766905 0.589678816312
0.898351648352 0.59003969686
0.898407468424 0.590400577409
0.898463227223 0.590761457957
0.898518924849 0.591122338506
0.898574561404 0.591483219054
0.898630136986 0.591844099603
0.898685651698 0.592204980152
0.898741105638 0.5925658607
0.898796498906 0.592926741249
0.898305084746 0.592926741249
0.898360655738 0.593287621797
0.898416166029 0.593648502346
0.898471615721 0.594009382894
0.89852700491 0.594370263443
0.898582333697 0.594731143991
0.89863760218 0.59509202454
0.898692810458 0.595452905088
0.898747958628 0.595813785637
0.89880304679 0.596174666185
0.898858075041 0.596535546734
0.898913043478 0.596896427283
0.898424769147 0.596896427283
0.897937024973 0.596896427283
0.89799240369 0.597257307831
0.898047722343 0.59761818838
0.89810298103 0.597979068928
0.898158179848 0.598339949477
0.898213318896 0.598700830025
0.898268398268 0.599061710574
0.898323418064 0.599422591122
0.898378378378 0.599783471671
0.897893030794 0.599783471671
0.897408207343 0.599783471671
0.896923907178 0.599783471671
0.89644012945 0.599783471671
0.895956873315 0.599783471671
0.895474137931 0.599783471671
0.894991922456 0.599783471671
0.89451022605 0.599783471671
0.89456697149 0.600144352219
0.894623655914 0.600505232768
0.89468027942 0.600866113316
0.894736842105 0.601226993865
0.894793344069 0.601587874414
0.894849785408 0.601948754962
0.89490616622 0.602309635511
0.894962486602 0.602670516059
0.894483128013 0.602670516059
0.894004282655 0.602670516059
0.893525949706 0.602670516059
0.893048128342 0.602670516059
0.893105291288 0.603031396608
0.893162393162 0.603392277156
0.893219434063 0.603753157705
0.893276414088 0.604114038253
0.893333333333 0.604474918802
0.893390191898 0.60483579935
0.893446989877 0.605196679899
0.89350372737 0.605557560447
0.89356040447 0.605918440996
0.893617021277 0.606279321545
0.893673577884 0.606640202093
0.893730074389 0.607001082642
0.893786510887 0.60736196319
0.893842887473 0.607722843739
0.893899204244 0.608083724287
0.893955461294 0.608444604836
0.894011658718 0.608805485384
0.89406779661 0.609166365933
0.893594494442 0.609166365933
0.893121693122 0.609166365933
0.893178212586 0.609527246481
0.893234672304 0.60988812703
0.893291072372 0.610249007578
0.893347412883 0.610609888127
0.893403693931 0.610970768676
0.893459915612 0.611331649224
0.893516078018 0.611692529773
0.893572181243 0.612053410321
0.893628225382 0.61241429087
0.893684210526 0.612775171418
0.89374013677 0.613136051967
0.893796004206 0.613496932515
0.893851812927 0.613857813064
0.893907563025 0.614218693612
0.893963254593 0.614579574161
0.894018887723 0.614940454709
0.894074462507 0.615301335258
0.894129979036 0.615662215807
0.893661602933 0.615662215807
0.893193717277 0.615662215807
0.892726321298 0.615662215807
0.892782426778 0.616023096355
0.892838473602 0.616383976904
0.89289446186 0.616744857452
0.892950391645 0.617105738001
0.893006263048 0.617466618549
0.893062076161 0.617827499098
0.893117831074 0.618188379646
0.893173527879 0.618549260195
0.893229166667 0.618910140743
0.893284747527 0.619271021292
0.892819979188 0.619271021292
0.892355694228 0.619271021292
0.891891891892 0.619271021292
0.891428571429 0.619271021292
0.891484942887 0.61963190184
0.891541255838 0.619992782389
0.891597510373 0.620353662938
0.891653706584 0.620714543486
0.89170984456 0.621075424035
0.891765924392 0.621436304583
0.89182194617 0.621797185132
0.891877909984 0.62215806568
0.891933815926 0.622518946229
0.891989664083 0.622879826777
0.89152892562 0.622879826777
0.891068662881 0.622879826777
0.891124871001 0.623240707326
0.891181021145 0.623601587874
0.891237113402 0.623962468423
0.891293147862 0.624323348971
0.890834191555 0.624323348971
0.890375707669 0.624323348971
0.889917695473 0.624323348971
0.889460154242 0.624323348971
0.889516957862 0.62468422952
0.889573703133 0.625045110069
0.889117043121 0.625045110069
0.889173935351 0.625405990617
0.889230769231 0.625766871166
0.889287544849 0.626127751714
0.889344262295 0.626488632263
0.889400921659 0.626849512811
0.88945752303 0.62721039336
0.889514066496 0.627571273908
0.889570552147 0.627932154457
0.889626980072 0.628293035005
0.889683350358 0.628653915554
0.889739663093 0.629014796102
0.889795918367 0.629375676651
0.889852116267 0.6297365572
0.889908256881 0.630097437748
0.889964340295 0.630458318297
0.890020366599 0.630819198845
0.890076335878 0.631180079394
0.89013224822 0.631540959942
0.890188103711 0.631901840491
0.890243902439 0.632262721039
0.89029964449 0.632623601588
0.889847715736 0.632623601588
0.889903602232 0.632984482136
0.889959432049 0.633345362685
0.889508362899 0.633345362685
0.88905775076 0.633345362685
0.889113924051 0.633706243233
0.889170040486 0.634067123782
0.889226100152 0.634428004331
0.889282103134 0.634788884879
0.88933804952 0.635149765428
0.889393939394 0.635510645976
0.889449772842 0.635871526525
0.88950554995 0.636232407073
0.889056984367 0.636232407073
0.888608870968 0.636232407073
0.888664987406 0.636593287622
0.888721047331 0.63695416817
0.88877705083 0.637315048719
0.888832997988 0.637675929267
0.888888888889 0.638036809816
0.888944723618 0.638397690364
0.88900050226 0.638758570913
0.8890562249 0.639119451462
0.889111891621 0.63948033201
0.889167502508 0.639841212559
0.889223057644 0.640202093107
0.889278557114 0.640562973656
0.889334001002 0.640923854204
0.889389389389 0.641284734753
0.889444722361 0.641645615301
0.8895 0.64200649585
0.889555222389 0.642367376398
0.88961038961 0.642728256947
0.889665501747 0.643089137495
0.889720558882 0.643450018044
0.889775561097 0.643810898593
0.889830508475 0.644171779141
0.889885401096 0.64453265969
0.889940239044 0.644893540238
0.88949726232 0.644893540238
0.889552238806 0.645254420787
0.889607160617 0.645615301335
0.889662027833 0.645976181884
0.889716840537 0.646337062432
0.889771598808 0.646697942981
0.88982630273 0.647058823529
0.889880952381 0.647419704078
0.889935547843 0.647780584626
0.889990089197 0.648141465175
0.890044576523 0.648502345724
0.890099009901 0.648863226272
0.890153389411 0.649224106821
0.890207715134 0.649584987369
0.890261987148 0.649945867918
0.890316205534 0.650306748466
0.89037037037 0.650667629015
0.890424481737 0.651028509563
0.890478539714 0.651389390112
0.890532544379 0.65175027066
0.890586495811 0.652111151209
0.890640394089 0.652472031757
0.890694239291 0.652832912306
0.890748031496 0.653193792855
0.890801770782 0.653554673403
0.890363815143 0.653554673403
0.890417690418 0.653915553952
0.89047151277 0.6542764345
0.890525282278 0.654637315049
0.890578999019 0.654998195597
0.89063266307 0.655359076146
0.89068627451 0.655719956694
0.890739833415 0.656080837243
0.890793339863 0.656441717791
0.89084679393 0.65680259834
0.890900195695 0.657163478888
0.890953545232 0.657524359437
0.89100684262 0.657885239986
0.891060087934 0.658246120534
0.890625 0.658246120534
0.890678379697 0.658607001083
0.890731707317 0.658967881631
0.890784982935 0.65932876218
0.890838206628 0.659689642728
0.890891378471 0.660050523277
0.890944498539 0.660411403825
0.890510948905 0.660411403825
0.890564202335 0.660772284374
0.890617403986 0.661133164922
0.890670553936 0.661494045471
0.890723652258 0.661854926019
0.890776699029 0.662215806568
0.890829694323 0.662576687117
0.890397672163 0.662576687117
0.889966068832 0.662576687117
0.889534883721 0.662576687117
0.889104116223 0.662576687117
0.889157792836 0.662937567665
0.889211417513 0.663298448214
0.889264990329 0.663659328762
0.889318511358 0.664020209311
0.889371980676 0.664381089859
0.888942539836 0.664381089859
0.888513513514 0.664381089859
0.88808490111 0.664381089859
0.887656702025 0.664381089859
0.887228915663 0.664381089859
0.886801541426 0.664381089859
0.886856042369 0.664741970408
0.886910490857 0.665102850956
0.886964886965 0.665463731505
0.887019230769 0.665824612053
0.887073522345 0.666185492602
0.887127761768 0.66654637315
0.887181949112 0.666907253699
0.887236084453 0.667268134248
0.886810551559 0.667268134248
0.886864813039 0.667629014796
0.88691902252 0.667989895345
0.886973180077 0.668350775893
0.887027285783 0.668711656442
0.887081339713 0.66907253699
0.887135341942 0.669433417539
0.887189292543 0.669794298087
0.886765408505 0.669794298087
0.886341929322 0.669794298087
0.885918854415 0.669794298087
0.885973282443 0.670155178636
0.88602765856 0.670516059184
0.886081982841 0.670876939733
0.88613625536 0.671237820281
0.88619047619 0.67159870083
0.886244645407 0.671959581379
0.886298763083 0.672320461927
0.885877318117 0.672320461927
0.885456273764 0.672320461927
0.885510688836 0.672681342476
0.885565052232 0.673042223024
0.885619364025 0.673403103573
0.885673624288 0.673763984121
0.885727833096 0.67412486467
0.885781990521 0.674485745218
0.885836096637 0.674846625767
0.885890151515 0.675207506315
0.88594415523 0.675568386864
0.885998107852 0.675929267412
0.886052009456 0.676290147961
0.886105860113 0.67665102851
0.886159659896 0.677011909058
0.886213408876 0.677372789607
0.886267107126 0.677733670155
0.885849056604 0.677733670155
0.885902876002 0.678094550704
0.885956644675 0.678455431252
0.886010362694 0.678816311801
0.886064030132 0.679177192349
0.886117647059 0.679538072898
0.886171213547 0.679898953446
0.886224729666 0.680259833995
0.886278195489 0.680620714543
0.886331611085 0.680981595092
0.886384976526 0.681342475641
0.886438291882 0.681703356189
0.886022514071 0.681703356189
0.885607126113 0.681703356189
0.885660731022 0.682064236738
0.885714285714 0.682425117286
0.885767790262 0.682785997835
0.885821244736 0.683146878383
0.885874649205 0.683507758932
0.88592800374 0.68386863948
0.885981308411 0.684229520029
0.885567491826 0.684229520029
0.885620915033 0.684590400577
0.885674288381 0.684951281126
0.88572761194 0.685312161674
0.885780885781 0.685673042223
0.885834109972 0.686033922772
0.885887284583 0.68639480332
0.885474860335 0.68639480332
0.885062819916 0.68639480332
0.88511627907 0.686755683869
0.885169688517 0.687116564417
0.885223048327 0.687477444966
0.885276358569 0.687838325514
0.88486536676 0.687838325514
0.884454756381 0.687838325514
0.884508348794 0.688199206063
0.884561891516 0.688560086611
0.884615384615 0.68892096716
0.884668828161 0.689281847708
0.884722222222 0.689642728257
0.88431281814 0.689642728257
0.883903792784 0.689642728257
0.883957466482 0.690003608805
0.884011090573 0.690364489354
0.884064665127 0.690725369903
0.884118190212 0.691086250451
0.884171665898 0.691447131
0.883763837638 0.691447131
0.883817427386 0.691808011548
0.883870967742 0.692168892097
0.883924458775 0.692529772645
0.883517495396 0.692529772645
0.883110906581 0.692529772645
0.882704691812 0.692529772645
0.882298850575 0.692529772645
0.882352941176 0.692890653194
0.882406982085 0.693251533742
0.88246097337 0.693612414291
0.882514915099 0.693973294839
0.882568807339 0.694334175388
0.88262265016 0.694695055936
0.88267644363 0.695055936485
0.882730187815 0.695416817034
0.882783882784 0.695777697582
0.8823798627 0.695777697582
0.88197621226 0.695777697582
0.881572930956 0.695777697582
0.881170018282 0.695777697582
0.880767473732 0.695777697582
0.880365296804 0.695777697582
0.880419899589 0.696138578131
0.880474452555 0.696499458679
0.880528955768 0.696860339228
0.880583409298 0.697221219776
0.880637813212 0.697582100325
0.880236794171 0.697582100325
0.879836140191 0.697582100325
0.879890809827 0.697942980873
0.879945429741 0.698303861422
0.88 0.69866474197
0.880054520672 0.699025622519
0.879654859219 0.699025622519
0.879255560599 0.699025622519
0.879310344828 0.699386503067
0.879365079365 0.699747383616
0.879419764279 0.700108264165
0.879474399638 0.700469144713
0.879528985507 0.700830025262
0.879130828429 0.700830025262
0.879185520362 0.70119090581
0.879240162822 0.701551786359
0.879294755877 0.701912666907
0.879349299593 0.702273547456
0.879403794038 0.702634428004
0.879458239278 0.702995308553
0.879512635379 0.703356189101
0.879115922418 0.703356189101
0.878719567178 0.703356189101
0.878323569175 0.703356189101
0.877927927928 0.703356189101
0.87798289059 0.70371706965
0.87803780378 0.704077950198
0.878092667566 0.704438830747
0.878147482014 0.704799711296
0.878202247191 0.705160591844
0.877807726864 0.705160591844
0.87786259542 0.705521472393
0.877917414722 0.705882352941
0.877972184836 0.70624323349
0.877578475336 0.70624323349
0.877185118781 0.70624323349
0.877240143369 0.706604114038
0.877295118674 0.706964994587
0.876902417189 0.706964994587
0.876510067114 0.706964994587
0.876118067979 0.706964994587
0.87617344658 0.707325875135
0.875781948168 0.707325875135
0.875837427423 0.707686755684
0.875446428571 0.707686755684
0.87505577867 0.707686755684
0.874665477252 0.707686755684
0.874721355328 0.708047636232
0.874777183601 0.708408516781
0.874832962138 0.708769397329
0.874888691006 0.709130277878
0.874944370271 0.709491158427
0.875 0.709852038975
0.875055580258 0.710212919524
0.874666666667 0.710212919524
0.874722345624 0.710573800072
0.874777975133 0.710934680621
0.87483355526 0.711295561169
0.874445430346 0.711295561169
0.874057649667 0.711295561169
0.874113475177 0.711656441718
0.874169251218 0.712017322266
0.874224977857 0.712378202815
0.874280655157 0.712739083363
0.87389380531 0.712739083363
0.873949579832 0.713099963912
0.87400530504 0.71346084446
0.874060980999 0.713821725009
0.874116607774 0.714182605558
0.873730684327 0.714182605558
0.8733451015 0.714182605558
0.872959858844 0.714182605558
0.873015873016 0.714543486106
0.873071837814 0.714904366655
0.87268722467 0.714904366655
0.872743284897 0.715265247203
0.872799295775 0.715626127752
0.872415310163 0.715626127752
0.872031662269 0.715626127752
0.872087912088 0.7159870083
0.872144112478 0.716347888849
0.871761089152 0.716347888849
0.871378402107 0.716347888849
0.871434839842 0.716708769397
0.87149122807 0.717069649946
0.871547566857 0.717430530494
0.871603856266 0.717791411043
0.871222076216 0.717791411043
0.871278458844 0.718152291591
0.871334792123 0.71851317214
0.871391076115 0.718874052689
0.871010056843 0.718874052689
0.870629370629 0.718874052689
0.870249017038 0.718874052689
0.870305676856 0.719234933237
0.870362287211 0.719595813786
0.870418848168 0.719956694334
0.870039249891 0.719956694334
0.870095902354 0.720317574883
0.869716775599 0.720317574883
0.869773519164 0.720678455431
0.869830213322 0.72103933598
0.869451697128 0.72103933598
0.869073510222 0.72103933598
0.868695652174 0.72103933598
0.86875271621 0.721400216528
0.868809730669 0.721761097077
0.868866695614 0.722121977625
0.868923611111 0.722482858174
0.868980477223 0.722843738722
0.869037294016 0.723204619271
0.869094061552 0.72356549982
0.869150779896 0.723926380368
0.869207449112 0.724287260917
0.869264069264 0.724648141465
0.869320640415 0.725009022014
0.86937716263 0.725369902562
0.869001297017 0.725369902562
0.869057908384 0.725730783111
0.869114470842 0.726091663659
0.868739205527 0.726091663659
0.868364264135 0.726091663659
0.868421052632 0.726452544208
0.868046571798 0.726452544208
0.868103448276 0.726813424756
0.868160275743 0.727174305305
0.867786391042 0.727174305305
0.867412828239 0.727174305305
0.867469879518 0.727535185853
0.86752688172 0.727896066402
0.86758383491 0.728256946951
0.867211001289 0.728256946951
0.867268041237 0.728617827499
0.867325032203 0.728978708048
0.867381974249 0.729339588596
0.867438867439 0.729700469145
0.867495711835 0.730061349693
0.867552507501 0.730422230242
0.867180805484 0.730422230242
0.867237687366 0.73078311079
0.867294520548 0.731143991339
0.867351305092 0.731504871887
0.867408041061 0.731865752436
0.867464728516 0.732226632984
0.867094017094 0.732226632984
0.866723622384 0.732226632984
0.866780529462 0.732587513533
0.866837387964 0.732948394082
0.866467576792 0.732948394082
0.866524520256 0.73330927463
0.866581415175 0.733670155179
0.866638261611 0.734031035727
0.866695059625 0.734391916276
0.866751809281 0.734752796824
0.866808510638 0.735113677373
0.86686516376 0.735474557921
0.866496598639 0.735474557921
0.866128346791 0.735474557921
0.865760407816 0.735474557921
0.865817409766 0.73583543847
0.865874363328 0.736196319018
0.865931268562 0.736557199567
0.86598812553 0.736918080115
0.866044934294 0.737278960664
0.865677966102 0.737278960664
0.865311308767 0.737278960664
0.865368331922 0.737639841213
0.865002115954 0.737639841213
0.865059221658 0.738000721761
0.864693446089 0.738000721761
0.864327979713 0.738000721761
0.864385297845 0.73836160231
0.864442567568 0.738722482858
0.86449978894 0.739083363407
0.864556962025 0.739444243955
0.864614086883 0.739805124504
0.864671163575 0.740166005052
0.864306784661 0.740166005052
0.863942712721 0.740166005052
0.863578947368 0.740166005052
0.863215488215 0.740166005052
0.862852334876 0.740166005052
0.862489486964 0.740166005052
0.862547288777 0.740526885601
0.862605042017 0.740887766149
0.862662746745 0.741248646698
0.862720403023 0.741609527246
0.8623583718 0.741609527246
0.862416107383 0.741970407795
0.862473794549 0.742331288344
0.862531433361 0.742692168892
0.862589023879 0.743053049441
0.862646566164 0.743413929989
0.862704060276 0.743774810538
0.862761506276 0.744135691086
0.862818904224 0.744496571635
0.86245819398 0.744496571635
0.862515670706 0.744857452183
0.862573099415 0.745218332732
0.862630480167 0.74557921328
0.862687813022 0.745940093829
0.862745098039 0.746300974377
0.862802335279 0.746661854926
0.862859524802 0.747022735475
0.862916666667 0.747383616023
0.862973760933 0.747744496572
0.862614487927 0.747744496572
0.862671660424 0.74810537712
0.862728785358 0.748466257669
0.862785862786 0.748827138217
0.86242726517 0.748827138217
0.862068965517 0.748827138217
0.861710963455 0.748827138217
0.861768368618 0.749188018766
0.861410788382 0.749188018766
0.861468270427 0.749548899314
0.861111111111 0.749548899314
0.861168669706 0.749909779863
0.860811930406 0.749909779863
0.860455486542 0.749909779863
0.860513245033 0.750270660411
0.86057095573 0.75063154096
0.860628618693 0.750992421508
0.860686233981 0.751353302057
0.860743801653 0.751714182606
0.86038826931 0.751714182606
0.860033030553 0.751714182606
0.860090796533 0.752075063154
0.860148514851 0.752435943703
0.860206185567 0.752796824251
0.860263808739 0.7531577048
0.860321384425 0.753518585348
0.859967051071 0.753518585348
0.859613009469 0.753518585348
0.859259259259 0.753518585348
0.859317153435 0.753879465897
0.859375 0.754240346445
0.859432799014 0.754601226994
0.859490550534 0.754962107542
0.85954825462 0.755322988091
0.85960591133 0.755683868639
0.85925318014 0.755683868639
0.859310910582 0.756044749188
0.859368593686 0.756405629737
0.859426229508 0.756766510285
0.859483818107 0.757127390834
0.859131859132 0.757127390834
0.858780188293 0.757127390834
0.85883797054 0.757488271382
0.858486707566 0.757488271382
0.858135731807 0.757488271382
0.858193706579 0.757849151931
0.858251633987 0.758210032479
0.858309514087 0.758570913028
0.857959183673 0.758570913028
0.858017135863 0.758931793576
0.85766721044 0.758931793576
0.857725234407 0.759292674125
0.857783211084 0.759653554673
0.85784114053 0.760014435222
0.857899022801 0.76037531577
0.85754985755 0.76037531577
0.857200976404 0.76037531577
0.857259048394 0.760736196319
0.856910569106 0.760736196319
0.856562373019 0.760736196319
0.856214459789 0.760736196319
0.856272838002 0.761097076868
0.856331168831 0.761457957416
0.856389452333 0.761818837965
0.856447688564 0.762179718513
0.856505877584 0.762540599062
0.856158833063 0.762540599062
0.855812069664 0.762540599062
0.855870445344 0.76290147961
0.855928773776 0.763262360159
0.855987055016 0.763623240707
0.855640921957 0.763623240707
0.855295068715 0.763623240707
0.855353535354 0.763984121256
0.855008077544 0.763984121256
0.854662898668 0.763984121256
0.854317998386 0.763984121256
0.854376764825 0.764345001804
0.854435483871 0.764705882353
0.854494155582 0.765066762901
0.854552780016 0.76542764345
0.854208618607 0.76542764345
0.854267310789 0.765788523999
0.854325955734 0.766149404547
0.8543845535 0.766510285096
0.854443104142 0.766871165644
0.854501607717 0.767232046193
0.854158296505 0.767232046193
0.85421686747 0.767592926741
0.853873946206 0.767592926741
0.85393258427 0.76795380729
0.853991175291 0.768314687838
0.853648757017 0.768314687838
0.85370741483 0.768675568387
0.853365384615 0.768675568387
0.853023628354 0.768675568387
0.852682145717 0.768675568387
0.852340936375 0.768675568387
0.8524 0.769036448935
0.852459016393 0.769397329484
0.852517985612 0.769758210032
0.852576907711 0.770119090581
0.852635782748 0.77047997113
0.852694610778 0.770840851678
0.85275339186 0.771201732227
0.85241324292 0.771201732227
0.852472089314 0.771562612775
0.852132323635 0.771562612775
0.85219123506 0.771923493324
0.851851851852 0.771923493324
0.851512738854 0.771923493324
0.851173895742 0.771923493324
0.85123309467 0.772284373872
0.850894632207 0.772284373872
0.850953895072 0.772645254421
0.851013110846 0.773006134969
0.851072279587 0.773367015518
0.85113140135 0.773727896066
0.85119047619 0.774088776615
0.850852836176 0.774088776615
0.850911974623 0.774449657163
0.850574712644 0.774449657163
0.850633914422 0.774810537712
0.850693069307 0.775171418261
0.850752177356 0.775532298809
0.850811238623 0.775893179358
0.850870253165 0.776254059906
0.850929221036 0.776614940455
0.850592885375 0.776614940455
0.850651916239 0.776975821003
0.850710900474 0.777336701552
0.850769838137 0.7776975821
0.850828729282 0.778058462649
0.850887573964 0.778419343197
0.85094637224 0.778780223746
0.851005124162 0.779141104294
0.851063829787 0.779501984843
0.851122489169 0.779862865392
0.850787401575 0.779862865392
0.850846123573 0.78022374594
0.85051140834 0.78022374594
0.850570192686 0.780584626489
0.850628930818 0.780945507037
0.85068762279 0.781306387586
0.850746268657 0.781667268134
0.850804868473 0.782028148683
0.850863422292 0.782389029231
0.850921930169 0.78274990978
0.850588235294 0.78274990978
0.850254802038 0.78274990978
0.850313479624 0.783110790328
0.849980415198 0.783110790328
0.850039154268 0.783471670877
0.849706457926 0.783471670877
0.849765258216 0.783832551425
0.849432929214 0.783832551425
0.849491790461 0.784193431974
0.849550605705 0.784554312523
0.849609375 0.784915193071
0.849277625927 0.784915193071
0.849336455894 0.78527607362
0.849005072181 0.78527607362
0.848673946958 0.78527607362
0.848343079922 0.78527607362
0.848012470772 0.78527607362
0.848071679003 0.785636954168
0.848130841121 0.785997834717
0.847800700662 0.785997834717
0.847859922179 0.786358715265
0.847530143913 0.786358715265
0.847589424572 0.786719595814
0.847648659153 0.787080476362
0.847319347319 0.787080476362
0.846990291262 0.787080476362
0.847049689441 0.787441356911
0.847109041521 0.787802237459
0.847168347556 0.788163118008
0.8472276076 0.788523998556
0.847286821705 0.788884879105
0.8469585432 0.788884879105
0.846630518978 0.788884879105
0.84668989547 0.789245759654
0.846362229102 0.789245759654
0.846421663443 0.789606640202
0.846094354215 0.789606640202
0.845767298029 0.789606640202
0.845826893354 0.789967520751
0.845886442642 0.790328401299
0.84555984556 0.790328401299
0.845233500579 0.790328401299
0.845293209877 0.790689281848
0.844967219437 0.790689281848
0.844641480339 0.790689281848
0.844701348748 0.791050162396
0.844761171032 0.791411042945
0.844435887563 0.791411042945
0.844495765974 0.791771923493
0.844555598307 0.792132804042
0.844230769231 0.792132804042
0.843906189927 0.792132804042
0.843966179862 0.79249368459
0.843641951594 0.79249368459
0.84331797235 0.79249368459
0.842994241843 0.79249368459
0.843054489639 0.792854565139
0.843114691216 0.793215445687
0.842791411043 0.793215445687
0.842851667305 0.793576326236
0.842911877395 0.793937206785
0.842589046342 0.793937206785
0.842266462481 0.793937206785
0.842326827401 0.794298087333
0.842387146136 0.794658967882
0.842447418738 0.79501984843
0.842125382263 0.79501984843
0.842185708827 0.795380728979
0.841864018335 0.795380728979
0.841924398625 0.795741609527
0.841984732824 0.796102490076
0.841663487219 0.796102490076
0.841342486651 0.796102490076
0.841021730843 0.796102490076
0.841082317073 0.796463370624
0.841142857143 0.796824251173
0.840822543793 0.796824251173
0.840502474305 0.796824251173
0.840182648402 0.796824251173
0.84024343857 0.797185131721
0.84030418251 0.79754601227
0.839984796655 0.79754601227
0.839665653495 0.79754601227
0.839346752754 0.79754601227
0.839028094153 0.79754601227
0.839089184061 0.797906892818
0.839150227618 0.798267773367
0.838832006068 0.798267773367
0.838514025777 0.798267773367
0.838196286472 0.798267773367
0.838257575758 0.798628653916
0.837940174176 0.798628653916
0.838001514005 0.798989534464
0.837684449489 0.798989534464
0.837367624811 0.798989534464
0.837051039698 0.798989534464
0.836734693878 0.798989534464
0.836796373253 0.799350415013
0.836480362538 0.799350415013
0.836164590411 0.799350415013
0.836226415094 0.799711295561
0.83591097699 0.799711295561
0.835595776772 0.799711295561
0.835657745948 0.80007217611
0.835719668425 0.800433056658
0.835404896422 0.800433056658
0.835090361446 0.800433056658
0.83515242755 0.800793937207
0.834838224229 0.800793937207
0.83452425724 0.800793937207
0.834586466165 0.801154817755
0.834272829763 0.801154817755
0.833959429001 0.801154817755
0.834021779947 0.801515698304
0.833708708709 0.801515698304
0.833771106942 0.801876578852
0.833458364591 0.801876578852
0.833145856768 0.801876578852
0.833208395802 0.802237459401
0.832896215811 0.802237459401
0.832584269663 0.802237459401
0.832272557095 0.802237459401
0.831961077844 0.802237459401
0.83164983165 0.802237459401
0.83133881825 0.802237459401
0.831028037383 0.802237459401
0.830717488789 0.802237459401
0.830780724692 0.802598339949
0.830470500373 0.802598339949
0.830533781262 0.802959220498
0.830597014925 0.803320101047
0.830287206266 0.803320101047
0.829977628635 0.803320101047
0.829668281774 0.803320101047
0.829731743666 0.803680981595
0.829795158287 0.804041862144
0.829858525689 0.804402742692
0.829549683662 0.804402742692
0.829241071429 0.804402742692
0.829304574191 0.804763623241
0.82936802974 0.805124503789
0.82905982906 0.805124503789
0.828751857355 0.805124503789
0.828444114371 0.805124503789
0.8285077951 0.805485384338
0.828200371058 0.805485384338
0.828264094955 0.805846264886
0.828327771598 0.806207145435
0.828020756116 0.806207145435
0.828084475732 0.806568025983
0.828148148148 0.806928906532
0.828211773417 0.80728978708
0.827905255366 0.80728978708
0.827598964114 0.80728978708
0.827292899408 0.80728978708
0.826987060998 0.80728978708
0.827050997783 0.807650667629
0.826745474695 0.807650667629
0.826440177253 0.807650667629
0.826135105205 0.807650667629
0.825830258303 0.807650667629
0.825525636297 0.807650667629
0.825589970501 0.808011548178
0.825285661629 0.808011548178
0.824981577008 0.808011548178
0.825046040516 0.808372428726
0.824742268041 0.808372428726
0.824438719176 0.808372428726
0.824135393672 0.808372428726
0.823832291284 0.808372428726
0.823529411765 0.808372428726
0.823594266814 0.808733309275
0.823291697281 0.808733309275
0.823356591994 0.809094189823
0.82342143906 0.809455070372
0.823486238532 0.80981595092
0.823550990462 0.810176831469
0.823248991566 0.810176831469
0.822947214076 0.810176831469
0.823012092342 0.810537712017
0.822710622711 0.810537712017
0.822409373856 0.810537712017
0.822474377745 0.810898592566
0.822539334065 0.811259473114
0.82223847842 0.811259473114
0.822303473492 0.811620353663
0.822002923977 0.811620353663
0.822067957618 0.811981234211
0.82176771366 0.811981234211
0.821832785688 0.81234211476
0.821532846715 0.81234211476
0.821233126596 0.81234211476
0.821298322392 0.812702995309
0.820998906307 0.812702995309
0.820699708455 0.812702995309
0.820400728597 0.812702995309
0.820101966497 0.812702995309
0.819803421915 0.812702995309
0.819868995633 0.813063875857
0.819570753001 0.813063875857
0.819636363636 0.813424756406
0.819338422392 0.813424756406
0.819040697674 0.813424756406
0.818743189248 0.813424756406
0.818445896877 0.813424756406
0.818148820327 0.813424756406
0.817851959361 0.813424756406
0.817918026841 0.813785636954
0.81798404641 0.814146517503
0.818050018123 0.814507398051
0.817753623188 0.814507398051
0.817819630569 0.8148682786
0.817885590152 0.815229159148
0.817589576547 0.815229159148
0.817293777135 0.815229159148
0.816998191682 0.815229159148
0.817064352856 0.815590039697
0.816769063968 0.815590039697
0.816835260116 0.815950920245
0.816540267244 0.815950920245
0.816245487365 0.815950920245
0.815950920245 0.815950920245
0.816017316017 0.816311800794
0.815723043635 0.816311800794
0.815428983417 0.816311800794
0.815495495495 0.816672681342
0.815201729107 0.816672681342
0.814908174289 0.816672681342
0.814614830814 0.816672681342
0.814321698453 0.816672681342
0.814028776978 0.816672681342
0.813736066163 0.816672681342
0.81380301941 0.817033561891
0.813510600072 0.817033561891
0.813218390805 0.817033561891
0.812926391382 0.817033561891
0.812634601579 0.817033561891
0.81234302117 0.817033561891
0.812410329986 0.81739444244
0.812119039082 0.81739444244
0.811827956989 0.81739444244
0.811895378001 0.817755322988
0.811604584527 0.817755322988
0.811313999284 0.817755322988
0.811023622047 0.817755322988
0.811091234347 0.818116203537
0.810801144492 0.818116203537
0.810511262066 0.818116203537
0.810578984989 0.818477084085
0.810646659521 0.818837964634
0.810714285714 0.819198845182
0.810424848268 0.819198845182
0.810492505353 0.819559725731
0.810560114163 0.819920606279
0.810271041369 0.819920606279
0.809982174688 0.819920606279
0.810049893086 0.820281486828
0.809761311008 0.820281486828
0.809472934473 0.820281486828
0.809184763261 0.820281486828
0.809252669039 0.820642367376
0.808964781217 0.820642367376
0.809032716927 0.821003247925
0.809100604337 0.821364128473
0.80881307747 0.821364128473
0.808880994671 0.821725009022
0.808948863636 0.822085889571
0.808661696841 0.822085889571
0.808729595458 0.822446770119
0.808797445903 0.822807650668
0.808510638298 0.822807650668
0.80822403403 0.822807650668
0.807937632884 0.822807650668
0.808005667729 0.823168531216
0.808073654391 0.823529411765
0.807787610619 0.823529411765
0.807855626327 0.823890292313
0.807923593916 0.824251172862
0.807637906648 0.824251172862
0.807705903146 0.82461205341
0.8074204947 0.82461205341
0.807135287884 0.82461205341
0.806850282486 0.82461205341
0.806565478292 0.82461205341
0.806280875088 0.82461205341
0.806349206349 0.824972933959
0.806064880113 0.824972933959
0.805780754318 0.824972933959
0.805496828753 0.824972933959
0.805213103205 0.824972933959
0.804929577465 0.824972933959
0.80464625132 0.824972933959
0.80436312456 0.824972933959
0.804080196975 0.824972933959
0.804149085795 0.825333814507
0.804217926186 0.825694695056
0.804286718201 0.826055575604
0.804004214963 0.826055575604
0.803721910112 0.826055575604
0.803790803791 0.826416456153
0.80350877193 0.826416456153
0.803577692038 0.826777336702
0.803646563815 0.82713821725
0.803364879075 0.82713821725
0.803083391731 0.82713821725
0.803152364273 0.827499097799
0.802871148459 0.827499097799
0.802590129506 0.827499097799
0.802659202239 0.827859978347
0.802728226653 0.828220858896
0.802447552448 0.828220858896
0.802516602587 0.828581739444
0.802236198463 0.828581739444
0.802305274188 0.828942619993
0.802025139665 0.828942619993
0.801745200698 0.828942619993
0.801814375436 0.829303500541
0.801534705267 0.829303500541
0.80160390516 0.82966438109
0.801673056814 0.830025261638
0.801393728223 0.830025261638
0.801114594218 0.830025261638
0.800835654596 0.830025261638
0.800556909154 0.830025261638
0.800626304802 0.830386142187
0.800695652174 0.830747022735
0.800417246175 0.830747022735
0.800486618005 0.831107903284
0.80020847811 0.831107903284
0.799930531435 0.831107903284
0.8 0.831468783833
0.799722318639 0.831468783833
0.799791811242 0.831829664381
0.799861255636 0.83219054493
0.799583911234 0.83219054493
0.799306759099 0.83219054493
0.79902979903 0.83219054493
0.798753030828 0.83219054493
0.798476454294 0.83219054493
0.798200069228 0.83219054493
0.797923875433 0.83219054493
0.797647872708 0.83219054493
0.797372060858 0.83219054493
0.797096439682 0.83219054493
0.797166551486 0.832551425478
0.797236614853 0.832912306027
0.796961325967 0.832912306027
0.796686227132 0.832912306027
0.79641131815 0.832912306027
0.79648154536 0.833273186575
0.796551724138 0.833634067124
0.796277145812 0.833634067124
0.79600275672 0.833634067124
0.795728556666 0.833634067124
0.795454545455 0.833634067124
0.795524956971 0.833994947672
0.795595320028 0.834355828221
0.795321637427 0.834355828221
0.795392022008 0.834716708769
0.795118597456 0.834716708769
0.794845360825 0.834716708769
0.79457231192 0.834716708769
0.794299450549 0.834716708769
0.794026776519 0.834716708769
0.793754289636 0.834716708769
0.793481989708 0.834716708769
0.793209876543 0.834716708769
0.792937949949 0.834716708769
0.793008910212 0.835077589318
0.79273723878 0.835077589318
0.792465753425 0.835077589318
0.792194453954 0.835077589318
0.791923340178 0.835077589318
0.791994526172 0.835438469866
0.791723666211 0.835438469866
0.791452991453 0.835438469866
0.791524265208 0.835799350415
0.791253843526 0.835799350415
0.791325136612 0.836160230964
0.791054967566 0.836160230964
0.790784982935 0.836160230964
0.790515182532 0.836160230964
0.790245566166 0.836160230964
0.789976133652 0.836160230964
0.789706884799 0.836160230964
0.789437819421 0.836160230964
0.789509536785 0.836521111512
0.789581205312 0.836881992061
0.789312457454 0.836881992061
0.789384144267 0.837242872609
0.789115646259 0.837242872609
0.78884733084 0.837242872609
0.788579197825 0.837242872609
0.788311247027 0.837242872609
0.788383152174 0.837603753158
0.788455008489 0.837964633706
0.788187372709 0.837964633706
0.788259246692 0.838325514255
0.787991858887 0.838325514255
0.787724652425 0.838325514255
0.787796610169 0.838686394803
0.787868519146 0.839047275352
0.787940379404 0.8394081559
0.78767355232 0.8394081559
0.787745429926 0.839769036449
0.787478849408 0.839769036449
0.787212449256 0.839769036449
0.786946229286 0.839769036449
0.786680189317 0.839769036449
0.786752281176 0.840129916997
0.786824324324 0.840490797546
0.786896318811 0.840851678095
0.786630654963 0.840851678095
0.786702666217 0.841212558643
0.78677462888 0.841573439192
0.786846543002 0.84193431974
0.786581254214 0.84193431974
0.786316144253 0.84193431974
0.786051212938 0.84193431974
0.785786460088 0.84193431974
0.785858585859 0.842295200289
0.785594076069 0.842295200289
0.78532974428 0.842295200289
0.785065590313 0.842295200289
0.784801613988 0.842295200289
0.784537815126 0.842295200289
0.784274193548 0.842295200289
0.784010749076 0.842295200289
0.784083277367 0.842656080837
0.784155756965 0.843016961386
0.78389261745 0.843016961386
0.783629654478 0.843016961386
0.783366867874 0.843016961386
0.783104257459 0.843016961386
0.782841823056 0.843016961386
0.782579564489 0.843016961386
0.782652377763 0.843377841934
0.782725142283 0.843738722483
0.782463186078 0.843738722483
0.782201405152 0.843738722483
0.782274247492 0.844099603031
0.782012704781 0.844099603031
0.781751336898 0.844099603031
0.781490143669 0.844099603031
0.781229124916 0.844099603031
0.781302170284 0.84446048358
0.781375166889 0.844821364128
0.781114447781 0.844821364128
0.781187458306 0.845182244677
0.78126042014 0.845543125226
0.781 0.845543125226
0.780739753416 0.845543125226
0.780812791472 0.845904005774
0.780885780886 0.846264886323
0.780625832224 0.846264886323
0.780366056572 0.846264886323
0.780439121756 0.846625766871
0.780179580978 0.846625766871
0.779920212766 0.846625766871
0.779661016949 0.846625766871
0.779401993355 0.846625766871
0.779143141813 0.846625766871
0.778884462151 0.846625766871
0.778625954198 0.846625766871
0.778699402787 0.84698664742
0.778441127695 0.84698664742
0.778183023873 0.84698664742
0.77792509115 0.84698664742
0.777667329357 0.84698664742
0.777409738324 0.84698664742
0.777483443709 0.847347527968
0.777226084078 0.847347527968
0.777299801456 0.847708408517
0.777373470063 0.848069289065
0.777116402116 0.848069289065
0.776859504132 0.848069289065
0.776602775942 0.848069289065
0.776676577469 0.848430169614
0.77642007926 0.848430169614
0.776163750413 0.848430169614
0.775907590759 0.848430169614
0.775651600132 0.848430169614
0.775395778364 0.848430169614
0.775140125288 0.848430169614
0.774884640738 0.848430169614
0.774958813839 0.848791050162
0.774703557312 0.848791050162
0.774448468884 0.848791050162
0.774522712311 0.849151930711
0.774596906877 0.849512811259
0.774342105263 0.849512811259
0.774416310424 0.849873691808
0.7741617357 0.849873691808
0.774235951364 0.850234572357
0.773981603154 0.850234572357
0.773727422003 0.850234572357
0.773473407748 0.850234572357
0.773219560223 0.850234572357
0.772965879265 0.850234572357
0.77271236471 0.850234572357
0.772459016393 0.850234572357
0.772205834153 0.850234572357
0.771952817824 0.850234572357
0.771699967245 0.850234572357
