0 0.0
1.0 0.000360880548538
1.0 0.000721761097077
1.0 0.00108264164562
1.0 0.00144352219415
1.0 0.00180440274269
1.0 0.00216528329123
1.0 0.00252616383977
0.875 0.00252616383977
0.888888888889 0.00288704438831
0.9 0.00324792493685
0.909090909091 0.00360880548538
0.916666666667 0.00396968603392
0.923076923077 0.00433056658246
0.857142857143 0.00433056658246
0.866666666667 0.004691447131
0.875 0.00505232767954
0.882352941176 0.00541320822808
0.888888888889 0.00577408877661
0.894736842105 0.00613496932515
0.9 0.00649584987369
0.904761904762 0.00685673042223
0.909090909091 0.00721761097077
0.913043478261 0.00757849151931
0.916666666667 0.00793937206785
0.92 0.00830025261638
0.923076923077 0.00866113316492
0.925925925926 0.00902201371346
0.928571428571 0.009382894262
0.931034482759 0.00974377481054
0.933333333333 0.0101046553591
0.935483870968 0.0104655359076
0.9375 0.0108264164562
0.939393939394 0.0111872970047
0.941176470588 0.0115481775532
0.942857142857 0.0119090581018
0.916666666667 0.0119090581018
0.918918918919 0.0122699386503
0.921052631579 0.0126308191988
0.923076923077 0.0129916997474
0.925 0.0133525802959
0.926829268293 0.0137134608445
0.928571428571 0.014074341393
0.93023255814 0.0144352219415
0.931818181818 0.0147961024901
0.933333333333 0.0151569830386
0.934782608696 0.0155178635872
0.936170212766 0.0158787441357
0.9375 0.0162396246842
0.938775510204 0.0166005052328
0.94 0.0169613857813
0.941176470588 0.0173222663298
0.942307692308 0.0176831468784
0.943396226415 0.0180440274269
0.944444444444 0.0184049079755
0.945454545455 0.018765788524
0.946428571429 0.0191266690725
0.947368421053 0.0194875496211
0.948275862069 0.0198484301696
0.949152542373 0.0202093107182
0.933333333333 0.0202093107182
0.934426229508 0.0205701912667
0.935483870968 0.0209310718152
0.936507936508 0.0212919523638
0.9375 0.0216528329123
0.938461538462 0.0220137134608
0.939393939394 0.0223745940094
0.940298507463 0.0227354745579
0.941176470588 0.0230963551065
0.942028985507 0.023457235655
0.942857142857 0.0238181162035
0.943661971831 0.0241789967521
0.944444444444 0.0245398773006
0.945205479452 0.0249007578492
0.945945945946 0.0252616383977
0.946666666667 0.0256225189462
0.947368421053 0.0259833994948
0.948051948052 0.0263442800433
0.948717948718 0.0267051605918
0.949367088608 0.0270660411404
0.95 0.0274269216889
0.950617283951 0.0277878022375
0.951219512195 0.028148682786
0.951807228916 0.0285095633345
0.952380952381 0.0288704438831
0.952941176471 0.0292313244316
0.953488372093 0.0295922049802
0.954022988506 0.0299530855287
0.954545454545 0.0303139660772
0.955056179775 0.0306748466258
0.944444444444 0.0306748466258
0.934065934066 0.0306748466258
0.934782608696 0.0310357271743
0.935483870968 0.0313966077228
0.936170212766 0.0317574882714
0.936842105263 0.0321183688199
0.9375 0.0324792493685
0.938144329897 0.032840129917
0.938775510204 0.0332010104655
0.939393939394 0.0335618910141
0.94 0.0339227715626
0.940594059406 0.0342836521112
0.941176470588 0.0346445326597
0.941747572816 0.0350054132082
0.942307692308 0.0353662937568
0.942857142857 0.0357271743053
0.943396226415 0.0360880548538
0.943925233645 0.0364489354024
0.944444444444 0.0368098159509
0.94495412844 0.0371706964995
0.945454545455 0.037531577048
0.945945945946 0.0378924575965
0.946428571429 0.0382533381451
0.946902654867 0.0386142186936
0.947368421053 0.0389750992422
0.947826086957 0.0393359797907
0.948275862069 0.0396968603392
0.948717948718 0.0400577408878
0.949152542373 0.0404186214363
0.949579831933 0.0407795019848
0.95 0.0411403825334
0.95041322314 0.0415012630819
0.950819672131 0.0418621436305
0.951219512195 0.042223024179
0.951612903226 0.0425839047275
0.952 0.0429447852761
0.952380952381 0.0433056658246
0.952755905512 0.0436665463732
0.953125 0.0440274269217
0.953488372093 0.0443883074702
0.946153846154 0.0443883074702
0.946564885496 0.0447491880188
0.94696969697 0.0451100685673
0.947368421053 0.0454709491158
0.94776119403 0.0458318296644
0.948148148148 0.0461927102129
0.948529411765 0.0465535907615
0.948905109489 0.04691447131
0.949275362319 0.0472753518585
0.94964028777 0.0476362324071
0.95 0.0479971129556
0.950354609929 0.0483579935042
0.950704225352 0.0487188740527
0.951048951049 0.0490797546012
0.951388888889 0.0494406351498
0.951724137931 0.0498015156983
0.952054794521 0.0501623962468
0.952380952381 0.0505232767954
0.952702702703 0.0508841573439
0.953020134228 0.0512450378925
0.953333333333 0.051605918441
0.953642384106 0.0519667989895
0.953947368421 0.0523276795381
0.954248366013 0.0526885600866
0.954545454545 0.0530494406351
0.954838709677 0.0534103211837
0.955128205128 0.0537712017322
0.955414012739 0.0541320822808
0.955696202532 0.0544929628293
0.955974842767 0.0548538433778
0.95625 0.0552147239264
0.95652173913 0.0555756044749
0.956790123457 0.0559364850235
0.957055214724 0.056297365572
0.957317073171 0.0566582461205
0.957575757576 0.0570191266691
0.951807228916 0.0570191266691
0.952095808383 0.0573800072176
0.952380952381 0.0577408877661
0.952662721893 0.0581017683147
0.952941176471 0.0584626488632
0.953216374269 0.0588235294118
0.953488372093 0.0591844099603
0.953757225434 0.0595452905088
0.954022988506 0.0599061710574
0.954285714286 0.0602670516059
0.954545454545 0.0606279321545
0.954802259887 0.060988812703
0.955056179775 0.0613496932515
0.95530726257 0.0617105738001
0.955555555556 0.0620714543486
0.955801104972 0.0624323348971
0.956043956044 0.0627932154457
0.956284153005 0.0631540959942
0.95652173913 0.0635149765428
0.956756756757 0.0638758570913
0.956989247312 0.0642367376398
0.957219251337 0.0645976181884
0.957446808511 0.0649584987369
0.957671957672 0.0653193792855
0.957894736842 0.065680259834
0.958115183246 0.0660411403825
0.958333333333 0.0664020209311
0.958549222798 0.0667629014796
0.958762886598 0.0671237820281
0.958974358974 0.0674846625767
0.959183673469 0.0678455431252
0.959390862944 0.0682064236738
0.959595959596 0.0685673042223
0.959798994975 0.0689281847708
0.96 0.0692890653194
0.955223880597 0.0692890653194
0.950495049505 0.0692890653194
0.950738916256 0.0696499458679
0.946078431373 0.0696499458679
0.946341463415 0.0700108264165
0.946601941748 0.070371706965
0.946859903382 0.0707325875135
0.947115384615 0.0710934680621
0.947368421053 0.0714543486106
0.947619047619 0.0718152291591
0.947867298578 0.0721761097077
0.948113207547 0.0725369902562
0.948356807512 0.0728978708048
0.948598130841 0.0732587513533
0.948837209302 0.0736196319018
0.949074074074 0.0739805124504
0.94930875576 0.0743413929989
0.949541284404 0.0747022735475
0.949771689498 0.075063154096
0.95 0.0754240346445
0.950226244344 0.0757849151931
0.95045045045 0.0761457957416
0.95067264574 0.0765066762901
0.950892857143 0.0768675568387
0.951111111111 0.0772284373872
0.951327433628 0.0775893179358
0.95154185022 0.0779501984843
0.951754385965 0.0783110790328
0.947598253275 0.0783110790328
0.94347826087 0.0783110790328
0.943722943723 0.0786719595814
0.943965517241 0.0790328401299
0.944206008584 0.0793937206785
0.944444444444 0.079754601227
0.944680851064 0.0801154817755
0.944915254237 0.0804763623241
0.945147679325 0.0808372428726
0.945378151261 0.0811981234211
0.945606694561 0.0815590039697
0.945833333333 0.0819198845182
0.946058091286 0.0822807650668
0.946280991736 0.0826416456153
0.946502057613 0.0830025261638
0.946721311475 0.0833634067124
0.94693877551 0.0837242872609
0.947154471545 0.0840851678095
0.947368421053 0.084446048358
0.947580645161 0.0848069289065
0.947791164659 0.0851678094551
0.948 0.0855286900036
0.94422310757 0.0855286900036
0.944444444444 0.0858895705521
0.944664031621 0.0862504511007
0.944881889764 0.0866113316492
0.945098039216 0.0869722121978
0.9453125 0.0873330927463
0.945525291829 0.0876939732948
0.945736434109 0.0880548538434
0.945945945946 0.0884157343919
0.946153846154 0.0887766149405
0.946360153257 0.089137495489
0.946564885496 0.0894983760375
0.946768060837 0.0898592565861
0.94696969697 0.0902201371346
0.947169811321 0.0905810176831
0.947368421053 0.0909418982317
0.947565543071 0.0913027787802
0.94776119403 0.0916636593288
0.947955390335 0.0920245398773
0.948148148148 0.0923854204258
0.948339483395 0.0927463009744
0.948529411765 0.0931071815229
0.948717948718 0.0934680620715
0.948905109489 0.09382894262
0.949090909091 0.0941898231685
0.949275362319 0.0945507037171
0.949458483755 0.0949115842656
0.946043165468 0.0949115842656
0.94623655914 0.0952724648141
0.946428571429 0.0956333453627
0.946619217082 0.0959942259112
0.946808510638 0.0963551064598
0.946996466431 0.0967159870083
0.947183098592 0.0970768675568
0.947368421053 0.0974377481054
0.947552447552 0.0977986286539
0.947735191638 0.0981595092025
0.947916666667 0.098520389751
0.948096885813 0.0988812702995
0.948275862069 0.0992421508481
0.948453608247 0.0996030313966
0.948630136986 0.0999639119451
0.948805460751 0.100324792494
0.948979591837 0.100685673042
0.949152542373 0.101046553591
0.949324324324 0.101407434139
0.946127946128 0.101407434139
0.946308724832 0.101768314688
0.946488294314 0.102129195236
0.946666666667 0.102490075785
0.946843853821 0.102850956333
0.94701986755 0.103211836882
0.947194719472 0.103572717431
0.947368421053 0.103933597979
0.947540983607 0.104294478528
0.947712418301 0.104655359076
0.947882736156 0.105016239625
0.948051948052 0.105377120173
0.948220064725 0.105738000722
0.948387096774 0.10609888127
0.948553054662 0.106459761819
0.948717948718 0.106820642367
0.948881789137 0.107181522916
0.949044585987 0.107542403464
0.949206349206 0.107903284013
0.949367088608 0.108264164562
0.94952681388 0.10862504511
0.949685534591 0.108985925659
0.949843260188 0.109346806207
0.95 0.109707686756
0.95015576324 0.110068567304
0.950310559006 0.110429447853
0.950464396285 0.110790328401
0.950617283951 0.11115120895
0.950769230769 0.111512089498
0.950920245399 0.111872970047
0.951070336391 0.112233850595
0.951219512195 0.112594731144
0.951367781155 0.112955611693
0.951515151515 0.113316492241
0.95166163142 0.11367737279
0.951807228916 0.114038253338
0.951951951952 0.114399133887
0.952095808383 0.114760014435
0.95223880597 0.115120894984
0.952380952381 0.115481775532
0.952522255193 0.115842656081
0.952662721893 0.116203536629
0.952802359882 0.116564417178
0.952941176471 0.116925297726
0.953079178886 0.117286178275
0.953216374269 0.117647058824
0.953352769679 0.118007939372
0.953488372093 0.118368819921
0.953623188406 0.118729700469
0.953757225434 0.119090581018
0.953890489914 0.119451461566
0.954022988506 0.119812342115
0.954154727794 0.120173222663
0.954285714286 0.120534103212
0.954415954416 0.12089498376
0.954545454545 0.121255864309
0.954674220963 0.121616744857
0.954802259887 0.121977625406
0.954929577465 0.122338505955
0.955056179775 0.122699386503
0.955182072829 0.123060267052
0.95530726257 0.1234211476
0.955431754875 0.123782028149
0.955555555556 0.124142908697
0.95567867036 0.124503789246
0.955801104972 0.124864669794
0.955922865014 0.125225550343
0.956043956044 0.125586430891
0.956164383562 0.12594731144
0.956284153005 0.126308191988
0.956403269755 0.126669072537
0.95652173913 0.127029953086
0.956639566396 0.127390833634
0.956756756757 0.127751714183
0.956873315364 0.128112594731
0.956989247312 0.12847347528
0.957104557641 0.128834355828
0.957219251337 0.129195236377
0.957333333333 0.129556116925
0.957446808511 0.129916997474
0.957559681698 0.130277878022
0.957671957672 0.130638758571
0.957783641161 0.130999639119
0.957894736842 0.131360519668
0.958005249344 0.131721400217
0.958115183246 0.132082280765
0.958224543081 0.132443161314
0.958333333333 0.132804041862
0.958441558442 0.133164922411
0.958549222798 0.133525802959
0.956072351421 0.133525802959
0.953608247423 0.133525802959
0.953727506427 0.133886683508
0.953846153846 0.134247564056
0.953964194373 0.134608444605
0.954081632653 0.134969325153
0.954198473282 0.135330205702
0.954314720812 0.13569108625
0.954430379747 0.136051966799
0.954545454545 0.136412847348
0.954659949622 0.136773727896
0.954773869347 0.137134608445
0.954887218045 0.137495488993
0.955 0.137856369542
0.955112219451 0.13821725009
0.955223880597 0.138578130639
0.955334987593 0.138939011187
0.955445544554 0.139299891736
0.955555555556 0.139660772284
0.955665024631 0.140021652833
0.955773955774 0.140382533381
0.955882352941 0.14074341393
0.955990220049 0.141104294479
0.956097560976 0.141465175027
0.956204379562 0.141826055576
0.956310679612 0.142186936124
0.953995157385 0.142186936124
0.951690821256 0.142186936124
0.951807228916 0.142547816673
0.951923076923 0.142908697221
0.952038369305 0.14326957777
0.952153110048 0.143630458318
0.952267303103 0.143991338867
0.952380952381 0.144352219415
0.952494061758 0.144713099964
0.950236966825 0.144713099964
0.947990543735 0.144713099964
0.948113207547 0.145073980512
0.948235294118 0.145434861061
0.948356807512 0.14579574161
0.948477751756 0.146156622158
0.948598130841 0.146517502707
0.948717948718 0.146878383255
0.948837209302 0.147239263804
0.948955916473 0.147600144352
0.949074074074 0.147961024901
0.949191685912 0.148321905449
0.94930875576 0.148682785998
0.949425287356 0.149043666546
0.949541284404 0.149404547095
0.949656750572 0.149765427643
0.949771689498 0.150126308192
0.949886104784 0.150487188741
0.95 0.150848069289
0.950113378685 0.151208949838
0.950226244344 0.151569830386
0.950338600451 0.151930710935
0.95045045045 0.152291591483
0.950561797753 0.152652472032
0.95067264574 0.15301335258
0.950782997763 0.153374233129
0.950892857143 0.153735113677
0.951002227171 0.154095994226
0.951111111111 0.154456874774
0.951219512195 0.154817755323
0.951327433628 0.155178635872
0.951434878587 0.15553951642
0.95154185022 0.155900396969
0.951648351648 0.156261277517
0.951754385965 0.156622158066
0.951859956236 0.156983038614
0.951965065502 0.157343919163
0.952069716776 0.157704799711
0.952173913043 0.15806568026
0.952277657267 0.158426560808
0.952380952381 0.158787441357
0.952483801296 0.159148321905
0.952586206897 0.159509202454
0.952688172043 0.159870083003
0.952789699571 0.160230963551
0.952890792291 0.1605918441
0.952991452991 0.160952724648
0.953091684435 0.161313605197
0.953191489362 0.161674485745
0.953290870488 0.162035366294
0.953389830508 0.162396246842
0.951374207188 0.162396246842
0.951476793249 0.162757127391
0.951578947368 0.163118007939
0.951680672269 0.163478888488
0.95178197065 0.163839769036
0.951882845188 0.164200649585
0.951983298539 0.164561530134
0.952083333333 0.164922410682
0.952182952183 0.165283291231
0.952282157676 0.165644171779
0.952380952381 0.166005052328
0.952479338843 0.166365932876
0.952577319588 0.166726813425
0.952674897119 0.167087693973
0.952772073922 0.167448574522
0.952868852459 0.16780945507
0.952965235174 0.168170335619
0.951020408163 0.168170335619
0.951120162933 0.168531216167
0.951219512195 0.168892096716
0.951318458418 0.169252977265
0.951417004049 0.169613857813
0.951515151515 0.169974738362
0.951612903226 0.17033561891
0.951710261569 0.170696499459
0.951807228916 0.171057380007
0.951903807615 0.171418260556
0.952 0.171779141104
0.952095808383 0.172140021653
0.950199203187 0.172140021653
0.950298210736 0.172500902201
0.950396825397 0.17286178275
0.950495049505 0.173222663298
0.950592885375 0.173583543847
0.950690335306 0.173944424396
0.950787401575 0.174305304944
0.950884086444 0.174666185493
0.950980392157 0.175027066041
0.951076320939 0.17538794659
0.951171875 0.175748827138
0.95126705653 0.176109707687
0.951361867704 0.176470588235
0.95145631068 0.176831468784
0.951550387597 0.177192349332
0.95164410058 0.177553229881
0.951737451737 0.177914110429
0.95183044316 0.178274990978
0.951923076923 0.178635871527
0.952015355086 0.178996752075
0.952107279693 0.179357632624
0.950286806883 0.179357632624
0.950381679389 0.179718513172
0.950476190476 0.180079393721
0.950570342205 0.180440274269
0.950664136622 0.180801154818
0.950757575758 0.181162035366
0.950850661626 0.181522915915
0.950943396226 0.181883796463
0.951035781544 0.182244677012
0.951127819549 0.18260555756
0.951219512195 0.182966438109
0.951310861423 0.183327318658
0.951401869159 0.183688199206
0.951492537313 0.184049079755
0.951582867784 0.184409960303
0.951672862454 0.184770840852
0.949907235622 0.184770840852
0.95 0.1851317214
0.950092421442 0.185492601949
0.950184501845 0.185853482497
0.950276243094 0.186214363046
0.950367647059 0.186575243594
0.950458715596 0.186936124143
0.950549450549 0.187297004691
0.950639853748 0.18765788524
0.950729927007 0.188018765789
0.950819672131 0.188379646337
0.949090909091 0.188379646337
0.949183303085 0.188740526886
0.949275362319 0.189101407434
0.949367088608 0.189462287983
0.949458483755 0.189823168531
0.94954954955 0.19018404908
0.94964028777 0.190544929628
0.94973070018 0.190905810177
0.94982078853 0.191266690725
0.949910554562 0.191627571274
0.95 0.191988451822
0.95008912656 0.192349332371
0.950177935943 0.19271021292
0.95026642984 0.193071093468
0.950354609929 0.193431974017
0.950442477876 0.193792854565
0.950530035336 0.194153735114
0.950617283951 0.194514615662
0.950704225352 0.194875496211
0.95079086116 0.195236376759
0.950877192982 0.195597257308
0.950963222417 0.195958137856
0.949300699301 0.195958137856
0.947643979058 0.195958137856
0.947735191638 0.196319018405
0.947826086957 0.196679898953
0.947916666667 0.197040779502
0.948006932409 0.197401660051
0.948096885813 0.197762540599
0.948186528497 0.198123421148
0.948275862069 0.198484301696
0.948364888124 0.198845182245
0.948453608247 0.199206062793
0.946826758148 0.199206062793
0.946917808219 0.199566943342
0.947008547009 0.19992782389
0.947098976109 0.200288704439
0.947189097104 0.200649584987
0.947278911565 0.201010465536
0.947368421053 0.201371346084
0.947457627119 0.201732226633
0.947546531303 0.202093107182
0.947635135135 0.20245398773
0.947723440135 0.202814868279
0.947811447811 0.203175748827
0.947899159664 0.203536629376
0.947986577181 0.203897509924
0.948073701843 0.204258390473
0.948160535117 0.204619271021
0.948247078464 0.20498015157
0.948333333333 0.205341032118
0.948419301165 0.205701912667
0.948504983389 0.206062793215
0.948590381426 0.206423673764
0.948675496689 0.206784554313
0.948760330579 0.207145434861
0.948844884488 0.20750631541
0.948929159802 0.207867195958
0.949013157895 0.208228076507
0.949096880131 0.208588957055
0.949180327869 0.208949837604
0.949263502455 0.209310718152
0.949346405229 0.209671598701
0.94942903752 0.210032479249
0.949511400651 0.210393359798
0.949593495935 0.210754240346
0.948051948052 0.210754240346
0.948136142626 0.211115120895
0.948220064725 0.211476001444
0.94830371567 0.211836881992
0.948387096774 0.212197762541
0.94847020934 0.212558643089
0.948553054662 0.212919523638
0.948635634029 0.213280404186
0.948717948718 0.213641284735
0.9488 0.214002165283
0.948881789137 0.214363045832
0.948963317384 0.21472392638
0.949044585987 0.215084806929
0.949125596184 0.215445687477
0.949206349206 0.215806568026
0.949286846276 0.216167448575
0.947784810127 0.216167448575
0.947867298578 0.216528329123
0.947949526814 0.216889209672
0.948031496063 0.21725009022
0.948113207547 0.217610970769
0.94819466248 0.217971851317
0.948275862069 0.218332731866
0.948356807512 0.218693612414
0.9484375 0.219054492963
0.948517940718 0.219415373511
0.948598130841 0.21977625406
0.94867807154 0.220137134608
0.948757763975 0.220498015157
0.948837209302 0.220858895706
0.948916408669 0.221219776254
0.948995363215 0.221580656803
0.949074074074 0.221941537351
0.949152542373 0.2223024179
0.949230769231 0.222663298448
0.94930875576 0.223024178997
0.949386503067 0.223385059545
0.947932618683 0.223385059545
0.946483180428 0.223385059545
0.946564885496 0.223745940094
0.946646341463 0.224106820642
0.946727549467 0.224467701191
0.946808510638 0.224828581739
0.9468892261 0.225189462288
0.94696969697 0.225550342837
0.947049924357 0.225911223385
0.947129909366 0.226272103934
0.947209653092 0.226632984482
0.947289156627 0.226993865031
0.947368421053 0.227354745579
0.947447447447 0.227715626128
0.947526236882 0.228076506676
0.947604790419 0.228437387225
0.947683109118 0.228798267773
0.94776119403 0.229159148322
0.9478390462 0.22952002887
0.947916666667 0.229880909419
0.946508172363 0.229880909419
0.945103857567 0.229880909419
0.945185185185 0.230241789968
0.945266272189 0.230602670516
0.945347119645 0.230963551065
0.945427728614 0.231324431613
0.945508100147 0.231685312162
0.945588235294 0.23204619271
0.945668135095 0.232407073259
0.945747800587 0.232767953807
0.945827232796 0.233128834356
0.945906432749 0.233489714904
0.94598540146 0.233850595453
0.946064139942 0.234211476001
0.946142649199 0.23457235655
0.946220930233 0.234933237099
0.946298984035 0.235294117647
0.946376811594 0.235654998196
0.946454413893 0.236015878744
0.946531791908 0.236376759293
0.946608946609 0.236737639841
0.946685878963 0.23709852039
0.946762589928 0.237459400938
0.94683908046 0.237820281487
0.946915351506 0.238181162035
0.946991404011 0.238542042584
0.947067238913 0.238902923132
0.947142857143 0.239263803681
0.947218259629 0.23962468423
0.947293447293 0.239985564778
0.947368421053 0.240346445327
0.947443181818 0.240707325875
0.947517730496 0.241068206424
0.947592067989 0.241429086972
0.947666195191 0.241789967521
0.947740112994 0.242150848069
0.947813822285 0.242511728618
0.947887323944 0.242872609166
0.947960618847 0.243233489715
0.948033707865 0.243594370263
0.948106591865 0.243955250812
0.948179271709 0.244316131361
0.948251748252 0.244677011909
0.948324022346 0.245037892458
0.94839609484 0.245398773006
0.948467966574 0.245759653555
0.948539638387 0.246120534103
0.948611111111 0.246481414652
0.948682385576 0.2468422952
0.948753462604 0.247203175749
0.948824343015 0.247564056297
0.948895027624 0.247924936846
0.948965517241 0.248285817394
0.949035812672 0.248646697943
0.949105914718 0.249007578492
0.949175824176 0.24936845904
0.949245541838 0.249729339589
0.949315068493 0.250090220137
0.949384404925 0.250451100686
0.949453551913 0.250811981234
0.949522510232 0.251172861783
0.948228882834 0.251172861783
0.948299319728 0.251533742331
0.948369565217 0.25189462288
0.948439620081 0.252255503428
0.948509485095 0.252616383977
0.948579161028 0.252977264525
0.948648648649 0.253338145074
0.948717948718 0.253699025623
0.948787061995 0.254059906171
0.948855989233 0.25442078672
0.948924731183 0.254781667268
0.948993288591 0.255142547817
0.949061662198 0.255503428365
0.949129852744 0.255864308914
0.949197860963 0.256225189462
0.949265687583 0.256586070011
0.948 0.256586070011
0.946737683089 0.256586070011
0.945478723404 0.256586070011
0.945551128818 0.256946950559
0.945623342175 0.257307831108
0.945695364238 0.257668711656
0.945767195767 0.258029592205
0.945838837517 0.258390472754
0.945910290237 0.258751353302
0.945981554677 0.259112233851
0.946052631579 0.259473114399
0.946123521682 0.259833994948
0.946194225722 0.260194875496
0.94626474443 0.260555756045
0.946335078534 0.260916636593
0.946405228758 0.261277517142
0.946475195822 0.26163839769
0.946544980443 0.261999278239
0.946614583333 0.262360158787
0.946684005202 0.262721039336
0.946753246753 0.263081919885
0.94682230869 0.263442800433
0.94689119171 0.263803680982
0.946959896507 0.26416456153
0.947028423773 0.264525442079
0.947096774194 0.264886322627
0.947164948454 0.265247203176
0.947232947233 0.265608083724
0.946015424165 0.265608083724
0.946084724005 0.265968964273
0.946153846154 0.266329844821
0.946222791293 0.26669072537
0.946291560102 0.267051605918
0.946360153257 0.267412486467
0.946428571429 0.267773367016
0.946496815287 0.268134247564
0.946564885496 0.268495128113
0.946632782719 0.268856008661
0.946700507614 0.26921688921
0.946768060837 0.269577769758
0.946835443038 0.269938650307
0.946902654867 0.270299530855
0.94696969697 0.270660411404
0.947036569987 0.271021291952
0.945843828715 0.271021291952
0.94465408805 0.271021291952
0.94472361809 0.271382172501
0.944792973651 0.271743053049
0.944862155388 0.272103933598
0.944931163955 0.272464814147
0.945 0.272825694695
0.94506866417 0.273186575244
0.945137157107 0.273547455792
0.945205479452 0.273908336341
0.945273631841 0.274269216889
0.945341614907 0.274630097438
0.94540942928 0.274990977986
0.945477075589 0.275351858535
0.945544554455 0.275712739083
0.945611866502 0.276073619632
0.945679012346 0.27643450018
0.945745992602 0.276795380729
0.945812807882 0.277156261278
0.945879458795 0.277517141826
0.945945945946 0.277878022375
0.946012269939 0.278238902923
0.946078431373 0.278599783472
0.946144430845 0.27896066402
0.946210268949 0.279321544569
0.946275946276 0.279682425117
0.946341463415 0.280043305666
0.94640682095 0.280404186214
0.946472019465 0.280765066763
0.946537059538 0.281125947311
0.946601941748 0.28148682786
0.946666666667 0.281847708409
0.946731234867 0.282208588957
0.946795646917 0.282569469506
0.946859903382 0.282930350054
0.946924004825 0.283291230603
0.946987951807 0.283652111151
0.947051744886 0.2840129917
0.947115384615 0.284373872248
0.947178871549 0.284734752797
0.947242206235 0.285095633345
0.947305389222 0.285456513894
0.947368421053 0.285817394442
0.94743130227 0.286178274991
0.947494033413 0.28653915554
0.947556615018 0.286900036088
0.947619047619 0.287260916637
0.947681331748 0.287621797185
0.947743467933 0.287982677734
0.947805456702 0.288343558282
0.947867298578 0.288704438831
0.947928994083 0.289065319379
0.946808510638 0.289065319379
0.946871310508 0.289426199928
0.946933962264 0.289787080476
0.946996466431 0.290147961025
0.947058823529 0.290508841573
0.947121034078 0.290869722122
0.947183098592 0.291230602671
0.947245017585 0.291591483219
0.947306791569 0.291952363768
0.947368421053 0.292313244316
0.947429906542 0.292674124865
0.947491248541 0.293035005413
0.947552447552 0.293395885962
0.947613504075 0.29375676651
0.947674418605 0.294117647059
0.947735191638 0.294478527607
0.947795823666 0.294839408156
0.94785631518 0.295200288704
0.947916666667 0.295561169253
0.946820809249 0.295561169253
0.94688221709 0.295922049802
0.946943483276 0.29628293035
0.947004608295 0.296643810899
0.947065592635 0.297004691447
0.947126436782 0.297365571996
0.947187141217 0.297726452544
0.947247706422 0.298087333093
0.947308132875 0.298448213641
0.947368421053 0.29880909419
0.947428571429 0.299169974738
0.947488584475 0.299530855287
0.947548460661 0.299891735835
0.947608200456 0.300252616384
0.947667804323 0.300613496933
0.947727272727 0.300974377481
0.947786606129 0.30133525803
0.947845804989 0.301696138578
0.947904869762 0.302057019127
0.947963800905 0.302417899675
0.94802259887 0.302778780224
0.948081264108 0.303139660772
0.948139797069 0.303500541321
0.947072072072 0.303500541321
0.947131608549 0.303861421869
0.947191011236 0.304222302418
0.947250280584 0.304583182966
0.94730941704 0.304944063515
0.947368421053 0.305304944064
0.947427293065 0.305665824612
0.94748603352 0.306026705161
0.947544642857 0.306387585709
0.947603121516 0.306748466258
0.947661469933 0.307109346806
0.947719688543 0.307470227355
0.947777777778 0.307831107903
0.947835738069 0.308191988452
0.947893569845 0.308552869
0.947951273533 0.308913749549
0.948008849558 0.309274630097
0.948066298343 0.309635510646
0.948123620309 0.309996391195
0.948180815877 0.310357271743
0.948237885463 0.310718152292
0.948294829483 0.31107903284
0.948351648352 0.311439913389
0.948408342481 0.311800793937
0.947368421053 0.311800793937
0.946330777656 0.311800793937
0.945295404814 0.311800793937
0.945355191257 0.312161674486
0.945414847162 0.312522555034
0.945474372955 0.312883435583
0.945533769063 0.313244316131
0.945593035909 0.31360519668
0.945652173913 0.313966077228
0.945711183496 0.314326957777
0.945770065076 0.314687838326
0.945828819068 0.315048718874
0.945887445887 0.315409599423
0.945945945946 0.315770479971
0.946004319654 0.31613136052
0.946062567422 0.316492241068
0.946120689655 0.316853121617
0.94617868676 0.317214002165
0.94623655914 0.317574882714
0.946294307197 0.317935763262
0.94635193133 0.318296643811
0.94640943194 0.318657524359
0.946466809422 0.319018404908
0.946524064171 0.319379285457
0.946581196581 0.319740166005
0.946638207044 0.320101046554
0.945628997868 0.320101046554
0.944621938232 0.320101046554
0.944680851064 0.320461927102
0.944739638682 0.320822807651
0.944798301486 0.321183688199
0.944856839873 0.321544568748
0.944915254237 0.321905449296
0.944973544974 0.322266329845
0.945031712474 0.322627210393
0.945089757128 0.322988090942
0.945147679325 0.32334897149
0.945205479452 0.323709852039
0.945263157895 0.324070732588
0.945320715037 0.324431613136
0.945378151261 0.324792493685
0.945435466946 0.325153374233
0.945492662474 0.325514254782
0.94554973822 0.32587513533
0.944560669456 0.32587513533
0.943573667712 0.32587513533
0.94363256785 0.326236015879
0.943691345151 0.326596896427
0.94375 0.326957776976
0.943808532778 0.327318657524
0.943866943867 0.327679538073
0.943925233645 0.328040418621
0.94398340249 0.32840129917
0.944041450777 0.328762179719
0.944099378882 0.329123060267
0.944157187177 0.329483940816
0.944214876033 0.329844821364
0.94427244582 0.330205701913
0.944329896907 0.330566582461
0.94438722966 0.33092746301
0.944444444444 0.331288343558
0.944501541624 0.331649224107
0.944558521561 0.332010104655
0.94358974359 0.332010104655
0.943647540984 0.332370985204
0.943705220061 0.332731865752
0.943762781186 0.333092746301
0.943820224719 0.33345362685
0.94387755102 0.333814507398
0.943934760449 0.334175387947
0.94399185336 0.334536268495
0.944048830112 0.334897149044
0.944105691057 0.335258029592
0.944162436548 0.335618910141
0.944219066937 0.335979790689
0.944275582573 0.336340671238
0.944331983806 0.336701551786
0.944388270981 0.337062432335
0.944444444444 0.337423312883
0.944500504541 0.337784193432
0.944556451613 0.338145073981
0.944612286002 0.338505954529
0.944668008048 0.338866835078
0.94472361809 0.339227715626
0.943775100402 0.339227715626
0.942828485456 0.339227715626
0.942885771543 0.339588596175
0.942942942943 0.339949476723
0.943 0.340310357272
0.943056943057 0.34067123782
0.943113772455 0.341032118369
0.943170488534 0.341392998917
0.943227091633 0.341753879466
0.94328358209 0.342114760014
0.943339960239 0.342475640563
0.943396226415 0.342836521112
0.943452380952 0.34319740166
0.943508424182 0.343558282209
0.943564356436 0.343919162757
0.943620178042 0.344280043306
0.942687747036 0.344280043306
0.94175715696 0.344280043306
0.941814595661 0.344640923854
0.941871921182 0.345001804403
0.941929133858 0.345362684951
0.941986234022 0.3457235655
0.942043222004 0.346084446048
0.942100098135 0.346445326597
0.942156862745 0.346806207145
0.942213516161 0.347167087694
0.942270058708 0.347527968243
0.942326490714 0.347888848791
0.9423828125 0.34824972934
0.94243902439 0.348610609888
0.942495126706 0.348971490437
0.942551119766 0.349332370985
0.942607003891 0.349693251534
0.942662779397 0.350054132082
0.942718446602 0.350415012631
0.94277400582 0.350775893179
0.942829457364 0.351136773728
0.942884801549 0.351497654276
0.942940038685 0.351858534825
0.942995169082 0.352219415374
0.94305019305 0.352580295922
0.943105110897 0.352941176471
0.943159922929 0.353302057019
0.943214629451 0.353662937568
0.943269230769 0.354023818116
0.943323727185 0.354384698665
0.943378119002 0.354745579213
0.94343240652 0.355106459762
0.943486590038 0.35546734031
0.943540669856 0.355828220859
0.943594646272 0.356189101407
0.94364851958 0.356549981956
0.943702290076 0.356910862505
0.943755958055 0.357271743053
0.94380952381 0.357632623602
0.943862987631 0.35799350415
0.94391634981 0.358354384699
0.943969610636 0.358715265247
0.944022770398 0.359076145796
0.944075829384 0.359437026344
0.944128787879 0.359797906893
0.943235572375 0.359797906893
0.943289224953 0.360158787441
0.943342776204 0.36051966799
0.943396226415 0.360880548538
0.943449575872 0.361241429087
0.943502824859 0.361602309636
0.943555973659 0.361963190184
0.943609022556 0.362324070733
0.943661971831 0.362684951281
0.943714821764 0.36304583183
0.943767572634 0.363406712378
0.943820224719 0.363767592927
0.943872778297 0.364128473475
0.943925233645 0.364489354024
0.943977591036 0.364850234572
0.944029850746 0.365211115121
0.944082013048 0.365571995669
0.944134078212 0.365932876218
0.944186046512 0.366293756767
0.943308550186 0.366293756767
0.943361188487 0.366654637315
0.943413729128 0.367015517864
0.943466172382 0.367376398412
0.943518518519 0.367737278961
0.942645698427 0.367737278961
0.9426987061 0.368098159509
0.942751615882 0.368459040058
0.942804428044 0.368819920606
0.942857142857 0.369180801155
0.942909760589 0.369541681703
0.942962281509 0.369902562252
0.943014705882 0.3702634428
0.943067033976 0.370624323349
0.943119266055 0.370985203898
0.943171402383 0.371346084446
0.943223443223 0.371706964995
0.943275388838 0.372067845543
0.943327239488 0.372428726092
0.943378995434 0.37278960664
0.943430656934 0.373150487189
0.943482224248 0.373511367737
0.943533697632 0.373872248286
0.943585077343 0.374233128834
0.943636363636 0.374594009383
0.943687556767 0.374954889931
0.943738656987 0.37531577048
0.943789664551 0.375676651029
0.94384057971 0.376037531577
0.943891402715 0.376398412126
0.943942133816 0.376759292674
0.943089430894 0.376759292674
0.943140794224 0.377120173223
0.943192064923 0.377481053771
0.943243243243 0.37784193432
0.943294329433 0.378202814868
0.943345323741 0.378563695417
0.943396226415 0.378924575965
0.943447037702 0.379285456514
0.943497757848 0.379646337062
0.943548387097 0.380007217611
0.943598925694 0.38036809816
0.943649373882 0.380728978708
0.943699731903 0.381089859257
0.94375 0.381450739805
0.943800178412 0.381811620354
0.94385026738 0.382172500902
0.943900267142 0.382533381451
0.943950177936 0.382894261999
0.944 0.383255142548
0.943161634103 0.383255142548
0.943212067436 0.383616023096
0.943262411348 0.383976903645
0.943312666076 0.384337784193
0.943362831858 0.384698664742
0.94341290893 0.385059545291
0.943462897527 0.385420425839
0.943512797882 0.385781306388
0.943562610229 0.386142186936
0.943612334802 0.386503067485
0.943661971831 0.386863948033
0.943711521548 0.387224828582
0.943760984183 0.38758570913
0.943810359965 0.387946589679
0.943859649123 0.388307470227
0.943908851884 0.388668350776
0.943957968476 0.389029231324
0.944006999125 0.389390111873
0.944055944056 0.389750992422
0.944104803493 0.39011187297
0.943280977312 0.39011187297
0.943330427201 0.390472753519
0.943379790941 0.390833634067
0.943429068755 0.391194514616
0.94347826087 0.391555395164
0.943527367507 0.391916275713
0.943576388889 0.392277156261
0.943625325239 0.39263803681
0.943674176776 0.392998917358
0.943722943723 0.393359797907
0.943771626298 0.393720678455
0.943820224719 0.394081559004
0.943868739206 0.394442439553
0.943917169974 0.394803320101
0.943965517241 0.39516420065
0.944013781223 0.395525081198
0.943201376936 0.395525081198
0.942390369733 0.395525081198
0.942439862543 0.395885961747
0.942489270386 0.396246842295
0.942538593482 0.396607722844
0.942587832048 0.396968603392
0.942636986301 0.397329483941
0.942686056459 0.397690364489
0.942735042735 0.398051245038
0.942783945346 0.398412125586
0.942832764505 0.398773006135
0.942881500426 0.399133886684
0.942930153322 0.399494767232
0.942978723404 0.399855647781
0.943027210884 0.400216528329
0.943075615973 0.400577408878
0.942275042445 0.400577408878
0.941475826972 0.400577408878
0.941525423729 0.400938289426
0.941574936494 0.401299169975
0.941624365482 0.401660050523
0.941673710904 0.402020931072
0.941722972973 0.40238181162
0.941772151899 0.402742692169
0.941821247892 0.403103572717
0.941870261163 0.403464453266
0.941077441077 0.403464453266
0.941126997477 0.403825333815
0.941176470588 0.404186214363
0.941225860621 0.404547094912
0.941275167785 0.40490797546
0.941324392288 0.405268856009
0.941373534338 0.405629736557
0.941422594142 0.405990617106
0.941471571906 0.406351497654
0.941520467836 0.406712378203
0.940734557596 0.406712378203
0.940783986656 0.407073258751
0.940833333333 0.4074341393
0.940882597835 0.407795019848
0.940931780366 0.408155900397
0.940980881131 0.408516780946
0.941029900332 0.408877661494
0.940248962656 0.408877661494
0.940298507463 0.409238542043
0.940347970174 0.409599422591
0.940397350993 0.40996030314
0.940446650124 0.410321183688
0.940495867769 0.410682064237
0.940545004129 0.411042944785
0.940594059406 0.411403825334
0.9406430338 0.411764705882
0.940691927512 0.412125586431
0.940740740741 0.412486466979
0.940789473684 0.412847347528
0.940838126541 0.413208228077
0.940886699507 0.413569108625
0.940935192781 0.413929989174
0.940983606557 0.414290869722
0.941031941032 0.414651750271
0.941080196399 0.415012630819
0.941128372854 0.415373511368
0.941176470588 0.415734391916
0.941224489796 0.416095272465
0.941272430669 0.416456153013
0.941320293399 0.416817033562
0.941368078176 0.41717791411
0.941415785191 0.417538794659
0.941463414634 0.417899675208
0.941510966694 0.418260555756
0.941558441558 0.418621436305
0.941605839416 0.418982316853
0.940842787682 0.418982316853
0.940890688259 0.419343197402
0.940938511327 0.41970407795
0.940986257074 0.420064958499
0.941033925687 0.420425839047
0.941081517353 0.420786719596
0.941129032258 0.421147600144
0.941176470588 0.421508480693
0.941223832528 0.421869361241
0.941271118262 0.42223024179
0.941318327974 0.422591122339
0.941365461847 0.422952002887
0.941412520064 0.423312883436
0.941459502807 0.423673763984
0.941506410256 0.424034644533
0.941553242594 0.424395525081
0.9416 0.42475640563
0.941646682654 0.425117286178
0.941693290735 0.425478166727
0.941739824421 0.425839047275
0.941786283892 0.426199927824
0.941832669323 0.426560808372
0.941878980892 0.426921688921
0.941925218775 0.42728256947
0.941971383148 0.427643450018
0.942017474186 0.428004330567
0.942063492063 0.428365211115
0.942109436955 0.428726091664
0.942155309033 0.429086972212
0.942201108472 0.429447852761
0.942246835443 0.429808733309
0.942292490119 0.430169613858
0.94233807267 0.430530494406
0.941594317285 0.430530494406
0.940851735016 0.430530494406
0.940898345154 0.430891374955
0.94094488189 0.431252255503
0.940991345397 0.431613136052
0.941037735849 0.431974016601
0.941084053417 0.432334897149
0.941130298273 0.432695777698
0.941176470588 0.433056658246
0.941222570533 0.433417538795
0.941268598277 0.433778419343
0.941314553991 0.434139299892
0.941360437842 0.43450018044
0.940625 0.43450018044
0.940671350507 0.434861060989
0.940717628705 0.435221941537
0.940763834762 0.435582822086
0.940809968847 0.435943702634
0.940856031128 0.436304583183
0.940902021773 0.436665463732
0.940947940948 0.43702634428
0.94099378882 0.437387224829
0.941039565555 0.437748105377
0.941085271318 0.438108985926
0.941130906274 0.438469866474
0.94040247678 0.438469866474
0.940448569219 0.438830747023
0.940494590417 0.439191627571
0.940540540541 0.43955250812
0.940586419753 0.439913388668
0.940632228219 0.440274269217
0.940677966102 0.440635149765
0.940723633564 0.440996030314
0.940769230769 0.441356910863
0.940814757879 0.441717791411
0.940860215054 0.44207867196
0.940905602456 0.442439552508
0.940950920245 0.442800433057
0.940996168582 0.443161313605
0.941041347626 0.443522194154
0.941086457536 0.443883074702
0.941131498471 0.444243955251
0.941176470588 0.444604835799
0.941221374046 0.444965716348
0.941266209001 0.445326596896
0.94131097561 0.445687477445
0.941355674029 0.446048357994
0.941400304414 0.446409238542
0.94144486692 0.446770119091
0.941489361702 0.447130999639
0.941533788914 0.447491880188
0.94157814871 0.447852760736
0.941622441243 0.448213641285
0.941666666667 0.448574521833
0.941710825132 0.448935402382
0.941754916793 0.44929628293
0.941798941799 0.449657163479
0.941842900302 0.450018044027
0.941886792453 0.450378924576
0.941930618401 0.450739805125
0.941974378297 0.451100685673
0.942018072289 0.451461566222
0.942061700527 0.45182244677
0.942105263158 0.452183327319
0.942148760331 0.452544207867
0.942192192192 0.452905088416
0.94223555889 0.453265968964
0.94227886057 0.453626849513
0.942322097378 0.453987730061
0.942365269461 0.45434861061
0.941660433807 0.45434861061
0.941704035874 0.454709491158
0.941747572816 0.455070371707
0.941791044776 0.455431252256
0.941834451902 0.455792132804
0.941877794337 0.456153013353
0.941921072226 0.456513893901
0.941964285714 0.45687477445
0.942007434944 0.457235654998
0.942050520059 0.457596535547
0.942093541203 0.457957416095
0.942136498516 0.458318296644
0.942179392142 0.458679177192
0.942222222222 0.459040057741
0.941524796447 0.459040057741
0.940828402367 0.459040057741
0.940872135994 0.459400938289
0.940915805022 0.459761818838
0.940959409594 0.460122699387
0.941002949853 0.460483579935
0.94104642594 0.460844460484
0.941089837997 0.461205341032
0.941133186166 0.461566221581
0.940441176471 0.461566221581
0.940484937546 0.461927102129
0.940528634361 0.462287982678
0.940572267058 0.462648863226
0.940615835777 0.463009743775
0.940659340659 0.463370624323
0.940702781845 0.463731504872
0.940746159473 0.46409238542
0.940789473684 0.464453265969
0.940832724617 0.464814146518
0.940875912409 0.465175027066
0.940919037199 0.465535907615
0.940962099125 0.465896788163
0.941005098325 0.466257668712
0.940320232897 0.466257668712
0.939636363636 0.466257668712
0.939680232558 0.46661854926
0.939724037763 0.466979429809
0.93976777939 0.467340310357
0.939811457578 0.467701190906
0.939855072464 0.468062071454
0.939898624185 0.468422952003
0.93994211288 0.468783832551
0.939985538684 0.4691447131
0.940028901734 0.469505593649
0.940072202166 0.469866474197
0.940115440115 0.470227354746
0.939437635184 0.470227354746
0.938760806916 0.470227354746
0.938804895608 0.470588235294
0.938848920863 0.470949115843
0.938892882818 0.471309996391
0.938936781609 0.47167087694
0.938980617373 0.472031757488
0.939024390244 0.472392638037
0.939068100358 0.472753518585
0.939111747851 0.473114399134
0.939155332856 0.473475279682
0.939198855508 0.473836160231
0.93924231594 0.47419704078
0.939285714286 0.474557921328
0.939329050678 0.474918801877
0.93937232525 0.475279682425
0.939415538133 0.475640562974
0.939458689459 0.476001443522
0.939501779359 0.476362324071
0.939544807966 0.476723204619
0.939587775409 0.477084085168
0.939630681818 0.477444965716
0.939673527324 0.477805846265
0.939716312057 0.478166726813
0.939759036145 0.478527607362
0.939801699717 0.478888487911
0.939844302902 0.479249368459
0.939886845827 0.479610249008
0.939929328622 0.479971129556
0.939971751412 0.480332010105
0.940014114326 0.480692890653
0.940056417489 0.481053771202
0.940098661029 0.48141465175
0.94014084507 0.481775532299
0.94018296974 0.482136412847
0.940225035162 0.482497293396
0.940267041462 0.482858173944
0.940308988764 0.483219054493
0.940350877193 0.483579935042
0.940392706872 0.48394081559
0.940434477926 0.484301696139
0.940476190476 0.484662576687
0.939818054584 0.484662576687
0.93986013986 0.485023457236
0.939902166317 0.485384337784
0.939944134078 0.485745218333
0.939986043266 0.486106098881
0.940027894003 0.48646697943
0.940069686411 0.486827859978
0.940111420613 0.487188740527
0.940153096729 0.487549621075
0.940194714882 0.487910501624
0.940236275191 0.488271382173
0.940277777778 0.488632262721
0.940319222762 0.48899314327
0.940360610264 0.489354023818
0.940401940402 0.489714904367
0.939750692521 0.489714904367
0.939100346021 0.489714904367
0.939142461964 0.490075784915
0.939184519696 0.490436665464
0.939226519337 0.490797546012
0.939268461008 0.491158426561
0.939310344828 0.491519307109
0.939352170917 0.491880187658
0.939393939394 0.492241068206
0.939435650379 0.492601948755
0.939477303989 0.492962829304
0.939518900344 0.493323709852
0.93956043956 0.493684590401
0.939601921757 0.494045470949
0.939643347051 0.494406351498
0.939684715559 0.494767232046
0.939726027397 0.495128112595
0.939082819986 0.495128112595
0.938440492476 0.495128112595
0.938482570062 0.495488993143
0.938524590164 0.495849873692
0.938566552901 0.49621075424
0.93860845839 0.496571634789
0.938650306748 0.496932515337
0.938692098093 0.497293395886
0.938733832539 0.497654276435
0.938775510204 0.498015156983
0.938817131203 0.498376037532
0.938179347826 0.498376037532
0.93822131704 0.49873691808
0.938263229308 0.499097798629
0.938305084746 0.499458679177
0.938346883469 0.499819559726
0.938388625592 0.500180440274
0.938430311231 0.500541320823
0.937795807978 0.500541320823
0.937162162162 0.500541320823
0.937204591492 0.500902201371
0.937246963563 0.50126308192
0.93728927849 0.501623962468
0.937331536388 0.501984843017
0.937373737374 0.502345723565
0.937415881561 0.502706604114
0.937457969065 0.503067484663
0.9375 0.503428365211
0.93754197448 0.50378924576
0.937583892617 0.504150126308
0.937625754527 0.504511006857
0.937667560322 0.504871887405
0.937709310114 0.505232767954
0.937081659973 0.505232767954
0.937123745819 0.505593648502
0.937165775401 0.505954529051
0.937207748831 0.506315409599
0.937249666222 0.506676290148
0.937291527685 0.507037170696
0.937333333333 0.507398051245
0.937375083278 0.507758931794
0.93741677763 0.508119812342
0.9374584165 0.508480692891
0.9375 0.508841573439
0.937541528239 0.509202453988
0.937583001328 0.509563334536
0.937624419376 0.509924215085
0.937665782493 0.510285095633
0.937707090789 0.510645976182
0.937748344371 0.51100685673
0.937789543349 0.511367737279
0.937830687831 0.511728617827
0.937871777925 0.512089498376
0.937912813738 0.512450378925
0.93795379538 0.512811259473
0.937994722955 0.513172140022
0.938035596572 0.51353302057
0.938076416337 0.513893901119
0.938117182357 0.514254781667
0.938157894737 0.514615662216
0.938198553583 0.514976542764
0.938239159001 0.515337423313
0.938279711097 0.515698303861
0.938320209974 0.51605918441
0.938360655738 0.516420064958
0.938401048493 0.516780945507
0.938441388343 0.517141826056
0.938481675393 0.517502706604
0.937867887508 0.517502706604
0.937908496732 0.517863587153
0.937949052907 0.518224467701
0.937989556136 0.51858534825
0.938030006523 0.518946228798
0.938070404172 0.519307109347
0.938110749186 0.519667989895
0.938151041667 0.520028870444
0.938191281718 0.520389750992
0.938231469441 0.520750631541
0.938271604938 0.521111512089
0.938311688312 0.521472392638
0.938351719663 0.521833273187
0.938391699092 0.522194153735
0.938431626701 0.522555034284
0.938471502591 0.522915914832
0.938511326861 0.523276795381
0.938551099612 0.523637675929
0.938590820944 0.523998556478
0.938630490956 0.524359437026
0.938670109748 0.524720317575
0.938709677419 0.525081198123
0.938104448743 0.525081198123
0.938144329897 0.525442078672
0.938184159691 0.52580295922
0.938223938224 0.526163839769
0.938263665595 0.526524720318
0.938303341902 0.526885600866
0.938342967245 0.527246481415
0.93838254172 0.527607361963
0.938422065427 0.527968242512
0.938461538462 0.52832912306
0.937860345932 0.52832912306
0.937900128041 0.528690003609
0.937939859245 0.529050884157
0.937979539642 0.529411764706
0.938019169329 0.529772645254
0.938058748404 0.530133525803
0.938098276962 0.530494406351
0.938137755102 0.5308552869
0.938177182919 0.531216167449
0.93821656051 0.531577047997
0.938255887969 0.531937928546
0.938295165394 0.532298809094
0.93833439288 0.532659689643
0.938373570521 0.533020570191
0.938412698413 0.53338145074
0.93845177665 0.533742331288
0.938490805327 0.534103211837
0.938529784537 0.534464092385
0.938568714376 0.534824972934
0.937974683544 0.534824972934
0.938013915244 0.535185853482
0.938053097345 0.535546734031
0.938092229943 0.53590761458
0.938131313131 0.536268495128
0.938170347003 0.536629375677
0.938209331652 0.536990256225
0.938248267171 0.537351136774
0.938287153652 0.537712017322
0.938325991189 0.538072897871
0.938364779874 0.538433778419
0.938403519799 0.538794658968
0.938442211055 0.539155539516
0.938480853735 0.539516420065
0.93851944793 0.539877300613
0.93855799373 0.540238181162
0.938596491228 0.540599061711
0.938634940513 0.540959942259
0.938673341677 0.541320822808
0.938711694809 0.541681703356
0.93875 0.542042583905
0.93816364772 0.542042583905
0.937578027466 0.542042583905
0.937616968185 0.542403464453
0.937655860349 0.542764345002
0.93769470405 0.54312522555
0.937733499377 0.543486106099
0.937772246422 0.543846986647
0.937810945274 0.544207867196
0.937849596022 0.544568747744
0.937888198758 0.544929628293
0.937926753569 0.545290508842
0.937965260546 0.54565138939
0.938003719777 0.546012269939
0.938042131351 0.546373150487
0.93746130031 0.546373150487
0.936881188119 0.546373150487
0.936920222635 0.546734031036
0.9369592089 0.547094911584
0.936998147004 0.547455792133
0.937037037037 0.547816672681
0.937075879087 0.54817755323
0.937114673243 0.548538433778
0.937153419593 0.548899314327
0.937192118227 0.549260194875
0.937230769231 0.549621075424
0.936654366544 0.549621075424
0.936693300553 0.549981955973
0.936732186732 0.550342836521
0.936771025169 0.55070371707
0.936809815951 0.551064597618
0.936848559166 0.551425478167
0.936887254902 0.551786358715
0.936925903246 0.552147239264
0.936964504284 0.552508119812
0.937003058104 0.552869000361
0.937041564792 0.553229880909
0.936469150886 0.553229880909
0.936507936508 0.553590761458
0.936546674802 0.553951642006
0.936585365854 0.554312522555
0.93662400975 0.554673403104
0.936662606577 0.555034283652
0.936701156421 0.555395164201
0.936739659367 0.555756044749
0.936778115502 0.556116925298
0.936816524909 0.556477805846
0.936854887675 0.556838686395
0.936893203883 0.557199566943
0.93693147362 0.557560447492
0.93696969697 0.55792132804
0.937007874016 0.558282208589
0.937046004843 0.558643089137
0.937084089534 0.559003969686
0.937122128174 0.559364850235
0.937160120846 0.559725730783
0.937198067633 0.560086611332
0.937235968618 0.56044749188
0.937273823884 0.560808372429
0.937311633514 0.561169252977
0.936746987952 0.561169252977
0.936183022276 0.561169252977
0.936221419976 0.561530133526
0.936259771497 0.561891014074
0.936298076923 0.562251894623
0.936336336336 0.562612775171
0.93637454982 0.56297365572
0.936412717457 0.563334536268
0.936450839329 0.563695416817
0.936488915518 0.564056297366
0.936526946108 0.564417177914
0.936564931179 0.564778058463
0.936602870813 0.565138939011
0.936640765093 0.56549981956
0.936678614098 0.565860700108
0.93671641791 0.566221580657
0.936754176611 0.566582461205
0.93679189028 0.566943341754
0.936829558999 0.567304222302
0.936867182847 0.567665102851
0.936904761905 0.568025983399
0.936942296252 0.568386863948
0.936979785969 0.568747744497
0.937017231135 0.569108625045
0.937054631829 0.569469505594
0.937091988131 0.569830386142
0.937129300119 0.570191266691
0.937166567872 0.570552147239
0.937203791469 0.570913027788
0.937240970989 0.571273908336
0.937278106509 0.571634788885
0.937315198108 0.571995669433
0.937352245863 0.572356549982
0.937389249852 0.57271743053
0.936835891381 0.57271743053
0.936873156342 0.573078311079
0.936910377358 0.573439191628
0.936947554508 0.573800072176
0.936984687868 0.574160952725
0.937021777516 0.574521833273
0.937058823529 0.574882713822
0.937095825985 0.57524359437
0.937132784959 0.575604474919
0.937169700528 0.575965355467
0.93720657277 0.576326236016
0.936656891496 0.576326236016
0.936694021102 0.576687116564
0.936731107206 0.577047997113
0.936768149883 0.577408877661
0.93680514921 0.57776975821
0.936842105263 0.578130638759
0.936879018118 0.578491519307
0.93691588785 0.578852399856
0.936952714536 0.579213280404
0.93698949825 0.579574160953
0.936443148688 0.579574160953
0.935897435897 0.579574160953
0.935934769948 0.579935041501
0.935972060536 0.58029592205
0.936009307737 0.580656802598
0.936046511628 0.581017683147
0.936083672284 0.581378563695
0.936120789779 0.581739444244
0.93615786419 0.582100324792
0.936194895592 0.582461205341
0.936231884058 0.58282208589
0.936268829664 0.583182966438
0.936305732484 0.583543846987
0.936342592593 0.583904727535
0.936379410064 0.584265608084
0.936416184971 0.584626488632
0.936452917389 0.584987369181
0.93648960739 0.585348249729
0.936526255049 0.585709130278
0.936562860438 0.586070010826
0.936599423631 0.586430891375
0.9366359447 0.586791771923
0.936672423719 0.587152652472
0.936708860759 0.587513533021
0.936745255894 0.587874413569
0.936781609195 0.588235294118
0.936817920735 0.588596174666
0.936854190586 0.588957055215
0.936890418818 0.589317935763
0.936926605505 0.589678816312
0.936962750716 0.59003969686
0.936998854525 0.590400577409
0.936462507155 0.590400577409
0.935926773455 0.590400577409
0.935391652373 0.590400577409
0.935428571429 0.590761457957
0.935465448315 0.591122338506
0.935502283105 0.591483219054
0.93553907587 0.591844099603
0.935575826682 0.592204980152
0.935612535613 0.5925658607
0.935649202733 0.592926741249
0.935685828116 0.593287621797
0.935722411832 0.593648502346
0.935758953951 0.594009382894
0.935227272727 0.594009382894
0.934696195344 0.594009382894
0.934733257662 0.594370263443
0.934770277935 0.594731143991
0.934807256236 0.59509202454
0.934844192635 0.595452905088
0.934881087203 0.595813785637
0.934917940011 0.596174666185
0.934954751131 0.596535546734
0.934991520633 0.596896427283
0.935028248588 0.597257307831
0.935064935065 0.59761818838
0.935101580135 0.597979068928
0.935138183869 0.598339949477
0.935174746336 0.598700830025
0.935211267606 0.599061710574
0.934684684685 0.599061710574
0.93472144063 0.599422591122
0.934758155231 0.599783471671
0.934794828555 0.600144352219
0.934831460674 0.600505232768
0.934868051656 0.600866113316
0.934904601571 0.601226993865
0.934941110488 0.601587874414
0.934977578475 0.601948754962
0.935014005602 0.602309635511
0.935050391937 0.602670516059
0.935086737549 0.603031396608
0.935123042506 0.603392277156
0.935159306875 0.603753157705
0.935195530726 0.604114038253
0.935231714126 0.604474918802
0.935267857143 0.60483579935
0.935303959844 0.605196679899
0.935340022297 0.605557560447
0.935376044568 0.605918440996
0.935412026726 0.606279321545
0.935447968837 0.606640202093
0.935483870968 0.607001082642
0.935519733185 0.60736196319
0.935555555556 0.607722843739
0.935591338145 0.608083724287
0.935627081021 0.608444604836
0.935662784248 0.608805485384
0.935698447894 0.609166365933
0.935734072022 0.609527246481
0.9357696567 0.60988812703
0.935805201992 0.610249007578
0.935840707965 0.610609888127
0.935876174682 0.610970768676
0.93591160221 0.611331649224
0.935946990613 0.611692529773
0.935982339956 0.612053410321
0.936017650303 0.61241429087
0.93605292172 0.612775171418
0.93608815427 0.613136051967
0.936123348018 0.613496932515
0.936158503027 0.613857813064
0.936193619362 0.614218693612
0.936228697086 0.614579574161
0.936263736264 0.614940454709
0.936298736958 0.615301335258
0.936333699232 0.615662215807
0.936368623149 0.616023096355
0.936403508772 0.616383976904
0.936438356164 0.616744857452
0.936473165389 0.617105738001
0.936507936508 0.617466618549
0.936542669584 0.617827499098
0.93657736468 0.618188379646
0.936612021858 0.618549260195
0.93664664118 0.618910140743
0.936681222707 0.619271021292
0.936715766503 0.61963190184
0.936750272628 0.619992782389
0.936784741144 0.620353662938
0.936819172113 0.620714543486
0.936853565596 0.621075424035
0.936887921654 0.621436304583
0.936922240348 0.621797185132
0.936956521739 0.62215806568
0.936990765888 0.622518946229
0.937024972856 0.622879826777
0.937059142702 0.623240707326
0.937093275488 0.623601587874
0.937127371274 0.623962468423
0.93661971831 0.623962468423
0.936112615051 0.623962468423
0.936147186147 0.624323348971
0.936181719849 0.62468422952
0.936216216216 0.625045110069
0.936250675311 0.625405990617
0.936285097192 0.625766871166
0.935779816514 0.625766871166
0.935814455232 0.626127751714
0.935849056604 0.626488632263
0.93588362069 0.626849512811
0.93591814755 0.62721039336
0.935952637244 0.627571273908
0.935987089833 0.627932154457
0.936021505376 0.628293035005
0.93551853842 0.628293035005
0.935016111708 0.628293035005
0.935050993022 0.628653915554
0.93508583691 0.629014796102
0.935120643432 0.629375676651
0.935155412647 0.6297365572
0.935190144617 0.630097437748
0.9352248394 0.630458318297
0.935259497057 0.630819198845
0.935294117647 0.631180079394
0.935328701229 0.631540959942
0.935363247863 0.631901840491
0.935397757608 0.632262721039
0.935432230523 0.632623601588
0.935466666667 0.632984482136
0.935501066098 0.633345362685
0.935535428876 0.633706243233
0.935569755059 0.634067123782
0.935604044705 0.634428004331
0.935638297872 0.634788884879
0.93567251462 0.635149765428
0.935175345377 0.635149765428
0.935209771641 0.635510645976
0.935244161359 0.635871526525
0.935278514589 0.636232407073
0.935312831389 0.636593287622
0.935347111818 0.63695416817
0.935381355932 0.637315048719
0.93541556379 0.637675929267
0.93544973545 0.638036809816
0.935483870968 0.638397690364
0.935517970402 0.638758570913
0.935552033809 0.639119451462
0.935586061246 0.63948033201
0.93562005277 0.639841212559
0.935654008439 0.640202093107
0.935687928308 0.640562973656
0.935721812434 0.640923854204
0.935755660874 0.641284734753
0.935789473684 0.641645615301
0.935823250921 0.64200649585
0.935856992639 0.642367376398
0.935365212822 0.642367376398
0.935399159664 0.642728256947
0.935433070866 0.643089137495
0.935466946485 0.643450018044
0.935500786576 0.643810898593
0.935534591195 0.644171779141
0.935568360398 0.64453265969
0.935602094241 0.644893540238
0.935635792779 0.645254420787
0.935146443515 0.645254420787
0.935180345008 0.645615301335
0.935214211076 0.645976181884
0.935248041775 0.646337062432
0.935281837161 0.646697942981
0.935315597287 0.647058823529
0.935349322211 0.647419704078
0.935383011985 0.647780584626
0.935416666667 0.648141465175
0.935450286309 0.648502345724
0.935483870968 0.648863226272
0.935517420697 0.649224106821
0.935031185031 0.649224106821
0.934545454545 0.649224106821
0.934060228453 0.649224106821
0.934094447327 0.649584987369
0.934128630705 0.649945867918
0.934162778642 0.650306748466
0.934196891192 0.650667629015
0.93423096841 0.651028509563
0.934265010352 0.651389390112
0.934299017072 0.65175027066
0.934332988625 0.652111151209
0.934366925065 0.652472031757
0.934400826446 0.652832912306
0.934434692824 0.653193792855
0.934468524252 0.653554673403
0.934502320784 0.653915553952
0.934536082474 0.6542764345
0.934569809377 0.654637315049
0.934603501545 0.654998195597
0.934637159032 0.655359076146
0.934670781893 0.655719956694
0.93470437018 0.656080837243
0.934737923947 0.656441717791
0.934771443246 0.65680259834
0.934804928131 0.657163478888
0.934838378656 0.657524359437
0.934871794872 0.657885239986
0.934905176832 0.658246120534
0.93493852459 0.658607001083
0.934459805428 0.658607001083
0.934493346981 0.658967881631
0.93452685422 0.65932876218
0.934560327198 0.659689642728
0.934593765968 0.660050523277
0.934627170582 0.660411403825
0.934660541092 0.660772284374
0.934693877551 0.661133164922
0.93472718001 0.661494045471
0.934760448522 0.661854926019
0.934284258788 0.661854926019
0.933808553971 0.661854926019
0.933842239186 0.662215806568
0.933875890132 0.662576687117
0.933909506863 0.662937567665
0.933943089431 0.663298448214
0.933468765871 0.663298448214
0.933502538071 0.663659328762
0.933536276002 0.664020209311
0.933569979716 0.664381089859
0.933603649265 0.664741970408
0.933637284701 0.665102850956
0.933670886076 0.665463731505
0.933704453441 0.665824612053
0.933737986849 0.666185492602
0.93377148635 0.66654637315
0.933804951996 0.666907253699
0.933838383838 0.667268134248
0.933871781928 0.667629014796
0.933905146317 0.667989895345
0.933938477055 0.668350775893
0.933971774194 0.668711656442
0.934005037783 0.66907253699
0.934038267875 0.669433417539
0.934071464519 0.669794298087
0.933601609658 0.669794298087
0.93313222725 0.669794298087
0.933165829146 0.670155178636
0.933199397288 0.670516059184
0.933232931727 0.670876939733
0.933266432514 0.671237820281
0.933299899699 0.67159870083
0.933333333333 0.671959581379
0.933366733467 0.672320461927
0.93340010015 0.672681342476
0.933433433433 0.673042223024
0.933466733367 0.673403103573
0.9335 0.673763984121
0.933533233383 0.67412486467
0.933566433566 0.674485745218
0.933100349476 0.674485745218
0.932634730539 0.674485745218
0.932668329177 0.674846625767
0.932701894317 0.675207506315
0.932735426009 0.675568386864
0.932768924303 0.675929267412
0.932802389248 0.676290147961
0.932835820896 0.67665102851
0.932869219294 0.677011909058
0.932902584493 0.677372789607
0.932935916542 0.677733670155
0.932969215492 0.678094550704
0.93300248139 0.678455431252
0.933035714286 0.678816311801
0.933068914229 0.679177192349
0.933102081269 0.679538072898
0.933135215453 0.679898953446
0.933168316832 0.680259833995
0.933201385453 0.680620714543
0.933234421365 0.680981595092
0.933267424617 0.681342475641
0.933300395257 0.681703356189
0.933333333333 0.682064236738
0.932872655479 0.682064236738
0.932905772077 0.682425117286
0.932938856016 0.682785997835
0.932971907344 0.683146878383
0.933004926108 0.683507758932
0.933037912358 0.68386863948
0.933070866142 0.684229520029
0.933103787506 0.684590400577
0.9331366765 0.684951281126
0.93316953317 0.685312161674
0.932711198428 0.685312161674
0.932253313697 0.685312161674
0.932286555447 0.685673042223
0.93231976459 0.686033922772
0.932352941176 0.68639480332
0.932386085252 0.686755683869
0.932419196866 0.687116564417
0.932452276065 0.687477444966
0.931996086106 0.687477444966
0.931540342298 0.687477444966
0.931573802542 0.687838325514
0.931607230093 0.688199206063
0.931640625 0.688560086611
0.931673987311 0.68892096716
0.931707317073 0.689281847708
0.931253047294 0.689281847708
0.930799220273 0.689281847708
0.930832927423 0.689642728257
0.930866601753 0.690003608805
0.930900243309 0.690364489354
0.93093385214 0.690725369903
0.930967428294 0.691086250451
0.931000971817 0.691447131
0.930548810102 0.691447131
0.930097087379 0.691447131
0.930131004367 0.691808011548
0.930164888458 0.692168892097
0.930198739699 0.692529772645
0.93023255814 0.692890653194
0.930266343826 0.693251533742
0.930300096805 0.693612414291
0.930333817126 0.693973294839
0.929883945841 0.693973294839
0.929917834703 0.694334175388
0.929951690821 0.694695055936
0.929985514244 0.695055936485
0.930019305019 0.695416817034
0.930053063193 0.695777697582
0.930086788814 0.696138578131
0.929638554217 0.696138578131
0.929672447013 0.696499458679
0.929706307174 0.696860339228
0.929740134745 0.697221219776
0.929773929774 0.697582100325
0.929326923077 0.697582100325
0.928880345988 0.697582100325
0.928914505283 0.697942980873
0.928948631781 0.698303861422
0.928982725528 0.69866474197
0.929016786571 0.699025622519
0.929050814957 0.699386503067
0.929084810733 0.699747383616
0.929118773946 0.700108264165
0.929152704643 0.700469144713
0.929186602871 0.700830025262
0.929220468675 0.70119090581
0.929254302103 0.701551786359
0.928810320115 0.701551786359
0.928844317096 0.701912666907
0.928878281623 0.702273547456
0.92891221374 0.702634428004
0.928946113495 0.702995308553
0.928979980934 0.703356189101
0.929013816103 0.70371706965
0.929047619048 0.704077950198
0.929081389814 0.704438830747
0.929115128449 0.704799711296
0.929148834998 0.705160591844
0.929182509506 0.705521472393
0.929216152019 0.705882352941
0.929249762583 0.70624323349
0.928808732795 0.70624323349
0.928368121442 0.70624323349
0.927927927928 0.70624323349
0.927962085308 0.706604114038
0.927996210327 0.706964994587
0.92803030303 0.707325875135
0.928064363464 0.707686755684
0.928098391675 0.708047636232
0.927659574468 0.708047636232
0.927693761815 0.708408516781
0.927727916863 0.708769397329
0.92776203966 0.709130277878
0.927324209533 0.709130277878
0.927358490566 0.709491158427
0.927392739274 0.709852038975
0.927426955702 0.710212919524
0.927461139896 0.710573800072
0.927495291902 0.710934680621
0.927529411765 0.711295561169
0.92756349953 0.711656441718
0.927597555242 0.712017322266
0.927631578947 0.712378202815
0.92766557069 0.712739083363
0.927699530516 0.713099963912
0.92773345847 0.71346084446
0.927767354597 0.713821725009
0.92780121894 0.714182605558
0.927835051546 0.714543486106
0.927400468384 0.714543486106
0.926966292135 0.714543486106
0.926532522227 0.714543486106
0.926566884939 0.714904366655
0.926601215521 0.715265247203
0.926168224299 0.715265247203
0.926202709014 0.715626127752
0.926237161531 0.7159870083
0.926271581895 0.716347888849
0.926305970149 0.716708769397
0.92634032634 0.717069649946
0.925908667288 0.717069649946
0.925943176525 0.717430530494
0.925977653631 0.717791411043
0.926012098651 0.718152291591
0.926046511628 0.71851317214
0.926080892608 0.718874052689
0.926115241636 0.719234933237
0.926149558755 0.719595813786
0.926183844011 0.719956694334
0.925754060325 0.719956694334
0.925324675325 0.719956694334
0.925359295318 0.720317574883
0.924930491196 0.720317574883
0.924965261695 0.720678455431
0.925 0.72103933598
0.925034706155 0.721400216528
0.925069380204 0.721761097077
0.924641701341 0.721761097077
0.924676524954 0.722121977625
0.924711316397 0.722482858174
0.924746075716 0.722843738722
0.924780802953 0.723204619271
0.924815498155 0.72356549982
0.92438911941 0.72356549982
0.924423963134 0.723926380368
0.924458774758 0.724287260917
0.924493554328 0.724648141465
0.924528301887 0.725009022014
0.924563017479 0.725369902562
0.924597701149 0.725730783111
0.924632352941 0.726091663659
0.924666972898 0.726452544208
0.924701561065 0.726813424756
0.924736117485 0.727174305305
0.924770642202 0.727535185853
0.924805135259 0.727896066402
0.9248395967 0.728256946951
0.924874026569 0.728617827499
0.924908424908 0.728978708048
0.924942791762 0.729339588596
0.924977127173 0.729700469145
0.925011431184 0.730061349693
0.925045703839 0.730422230242
0.92507994518 0.73078311079
0.925114155251 0.731143991339
0.925148334094 0.731504871887
0.925182481752 0.731865752436
0.924760601915 0.731865752436
0.924794895169 0.732226632984
0.924829157175 0.732587513533
0.924863387978 0.732948394082
0.924897587619 0.73330927463
0.924931756142 0.733670155179
0.924965893588 0.734031035727
0.925 0.734391916276
0.92503407542 0.734752796824
0.925068119891 0.735113677373
0.925102133454 0.735474557921
0.925136116152 0.73583543847
0.925170068027 0.736196319018
0.925203989121 0.736557199567
0.925237879474 0.736918080115
0.92527173913 0.737278960664
0.92530556813 0.737639841213
0.925339366516 0.738000721761
0.925373134328 0.73836160231
0.925406871609 0.738722482858
0.9254405784 0.739083363407
0.925474254743 0.739444243955
0.925507900677 0.739805124504
0.925541516245 0.740166005052
0.925575101488 0.740526885601
0.925608656447 0.740887766149
0.925191527715 0.740887766149
0.924774774775 0.740887766149
0.924808644755 0.741248646698
0.924842484248 0.741609527246
0.924426450742 0.741609527246
0.924010791367 0.741609527246
0.92404494382 0.741970407795
0.92362982929 0.741970407795
0.923664122137 0.742331288344
0.923698384201 0.742692168892
0.923732615523 0.743053049441
0.92331838565 0.743053049441
0.922904527118 0.743053049441
0.9229390681 0.743413929989
0.922973578146 0.743774810538
0.923008057296 0.744135691086
0.923042505593 0.744496571635
0.923076923077 0.744857452183
0.92311130979 0.745218332732
0.923145665773 0.74557921328
0.922733363109 0.74557921328
0.922321428571 0.74557921328
0.922356091031 0.745940093829
0.922390722569 0.746300974377
0.921979491752 0.746300974377
0.921568627451 0.746300974377
0.921603563474 0.746661854926
0.921638468388 0.747022735475
0.921228304406 0.747022735475
0.921263345196 0.747383616023
0.921298354824 0.747744496572
0.921333333333 0.74810537712
0.921368280764 0.748466257669
0.921403197158 0.748827138217
0.921438082557 0.749188018766
0.921472937001 0.749548899314
0.921507760532 0.749909779863
0.921542553191 0.750270660411
0.92157731502 0.75063154096
0.921169176262 0.75063154096
0.921204072598 0.750992421508
0.921238938053 0.751353302057
0.921273772667 0.751714182606
0.921308576481 0.752075063154
0.921343349536 0.752435943703
0.921378091873 0.752796824251
0.920971302428 0.752796824251
0.920564872021 0.752796824251
0.920158800176 0.752796824251
0.91975308642 0.752796824251
0.919347730278 0.752796824251
0.919383259912 0.7531577048
0.919418758256 0.753518585348
0.919454225352 0.753879465897
0.919489661241 0.754240346445
0.919525065963 0.754601226994
0.91956043956 0.754962107542
0.919595782074 0.755322988091
0.919191919192 0.755322988091
0.91922739245 0.755683868639
0.919262834577 0.756044749188
0.919298245614 0.756405629737
0.918895221394 0.756405629737
0.918930762489 0.756766510285
0.918966272449 0.757127390834
0.919001751313 0.757488271382
0.919037199125 0.757849151931
0.919072615923 0.758210032479
0.918670747704 0.758210032479
0.918706293706 0.758570913028
0.91874180865 0.758931793576
0.918777292576 0.759292674125
0.918812745526 0.759653554673
0.918848167539 0.760014435222
0.918883558657 0.76037531577
0.918918918919 0.760736196319
0.918954248366 0.761097076868
0.918554006969 0.761097076868
0.918589464519 0.761457957416
0.91862489121 0.761818837965
0.918660287081 0.762179718513
0.918260869565 0.762179718513
0.918296392873 0.762540599062
0.918331885317 0.76290147961
0.918367346939 0.763262360159
0.91796875 0.763262360159
0.917570498915 0.763262360159
0.917606244579 0.763623240707
0.917641959254 0.763984121256
0.917677642981 0.764345001804
0.917280207882 0.764345001804
0.917316017316 0.764705882353
0.917351795759 0.765066762901
0.916955017301 0.765066762901
0.916990920882 0.76542764345
0.917026793431 0.765788523999
0.916630669546 0.765788523999
0.916666666667 0.766149404547
0.916702632715 0.766510285096
0.916738567731 0.766871165644
0.916343251401 0.766871165644
0.916379310345 0.767232046193
0.916415338216 0.767592926741
0.916020671835 0.767592926741
0.916056823074 0.76795380729
0.916092943201 0.768314687838
0.916129032258 0.768675568387
0.91573516767 0.768675568387
0.915341641599 0.768675568387
0.915378006873 0.769036448935
0.915414340919 0.769397329484
0.915021459227 0.769397329484
0.914628914629 0.769397329484
0.914665523156 0.769758210032
0.914273467638 0.769758210032
0.913881748072 0.769758210032
0.91391862955 0.770119090581
0.913955479452 0.77047997113
0.913992297818 0.770840851678
0.914029084688 0.771201732227
0.914065840103 0.771562612775
0.913675213675 0.771562612775
0.913712088851 0.771923493324
0.913748932536 0.772284373872
0.913785744772 0.772645254421
0.913822525597 0.773006134969
0.913859275053 0.773367015518
0.91346973572 0.773367015518
0.913080528334 0.773367015518
0.91269165247 0.773367015518
0.912728820775 0.773727896066
0.912765957447 0.774088776615
0.912377711612 0.774088776615
0.912414965986 0.774449657163
0.912452188695 0.774810537712
0.912489379779 0.775171418261
0.912101910828 0.775171418261
0.912139219015 0.775532298809
0.912176495545 0.775893179358
0.912213740458 0.776254059906
0.912250953794 0.776614940455
0.912288135593 0.776975821003
0.912325285896 0.777336701552
0.912362404742 0.7776975821
0.912399492171 0.778058462649
0.912436548223 0.778419343197
0.912473572939 0.778780223746
0.912510566357 0.779141104294
0.912547528517 0.779501984843
0.912584459459 0.779862865392
0.912621359223 0.78022374594
0.912658227848 0.780584626489
0.912695065373 0.780945507037
0.912731871838 0.781306387586
0.912347239781 0.781306387586
0.912384161752 0.781667268134
0.912421052632 0.782028148683
0.912457912458 0.782389029231
0.912494741271 0.78274990978
0.912531539108 0.783110790328
0.912568306011 0.783471670877
0.91218487395 0.783471670877
0.912221755565 0.783832551425
0.911838790932 0.783832551425
0.911875786823 0.784193431974
0.911493288591 0.784193431974
0.911530398323 0.784554312523
0.911567476949 0.784915193071
0.911185588605 0.784915193071
0.91122278057 0.78527607362
0.910841356216 0.78527607362
0.910460251046 0.78527607362
0.910497699707 0.785636954168
0.910535117057 0.785997834717
0.910572503134 0.786358715265
0.910609857978 0.786719595814
0.910647181628 0.787080476362
0.910684474124 0.787441356911
0.910721735503 0.787802237459
0.910758965805 0.788163118008
0.910796165069 0.788523998556
0.910833333333 0.788884879105
0.910870470637 0.789245759654
0.910907577019 0.789606640202
0.910944652518 0.789967520751
0.910981697171 0.790328401299
0.911018711019 0.790689281848
0.911055694098 0.791050162396
0.911092646448 0.791411042945
0.911129568106 0.791771923493
0.911166459112 0.792132804042
0.911203319502 0.79249368459
0.910825383658 0.79249368459
0.910862354892 0.792854565139
0.910899295483 0.793215445687
0.910936205468 0.793576326236
0.910973084886 0.793937206785
0.911009933775 0.794298087333
0.911046752172 0.794658967882
0.911083540116 0.79501984843
0.911120297644 0.795380728979
0.911157024793 0.795741609527
0.910780669145 0.795741609527
0.910817506193 0.796102490076
0.910854312835 0.796463370624
0.910478547855 0.796463370624
0.910103092784 0.796463370624
0.910140148392 0.796824251173
0.909765142151 0.796824251173
0.909802306425 0.797185131721
0.909427748044 0.797185131721
0.909465020576 0.79754601227
0.909090909091 0.79754601227
0.908717105263 0.79754601227
0.908754623921 0.797906892818
0.90879211175 0.798267773367
0.908829568789 0.798628653916
0.908866995074 0.798989534464
0.908904390644 0.799350415013
0.908531583265 0.799350415013
0.908159081591 0.799350415013
0.908196721311 0.799711295561
0.908234330193 0.80007217611
0.908271908272 0.800433056658
0.908309455587 0.800793937207
0.908346972177 0.801154817755
0.908384458078 0.801515698304
0.908421913328 0.801876578852
0.908050674295 0.801876578852
0.908088235294 0.802237459401
0.908125765619 0.802598339949
0.907755102041 0.802598339949
0.907384740922 0.802598339949
0.907014681892 0.802598339949
0.906644924582 0.802598339949
0.906682966585 0.802959220498
0.906720977597 0.803320101047
0.906351791531 0.803320101047
0.905982905983 0.803320101047
0.906021155411 0.803680981595
0.905652704351 0.803680981595
0.905691056911 0.804041862144
0.905729378302 0.804402742692
0.905767668562 0.804763623241
0.90580592773 0.805124503789
0.905438311688 0.805124503789
0.905070993915 0.805124503789
0.905109489051 0.805485384338
0.905147952979 0.805846264886
0.904781199352 0.805846264886
0.904819765087 0.806207145435
0.904453441296 0.806207145435
0.904492108458 0.806568025983
0.904126213592 0.806568025983
0.904164981803 0.806928906532
0.904203718674 0.80728978708
0.904242424242 0.807650667629
0.903877221325 0.807650667629
0.903512313282 0.807650667629
0.903147699758 0.807650667629
0.902783380395 0.807650667629
0.902419354839 0.807650667629
0.902055622733 0.807650667629
0.902095084609 0.808011548178
0.901731776077 0.808011548178
0.901771336554 0.808372428726
0.901408450704 0.808372428726
0.901448109413 0.808733309275
0.901487736228 0.809094189823
0.90152733119 0.809455070372
0.901566894335 0.80981595092
0.901606425703 0.810176831469
0.901645925331 0.810537712017
0.901284109149 0.810537712017
0.901323706378 0.810898592566
0.900962309543 0.810898592566
0.900601202405 0.810898592566
0.900240384615 0.810898592566
0.900280336404 0.811259473114
0.899919935949 0.811259473114
0.899959983994 0.811620353663
0.9 0.811981234211
0.900039984006 0.81234211476
0.899680255795 0.81234211476
0.899320815022 0.81234211476
0.898961661342 0.81234211476
0.899001996008 0.812702995309
0.899042298484 0.813063875857
0.899082568807 0.813424756406
0.899122807018 0.813785636954
0.898764447987 0.813785636954
0.898804780876 0.814146517503
0.898446833931 0.814146517503
0.898487261146 0.814507398051
0.898527656188 0.8148682786
0.898568019093 0.815229159148
0.898210735586 0.815229159148
0.898251192369 0.815590039697
0.897894318633 0.815590039697
0.897537728356 0.815590039697
0.897578404129 0.815950920245
0.897222222222 0.815950920245
0.896866322888 0.815950920245
0.896907216495 0.816311800794
0.896551724138 0.816311800794
0.896592709984 0.816672681342
0.896633663366 0.817033561891
0.896278701504 0.817033561891
0.895924020578 0.817033561891
0.895569620253 0.817033561891
0.895215500198 0.817033561891
0.894861660079 0.817033561891
0.894903200316 0.81739444244
0.894944707741 0.817755322988
0.894986182392 0.818116203537
0.894632991318 0.818116203537
0.894674556213 0.818477084085
0.894716088328 0.818837964634
0.894363421364 0.818837964634
0.894011032309 0.818837964634
0.893658920835 0.818837964634
0.893307086614 0.818837964634
0.892955529319 0.818837964634
0.892997639654 0.819198845182
0.892646480535 0.819198845182
0.892688679245 0.819559725731
0.892730844794 0.819920606279
0.892772977219 0.820281486828
0.892815076561 0.820642367376
0.892857142857 0.821003247925
0.892899176148 0.821364128473
0.892549019608 0.821364128473
0.892199137593 0.821364128473
0.891849529781 0.821364128473
0.891891891892 0.821725009022
0.89193422083 0.822085889571
0.891585127202 0.822085889571
0.891236306729 0.822085889571
0.890887759093 0.822085889571
0.890930414386 0.822446770119
0.890582258695 0.822446770119
0.890625 0.822807650668
0.890667707927 0.823168531216
0.890710382514 0.823529411765
0.890362856028 0.823529411765
0.890015600624 0.823529411765
0.889668615984 0.823529411765
0.889711613406 0.823890292313
0.88936501753 0.823890292313
0.889408099688 0.824251172862
0.889451148307 0.82461205341
0.889105058366 0.82461205341
0.889148191365 0.824972933959
0.889191290824 0.825333814507
0.889234356782 0.825694695056
0.888888888889 0.825694695056
0.888932038835 0.826055575604
0.888586956522 0.826055575604
0.888242142026 0.826055575604
0.887897595035 0.826055575604
0.887941062427 0.826416456153
0.887596899225 0.826416456153
0.887640449438 0.826777336702
0.887296669249 0.826777336702
0.887340301974 0.82713821725
0.887383900929 0.827499097799
0.887427466151 0.827859978347
0.887084300077 0.827859978347
0.886741399304 0.827859978347
0.886398763524 0.827859978347
0.886442641947 0.828220858896
0.886486486486 0.828581739444
0.886144345812 0.828581739444
0.886188271605 0.828942619993
0.885846509834 0.828942619993
0.885890516577 0.829303500541
0.885934489403 0.82966438109
0.885593220339 0.82966438109
0.885637273777 0.830025261638
0.885681293303 0.830386142187
0.885725278953 0.830747022735
0.885384615385 0.830747022735
0.885428681276 0.831107903284
0.885472713297 0.831468783833
0.885132539378 0.831468783833
0.884792626728 0.831468783833
0.884836852207 0.831829664381
0.884881043745 0.83219054493
0.884925201381 0.832551425478
0.884585889571 0.832551425478
0.884246837869 0.832551425478
0.883908045977 0.832551425478
0.883569513596 0.832551425478
0.883231240429 0.832551425478
0.882893226177 0.832551425478
0.882938026014 0.832912306027
0.882600382409 0.832912306027
0.882645259939 0.833273186575
0.882690103172 0.833634067124
0.882352941176 0.833634067124
0.882397861779 0.833994947672
0.882442748092 0.834355828221
0.882106066387 0.834355828221
0.882151029748 0.834716708769
0.881814715974 0.834716708769
0.881478658537 0.834716708769
0.881142857143 0.834716708769
0.881188118812 0.835077589318
0.881233346022 0.835438469866
0.881278538813 0.835799350415
0.880943324458 0.835799350415
0.880988593156 0.836160230964
0.880653743824 0.836160230964
0.880699088146 0.836521111512
0.880364603114 0.836521111512
0.880410022779 0.836881992061
0.88045540797 0.837242872609
0.880500758725 0.837603753158
0.880546075085 0.837964633706
0.880212282032 0.837964633706
0.880257673361 0.838325514255
0.880303030303 0.838686394803
0.880348352897 0.839047275352
0.880015140045 0.839047275352
0.879682179342 0.839047275352
0.879727685325 0.8394081559
0.8797731569 0.839769036449
0.879440665155 0.839769036449
0.879108424632 0.839769036449
0.878776435045 0.839769036449
0.878822197055 0.840129916997
0.878490566038 0.840129916997
0.878159185213 0.840129916997
0.877828054299 0.840129916997
0.877874104787 0.840490797546
0.877920120573 0.840851678095
0.877966101695 0.841212558643
0.877635542169 0.841212558643
0.877681595785 0.841573439192
0.877351392024 0.841573439192
0.877397517864 0.84193431974
0.877443609023 0.842295200289
0.877489665539 0.842656080837
0.877160030053 0.842656080837
0.877206158468 0.843016961386
0.876876876877 0.843016961386
0.876923076923 0.843377841934
0.876969242311 0.843738722483
0.876640419948 0.843738722483
0.876686656672 0.844099603031
0.876358186587 0.844099603031
0.876029962547 0.844099603031
0.875701984276 0.844099603031
0.875374251497 0.844099603031
0.875420875421 0.84446048358
0.875467464473 0.844821364128
0.875140186916 0.844821364128
0.874813153961 0.844821364128
0.874859917818 0.845182244677
0.874906646751 0.845543125226
0.874580067189 0.845543125226
0.874253731343 0.845543125226
0.873927638941 0.845543125226
0.873974645787 0.845904005774
0.874021617592 0.846264886323
0.873695976155 0.846264886323
0.873370577281 0.846264886323
0.873417721519 0.846625766871
0.873092668403 0.846625766871
0.873139880952 0.84698664742
0.873187058386 0.847347527968
0.872862453532 0.847347527968
0.872909698997 0.847708408517
0.872585438336 0.847708408517
0.872632751578 0.848069289065
0.872680029696 0.848430169614
0.872356215213 0.848430169614
0.872403560831 0.848791050162
0.872080088988 0.848791050162
0.872127501853 0.849151930711
0.872174879585 0.849512811259
0.872222222222 0.849873691808
0.872269529804 0.850234572357
0.871946706144 0.850234572357
0.871994080651 0.850595452905
0.872041420118 0.850956333454
0.871719038817 0.850956333454
0.871396895787 0.850956333454
0.871074990765 0.850956333454
0.870753323486 0.850956333454
0.870801033592 0.851317214002
0.870848708487 0.851678094551
0.870527480634 0.851678094551
0.870575221239 0.852038975099
0.870254330999 0.852038975099
0.870302137067 0.852399855648
