1.0 0.000360880548538
1.0 0.000721761097077
1.0 0.00108264164562
0.75 0.00108264164562
0.6 0.00108264164562
0.5 0.00108264164562
0.428571428571 0.00108264164562
0.375 0.00108264164562
0.444444444444 0.00144352219415
0.5 0.00180440274269
0.545454545455 0.00216528329123
0.583333333333 0.00252616383977
0.615384615385 0.00288704438831
0.642857142857 0.00324792493685
0.666666666667 0.00360880548538
0.6875 0.00396968603392
0.705882352941 0.00433056658246
0.722222222222 0.004691447131
0.736842105263 0.00505232767954
0.75 0.00541320822808
0.761904761905 0.00577408877661
0.772727272727 0.00613496932515
0.782608695652 0.00649584987369
0.791666666667 0.00685673042223
0.8 0.00721761097077
0.807692307692 0.00757849151931
0.814814814815 0.00793937206785
0.821428571429 0.00830025261638
0.827586206897 0.00866113316492
0.833333333333 0.00902201371346
0.838709677419 0.009382894262
0.84375 0.00974377481054
0.818181818182 0.00974377481054
0.794117647059 0.00974377481054
0.771428571429 0.00974377481054
0.75 0.00974377481054
0.72972972973 0.00974377481054
0.710526315789 0.00974377481054
0.717948717949 0.0101046553591
0.725 0.0104655359076
0.731707317073 0.0108264164562
0.738095238095 0.0111872970047
0.744186046512 0.0115481775532
0.75 0.0119090581018
0.755555555556 0.0122699386503
0.760869565217 0.0126308191988
0.765957446809 0.0129916997474
0.770833333333 0.0133525802959
0.775510204082 0.0137134608445
0.78 0.014074341393
0.78431372549 0.0144352219415
0.788461538462 0.0147961024901
0.792452830189 0.0151569830386
0.796296296296 0.0155178635872
0.8 0.0158787441357
0.803571428571 0.0162396246842
0.80701754386 0.0166005052328
0.810344827586 0.0169613857813
0.796610169492 0.0169613857813
0.783333333333 0.0169613857813
0.770491803279 0.0169613857813
0.758064516129 0.0169613857813
0.761904761905 0.0173222663298
0.765625 0.0176831468784
0.769230769231 0.0180440274269
0.772727272727 0.0184049079755
0.776119402985 0.018765788524
0.779411764706 0.0191266690725
0.782608695652 0.0194875496211
0.785714285714 0.0198484301696
0.788732394366 0.0202093107182
0.791666666667 0.0205701912667
0.794520547945 0.0209310718152
0.797297297297 0.0212919523638
0.8 0.0216528329123
0.789473684211 0.0216528329123
0.779220779221 0.0216528329123
0.769230769231 0.0216528329123
0.759493670886 0.0216528329123
0.7625 0.0220137134608
0.765432098765 0.0223745940094
0.768292682927 0.0227354745579
0.771084337349 0.0230963551065
0.77380952381 0.023457235655
0.776470588235 0.0238181162035
0.779069767442 0.0241789967521
0.781609195402 0.0245398773006
0.772727272727 0.0245398773006
0.76404494382 0.0245398773006
0.755555555556 0.0245398773006
0.747252747253 0.0245398773006
0.739130434783 0.0245398773006
0.731182795699 0.0245398773006
0.734042553191 0.0249007578492
0.736842105263 0.0252616383977
0.739583333333 0.0256225189462
0.742268041237 0.0259833994948
0.744897959184 0.0263442800433
0.737373737374 0.0263442800433
0.73 0.0263442800433
0.722772277228 0.0263442800433
0.71568627451 0.0263442800433
0.708737864078 0.0263442800433
0.701923076923 0.0263442800433
0.704761904762 0.0267051605918
0.707547169811 0.0270660411404
0.700934579439 0.0270660411404
0.703703703704 0.0274269216889
0.706422018349 0.0277878022375
0.709090909091 0.028148682786
0.711711711712 0.0285095633345
0.714285714286 0.0288704438831
0.716814159292 0.0292313244316
0.710526315789 0.0292313244316
0.704347826087 0.0292313244316
0.698275862069 0.0292313244316
0.692307692308 0.0292313244316
0.694915254237 0.0295922049802
0.697478991597 0.0299530855287
0.7 0.0303139660772
0.702479338843 0.0306748466258
0.704918032787 0.0310357271743
0.707317073171 0.0313966077228
0.709677419355 0.0317574882714
0.712 0.0321183688199
0.714285714286 0.0324792493685
0.708661417323 0.0324792493685
0.703125 0.0324792493685
0.697674418605 0.0324792493685
0.692307692308 0.0324792493685
0.687022900763 0.0324792493685
0.689393939394 0.032840129917
0.691729323308 0.0332010104655
0.694029850746 0.0335618910141
0.696296296296 0.0339227715626
0.698529411765 0.0342836521112
0.700729927007 0.0346445326597
0.702898550725 0.0350054132082
0.697841726619 0.0350054132082
0.692857142857 0.0350054132082
0.687943262411 0.0350054132082
0.69014084507 0.0353662937568
0.692307692308 0.0357271743053
0.694444444444 0.0360880548538
0.696551724138 0.0364489354024
0.698630136986 0.0368098159509
0.69387755102 0.0368098159509
0.689189189189 0.0368098159509
0.691275167785 0.0371706964995
0.693333333333 0.037531577048
0.695364238411 0.0378924575965
0.697368421053 0.0382533381451
0.699346405229 0.0386142186936
0.701298701299 0.0389750992422
0.703225806452 0.0393359797907
0.705128205128 0.0396968603392
0.707006369427 0.0400577408878
0.70253164557 0.0400577408878
0.704402515723 0.0404186214363
0.70625 0.0407795019848
0.708074534161 0.0411403825334
0.70987654321 0.0415012630819
0.711656441718 0.0418621436305
0.713414634146 0.042223024179
0.715151515152 0.0425839047275
0.71686746988 0.0429447852761
0.718562874251 0.0433056658246
0.720238095238 0.0436665463732
0.721893491124 0.0440274269217
0.723529411765 0.0443883074702
0.72514619883 0.0447491880188
0.720930232558 0.0447491880188
0.71676300578 0.0447491880188
0.712643678161 0.0447491880188
0.714285714286 0.0451100685673
0.715909090909 0.0454709491158
0.717514124294 0.0458318296644
0.719101123596 0.0461927102129
0.720670391061 0.0465535907615
0.722222222222 0.04691447131
0.723756906077 0.0472753518585
0.725274725275 0.0476362324071
0.726775956284 0.0479971129556
0.728260869565 0.0483579935042
0.72972972973 0.0487188740527
0.731182795699 0.0490797546012
0.732620320856 0.0494406351498
0.728723404255 0.0494406351498
0.724867724868 0.0494406351498
0.721052631579 0.0494406351498
0.722513089005 0.0498015156983
0.723958333333 0.0501623962468
0.725388601036 0.0505232767954
0.726804123711 0.0508841573439
0.728205128205 0.0512450378925
0.729591836735 0.051605918441
0.730964467005 0.0519667989895
0.732323232323 0.0523276795381
0.733668341709 0.0526885600866
0.735 0.0530494406351
0.73631840796 0.0534103211837
0.737623762376 0.0537712017322
0.738916256158 0.0541320822808
0.740196078431 0.0544929628293
0.741463414634 0.0548538433778
0.742718446602 0.0552147239264
0.743961352657 0.0555756044749
0.745192307692 0.0559364850235
0.746411483254 0.056297365572
0.742857142857 0.056297365572
0.744075829384 0.0566582461205
0.745283018868 0.0570191266691
0.746478873239 0.0573800072176
0.747663551402 0.0577408877661
0.748837209302 0.0581017683147
0.75 0.0584626488632
0.751152073733 0.0588235294118
0.752293577982 0.0591844099603
0.753424657534 0.0595452905088
0.754545454545 0.0599061710574
0.755656108597 0.0602670516059
0.756756756757 0.0606279321545
0.7533632287 0.0606279321545
0.75 0.0606279321545
0.751111111111 0.060988812703
0.752212389381 0.0613496932515
0.753303964758 0.0617105738001
0.754385964912 0.0620714543486
0.755458515284 0.0624323348971
0.75652173913 0.0627932154457
0.757575757576 0.0631540959942
0.758620689655 0.0635149765428
0.759656652361 0.0638758570913
0.760683760684 0.0642367376398
0.76170212766 0.0645976181884
0.762711864407 0.0649584987369
0.763713080169 0.0653193792855
0.764705882353 0.065680259834
0.765690376569 0.0660411403825
0.766666666667 0.0664020209311
0.767634854772 0.0667629014796
0.768595041322 0.0671237820281
0.769547325103 0.0674846625767
0.770491803279 0.0678455431252
0.771428571429 0.0682064236738
0.768292682927 0.0682064236738
0.765182186235 0.0682064236738
0.762096774194 0.0682064236738
0.763052208835 0.0685673042223
0.764 0.0689281847708
0.764940239044 0.0692890653194
0.765873015873 0.0696499458679
0.766798418972 0.0700108264165
0.767716535433 0.070371706965
0.76862745098 0.0707325875135
0.76953125 0.0710934680621
0.770428015564 0.0714543486106
0.771317829457 0.0718152291591
0.772200772201 0.0721761097077
0.773076923077 0.0725369902562
0.773946360153 0.0728978708048
0.774809160305 0.0732587513533
0.77566539924 0.0736196319018
0.776515151515 0.0739805124504
0.777358490566 0.0743413929989
0.778195488722 0.0747022735475
0.779026217228 0.075063154096
0.779850746269 0.0754240346445
0.780669144981 0.0757849151931
0.781481481481 0.0761457957416
0.782287822878 0.0765066762901
0.783088235294 0.0768675568387
0.783882783883 0.0772284373872
0.784671532847 0.0775893179358
0.785454545455 0.0779501984843
0.786231884058 0.0783110790328
0.783393501805 0.0783110790328
0.784172661871 0.0786719595814
0.784946236559 0.0790328401299
0.785714285714 0.0793937206785
0.786476868327 0.079754601227
0.787234042553 0.0801154817755
0.787985865724 0.0804763623241
0.788732394366 0.0808372428726
0.789473684211 0.0811981234211
0.79020979021 0.0815590039697
0.790940766551 0.0819198845182
0.791666666667 0.0822807650668
0.792387543253 0.0826416456153
0.793103448276 0.0830025261638
0.79381443299 0.0833634067124
0.794520547945 0.0837242872609
0.795221843003 0.0840851678095
0.795918367347 0.084446048358
0.796610169492 0.0848069289065
0.797297297297 0.0851678094551
0.79797979798 0.0855286900036
0.798657718121 0.0858895705521
0.799331103679 0.0862504511007
0.8 0.0866113316492
0.800664451827 0.0869722121978
0.801324503311 0.0873330927463
0.80198019802 0.0876939732948
0.802631578947 0.0880548538434
0.8 0.0880548538434
0.800653594771 0.0884157343919
0.801302931596 0.0887766149405
0.801948051948 0.089137495489
0.802588996764 0.0894983760375
0.803225806452 0.0898592565861
0.800643086817 0.0898592565861
0.801282051282 0.0902201371346
0.801916932907 0.0905810176831
0.799363057325 0.0905810176831
0.796825396825 0.0905810176831
0.79746835443 0.0909418982317
0.798107255521 0.0913027787802
0.798742138365 0.0916636593288
0.799373040752 0.0920245398773
0.796875 0.0920245398773
0.797507788162 0.0923854204258
0.798136645963 0.0927463009744
0.798761609907 0.0931071815229
0.799382716049 0.0934680620715
0.8 0.09382894262
0.800613496933 0.0941898231685
0.80122324159 0.0945507037171
0.801829268293 0.0949115842656
0.802431610942 0.0952724648141
0.80303030303 0.0956333453627
0.803625377644 0.0959942259112
0.80421686747 0.0963551064598
0.804804804805 0.0967159870083
0.805389221557 0.0970768675568
0.802985074627 0.0970768675568
0.803571428571 0.0974377481054
0.804154302671 0.0977986286539
0.804733727811 0.0981595092025
0.805309734513 0.098520389751
0.805882352941 0.0988812702995
0.806451612903 0.0992421508481
0.80701754386 0.0996030313966
0.807580174927 0.0999639119451
0.808139534884 0.100324792494
0.808695652174 0.100685673042
0.809248554913 0.101046553591
0.809798270893 0.101407434139
0.810344827586 0.101768314688
0.810888252149 0.102129195236
0.808571428571 0.102129195236
0.806267806268 0.102129195236
0.806818181818 0.102490075785
0.807365439093 0.102850956333
0.80790960452 0.103211836882
0.808450704225 0.103572717431
0.808988764045 0.103933597979
0.806722689076 0.103933597979
0.804469273743 0.103933597979
0.805013927577 0.104294478528
0.805555555556 0.104655359076
0.806094182825 0.105016239625
0.803867403315 0.105016239625
0.801652892562 0.105016239625
0.802197802198 0.105377120173
0.802739726027 0.105738000722
0.803278688525 0.10609888127
0.803814713896 0.106459761819
0.804347826087 0.106820642367
0.80487804878 0.107181522916
0.805405405405 0.107542403464
0.805929919137 0.107903284013
0.806451612903 0.108264164562
0.806970509383 0.10862504511
0.807486631016 0.108985925659
0.808 0.109346806207
0.808510638298 0.109707686756
0.809018567639 0.110068567304
0.809523809524 0.110429447853
0.810026385224 0.110790328401
0.810526315789 0.11115120895
0.811023622047 0.111512089498
0.811518324607 0.111872970047
0.812010443864 0.112233850595
0.8125 0.112594731144
0.812987012987 0.112955611693
0.813471502591 0.113316492241
0.813953488372 0.11367737279
0.814432989691 0.114038253338
0.814910025707 0.114399133887
0.815384615385 0.114760014435
0.815856777494 0.115120894984
0.816326530612 0.115481775532
0.81679389313 0.115842656081
0.817258883249 0.116203536629
0.817721518987 0.116564417178
0.818181818182 0.116925297726
0.818639798489 0.117286178275
0.819095477387 0.117647058824
0.81954887218 0.118007939372
0.82 0.118368819921
0.820448877805 0.118729700469
0.820895522388 0.119090581018
0.821339950372 0.119451461566
0.819306930693 0.119451461566
0.817283950617 0.119451461566
0.817733990148 0.119812342115
0.818181818182 0.120173222663
0.81862745098 0.120534103212
0.819070904645 0.12089498376
0.819512195122 0.121255864309
0.8199513382 0.121616744857
0.817961165049 0.121616744857
0.81598062954 0.121616744857
0.816425120773 0.121977625406
0.814457831325 0.121977625406
0.814903846154 0.122338505955
0.815347721823 0.122699386503
0.815789473684 0.123060267052
0.816229116945 0.1234211476
0.816666666667 0.123782028149
0.817102137767 0.124142908697
0.817535545024 0.124503789246
0.817966903073 0.124864669794
0.818396226415 0.125225550343
0.816470588235 0.125225550343
0.816901408451 0.125586430891
0.817330210773 0.12594731144
0.817757009346 0.126308191988
0.818181818182 0.126669072537
0.818604651163 0.127029953086
0.819025522042 0.127390833634
0.819444444444 0.127751714183
0.819861431871 0.128112594731
0.820276497696 0.12847347528
0.820689655172 0.128834355828
0.821100917431 0.129195236377
0.821510297483 0.129556116925
0.821917808219 0.129916997474
0.822323462415 0.130277878022
0.822727272727 0.130638758571
0.823129251701 0.130999639119
0.823529411765 0.131360519668
0.821670428894 0.131360519668
0.81981981982 0.131360519668
0.81797752809 0.131360519668
0.818385650224 0.131721400217
0.818791946309 0.132082280765
0.819196428571 0.132443161314
0.819599109131 0.132804041862
0.82 0.133164922411
0.820399113082 0.133525802959
0.820796460177 0.133886683508
0.82119205298 0.134247564056
0.821585903084 0.134608444605
0.821978021978 0.134969325153
0.822368421053 0.135330205702
0.822757111597 0.13569108625
0.823144104803 0.136051966799
0.823529411765 0.136412847348
0.823913043478 0.136773727896
0.822125813449 0.136773727896
0.822510822511 0.137134608445
0.822894168467 0.137495488993
0.823275862069 0.137856369542
0.823655913978 0.13821725009
0.824034334764 0.138578130639
0.824411134904 0.138939011187
0.824786324786 0.139299891736
0.825159914712 0.139660772284
0.825531914894 0.140021652833
0.825902335456 0.140382533381
0.826271186441 0.14074341393
0.826638477801 0.141104294479
0.827004219409 0.141465175027
0.827368421053 0.141826055576
0.827731092437 0.142186936124
0.828092243187 0.142547816673
0.828451882845 0.142908697221
0.828810020877 0.14326957777
0.829166666667 0.143630458318
0.829521829522 0.143991338867
0.829875518672 0.144352219415
0.830227743271 0.144713099964
0.830578512397 0.145073980512
0.830927835052 0.145434861061
0.831275720165 0.14579574161
0.831622176591 0.146156622158
0.831967213115 0.146517502707
0.832310838446 0.146878383255
0.832653061224 0.147239263804
0.83299389002 0.147600144352
0.833333333333 0.147961024901
0.833671399594 0.148321905449
0.834008097166 0.148682785998
0.834343434343 0.149043666546
0.834677419355 0.149404547095
0.835010060362 0.149765427643
0.833333333333 0.149765427643
0.831663326653 0.149765427643
0.832 0.150126308192
0.832335329341 0.150487188741
0.832669322709 0.150848069289
0.833001988072 0.151208949838
0.833333333333 0.151569830386
0.833663366337 0.151930710935
0.833992094862 0.152291591483
0.834319526627 0.152652472032
0.834645669291 0.15301335258
0.83300589391 0.15301335258
0.833333333333 0.153374233129
0.833659491194 0.153735113677
0.833984375 0.154095994226
0.834307992203 0.154456874774
0.834630350195 0.154817755323
0.834951456311 0.155178635872
0.835271317829 0.15553951642
0.835589941973 0.155900396969
0.835907335907 0.156261277517
0.836223506744 0.156622158066
0.836538461538 0.156983038614
0.836852207294 0.157343919163
0.837164750958 0.157704799711
0.837476099426 0.15806568026
0.837786259542 0.158426560808
0.838095238095 0.158787441357
0.838403041825 0.159148321905
0.838709677419 0.159509202454
0.839015151515 0.159870083003
0.839319470699 0.160230963551
0.839622641509 0.1605918441
0.839924670433 0.160952724648
0.84022556391 0.161313605197
0.84052532833 0.161674485745
0.840823970037 0.162035366294
0.841121495327 0.162396246842
0.841417910448 0.162757127391
0.839851024209 0.162757127391
0.838289962825 0.162757127391
0.836734693878 0.162757127391
0.835185185185 0.162757127391
0.833641404806 0.162757127391
0.832103321033 0.162757127391
0.83241252302 0.163118007939
0.832720588235 0.163478888488
0.833027522936 0.163839769036
0.833333333333 0.164200649585
0.833638025594 0.164561530134
0.833941605839 0.164922410682
0.834244080146 0.165283291231
0.834545454545 0.165644171779
0.833030852995 0.165644171779
0.833333333333 0.166005052328
0.833634719711 0.166365932876
0.833935018051 0.166726813425
0.834234234234 0.167087693973
0.834532374101 0.167448574522
0.834829443447 0.16780945507
0.835125448029 0.168170335619
0.83542039356 0.168531216167
0.835714285714 0.168892096716
0.836007130125 0.169252977265
0.836298932384 0.169613857813
0.836589698046 0.169974738362
0.836879432624 0.17033561891
0.837168141593 0.170696499459
0.837455830389 0.171057380007
0.837742504409 0.171418260556
0.838028169014 0.171779141104
0.838312829525 0.172140021653
0.838596491228 0.172500902201
0.83887915937 0.17286178275
0.839160839161 0.173222663298
0.839441535777 0.173583543847
0.839721254355 0.173944424396
0.84 0.174305304944
0.840277777778 0.174666185493
0.840554592721 0.175027066041
0.840830449827 0.17538794659
0.841105354059 0.175748827138
0.841379310345 0.176109707687
0.84165232358 0.176470588235
0.840206185567 0.176470588235
0.840480274443 0.176831468784
0.840753424658 0.177192349332
0.841025641026 0.177553229881
0.841296928328 0.177914110429
0.841567291312 0.178274990978
0.841836734694 0.178635871527
0.842105263158 0.178996752075
0.842372881356 0.179357632624
0.842639593909 0.179718513172
0.842905405405 0.180079393721
0.843170320405 0.180440274269
0.843434343434 0.180801154818
0.843697478992 0.181162035366
0.843959731544 0.181522915915
0.844221105528 0.181883796463
0.844481605351 0.182244677012
0.843071786311 0.182244677012
0.841666666667 0.182244677012
0.841930116473 0.18260555756
0.84219269103 0.182966438109
0.842454394693 0.183327318658
0.842715231788 0.183688199206
0.842975206612 0.184049079755
0.843234323432 0.184409960303
0.843492586491 0.184770840852
0.84375 0.1851317214
0.844006568144 0.185492601949
0.844262295082 0.185853482497
0.844517184943 0.186214363046
0.84477124183 0.186575243594
0.845024469821 0.186936124143
0.845276872964 0.187297004691
0.845528455285 0.18765788524
0.845779220779 0.188018765789
0.84602917342 0.188379646337
0.844660194175 0.188379646337
0.843295638126 0.188379646337
0.841935483871 0.188379646337
0.842190016103 0.188740526886
0.842443729904 0.189101407434
0.842696629213 0.189462287983
0.842948717949 0.189823168531
0.8432 0.19018404908
0.843450479233 0.190544929628
0.84370015949 0.190905810177
0.843949044586 0.191266690725
0.844197138315 0.191627571274
0.844444444444 0.191988451822
0.844690966719 0.192349332371
0.84335443038 0.192349332371
0.843601895735 0.19271021292
0.843848580442 0.193071093468
0.844094488189 0.193431974017
0.844339622642 0.193792854565
0.844583987441 0.194153735114
0.844827586207 0.194514615662
0.845070422535 0.194875496211
0.8453125 0.195236376759
0.845553822153 0.195597257308
0.845794392523 0.195958137856
0.846034214619 0.196319018405
0.846273291925 0.196679898953
0.846511627907 0.197040779502
0.846749226006 0.197401660051
0.84544049459 0.197401660051
0.844135802469 0.197401660051
0.842835130971 0.197401660051
0.841538461538 0.197401660051
0.84178187404 0.197762540599
0.842024539877 0.198123421148
0.842266462481 0.198484301696
0.84250764526 0.198845182245
0.842748091603 0.199206062793
0.842987804878 0.199566943342
0.843226788432 0.19992782389
0.843465045593 0.200288704439
0.843702579666 0.200649584987
0.843939393939 0.201010465536
0.844175491679 0.201371346084
0.844410876133 0.201732226633
0.844645550528 0.202093107182
0.844879518072 0.20245398773
0.845112781955 0.202814868279
0.845345345345 0.203175748827
0.845577211394 0.203536629376
0.845808383234 0.203897509924
0.846038863976 0.204258390473
0.846268656716 0.204619271021
0.845007451565 0.204619271021
0.845238095238 0.20498015157
0.845468053492 0.205341032118
0.845697329377 0.205701912667
0.845925925926 0.206062793215
0.846153846154 0.206423673764
0.846381093058 0.206784554313
0.846607669617 0.207145434861
0.846833578792 0.20750631541
0.847058823529 0.207867195958
0.847283406755 0.208228076507
0.847507331378 0.208588957055
0.847730600293 0.208949837604
0.847953216374 0.209310718152
0.848175182482 0.209671598701
0.848396501458 0.210032479249
0.848617176128 0.210393359798
0.84738372093 0.210393359798
0.846153846154 0.210393359798
0.846376811594 0.210754240346
0.846599131693 0.211115120895
0.846820809249 0.211476001444
0.847041847042 0.211836881992
0.847262247839 0.212197762541
0.847482014388 0.212558643089
0.847701149425 0.212919523638
0.847919655667 0.213280404186
0.848137535817 0.213641284735
0.848354792561 0.214002165283
0.848571428571 0.214363045832
0.847360912981 0.214363045832
0.846153846154 0.214363045832
0.844950213371 0.214363045832
0.84375 0.214363045832
0.843971631206 0.21472392638
0.844192634561 0.215084806929
0.84441301273 0.215445687477
0.844632768362 0.215806568026
0.84485190409 0.216167448575
0.845070422535 0.216528329123
0.845288326301 0.216889209672
0.845505617978 0.21725009022
0.84572230014 0.217610970769
0.84593837535 0.217971851317
0.846153846154 0.218332731866
0.846368715084 0.218693612414
0.846582984658 0.219054492963
0.846796657382 0.219415373511
0.84561891516 0.219415373511
0.844444444444 0.219415373511
0.844660194175 0.21977625406
0.84487534626 0.220137134608
0.845089903181 0.220498015157
0.845303867403 0.220858895706
0.845517241379 0.221219776254
0.845730027548 0.221580656803
0.845942228336 0.221941537351
0.846153846154 0.2223024179
0.846364883402 0.222663298448
0.846575342466 0.223024178997
0.846785225718 0.223385059545
0.846994535519 0.223745940094
0.847203274216 0.224106820642
0.847411444142 0.224467701191
0.847619047619 0.224828581739
0.847826086957 0.225189462288
0.84803256445 0.225550342837
0.846883468835 0.225550342837
0.845737483085 0.225550342837
0.844594594595 0.225550342837
0.843454790823 0.225550342837
0.843665768194 0.225911223385
0.843876177658 0.226272103934
0.844086021505 0.226632984482
0.844295302013 0.226993865031
0.844504021448 0.227354745579
0.844712182062 0.227715626128
0.844919786096 0.228076506676
0.845126835781 0.228437387225
0.845333333333 0.228798267773
0.845539280959 0.229159148322
0.845744680851 0.22952002887
0.845949535193 0.229880909419
0.846153846154 0.230241789968
0.846357615894 0.230602670516
0.846560846561 0.230963551065
0.846763540291 0.231324431613
0.846965699208 0.231685312162
0.847167325428 0.23204619271
0.847368421053 0.232407073259
0.847568988173 0.232767953807
0.847769028871 0.233128834356
0.847968545216 0.233489714904
0.848167539267 0.233850595453
0.847058823529 0.233850595453
0.84725848564 0.234211476001
0.847457627119 0.23457235655
0.84765625 0.234933237099
0.847854356307 0.235294117647
0.848051948052 0.235654998196
0.848249027237 0.236015878744
0.848445595855 0.236376759293
0.848641655886 0.236737639841
0.848837209302 0.23709852039
0.849032258065 0.237459400938
0.849226804124 0.237820281487
0.849420849421 0.238181162035
0.849614395887 0.238542042584
0.849807445443 0.238902923132
0.85 0.239263803681
0.848911651729 0.239263803681
0.847826086957 0.239263803681
0.848020434227 0.23962468423
0.848214285714 0.239985564778
0.848407643312 0.240346445327
0.848600508906 0.240707325875
0.848792884371 0.241068206424
0.848984771574 0.241429086972
0.84917617237 0.241789967521
0.849367088608 0.242150848069
0.849557522124 0.242511728618
0.849747474747 0.242872609166
0.849936948298 0.243233489715
0.848866498741 0.243233489715
0.847798742138 0.243233489715
0.847989949749 0.243594370263
0.848180677541 0.243955250812
0.848370927318 0.244316131361
0.848560700876 0.244677011909
0.84875 0.245037892458
0.848938826467 0.245398773006
0.849127182045 0.245759653555
0.849315068493 0.246120534103
0.849502487562 0.246481414652
0.849689440994 0.2468422952
0.849875930521 0.247203175749
0.848822800496 0.247203175749
0.84900990099 0.247564056297
0.849196538937 0.247924936846
0.849382716049 0.248285817394
0.849568434032 0.248646697943
0.849753694581 0.249007578492
0.849938499385 0.24936845904
0.850122850123 0.249729339589
0.850306748466 0.250090220137
0.850490196078 0.250451100686
0.850673194614 0.250811981234
0.850855745721 0.251172861783
0.851037851038 0.251533742331
0.851219512195 0.25189462288
0.851400730816 0.252255503428
0.851581508516 0.252616383977
0.851761846902 0.252977264525
0.851941747573 0.253338145074
0.852121212121 0.253699025623
0.852300242131 0.254059906171
0.852478839178 0.25442078672
0.852657004831 0.254781667268
0.852834740651 0.255142547817
0.853012048193 0.255503428365
0.853188929001 0.255864308914
0.852163461538 0.255864308914
0.852340936375 0.256225189462
0.852517985612 0.256586070011
0.852694610778 0.256946950559
0.852870813397 0.257307831108
0.853046594982 0.257668711656
0.853221957041 0.258029592205
0.853396901073 0.258390472754
0.853571428571 0.258751353302
0.853745541023 0.259112233851
0.853919239905 0.259473114399
0.85409252669 0.259833994948
0.854265402844 0.260194875496
0.854437869822 0.260555756045
0.854609929078 0.260916636593
0.854781582054 0.261277517142
0.854952830189 0.26163839769
0.855123674912 0.261999278239
0.854117647059 0.261999278239
0.853113983549 0.261999278239
0.853286384977 0.262360158787
0.853458382181 0.262721039336
0.853629976581 0.263081919885
0.853801169591 0.263442800433
0.853971962617 0.263803680982
0.85414235706 0.26416456153
0.854312354312 0.264525442079
0.854481955763 0.264886322627
0.854651162791 0.265247203176
0.854819976771 0.265608083724
0.854988399072 0.265968964273
0.855156431054 0.266329844821
0.855324074074 0.26669072537
0.85549132948 0.267051605918
0.854503464203 0.267051605918
0.853517877739 0.267051605918
0.852534562212 0.267051605918
0.852704257768 0.267412486467
0.852873563218 0.267773367016
0.853042479908 0.268134247564
0.853211009174 0.268495128113
0.853379152348 0.268856008661
0.853546910755 0.26921688921
0.853714285714 0.269577769758
0.853881278539 0.269938650307
0.854047890536 0.270299530855
0.854214123007 0.270660411404
0.854379977247 0.271021291952
0.854545454545 0.271382172501
0.854710556186 0.271743053049
0.854875283447 0.272103933598
0.853907134768 0.272103933598
0.852941176471 0.272103933598
0.85197740113 0.272103933598
0.852144469526 0.272464814147
0.852311161218 0.272825694695
0.852477477477 0.273186575244
0.852643419573 0.273547455792
0.852808988764 0.273908336341
0.852974186308 0.274269216889
0.853139013453 0.274630097438
0.853303471445 0.274990977986
0.853467561521 0.275351858535
0.853631284916 0.275712739083
0.853794642857 0.276073619632
0.853957636566 0.27643450018
0.854120267261 0.276795380729
0.854282536151 0.277156261278
0.853333333333 0.277156261278
0.852386237514 0.277156261278
0.852549889135 0.277517141826
0.852713178295 0.277878022375
0.852876106195 0.278238902923
0.853038674033 0.278599783472
0.853200883002 0.27896066402
0.853362734289 0.279321544569
0.853524229075 0.279682425117
0.853685368537 0.280043305666
0.853846153846 0.280404186214
0.854006586169 0.280765066763
0.854166666667 0.281125947311
0.854326396495 0.28148682786
0.853391684902 0.28148682786
0.852459016393 0.28148682786
0.852620087336 0.281847708409
0.852780806979 0.282208588957
0.852941176471 0.282569469506
0.853101196953 0.282930350054
0.853260869565 0.283291230603
0.85342019544 0.283652111151
0.853579175705 0.2840129917
0.853737811484 0.284373872248
0.853896103896 0.284734752797
0.854054054054 0.285095633345
0.854211663067 0.285456513894
0.853290183387 0.285456513894
0.852370689655 0.285456513894
0.851453175457 0.285456513894
0.851612903226 0.285817394442
0.851772287863 0.286178274991
0.851931330472 0.28653915554
0.852090032154 0.286900036088
0.852248394004 0.287260916637
0.852406417112 0.287621797185
0.852564102564 0.287982677734
0.852721451441 0.288343558282
0.852878464819 0.288704438831
0.85303514377 0.289065319379
0.853191489362 0.289426199928
0.853347502657 0.289787080476
0.853503184713 0.290147961025
0.853658536585 0.290508841573
0.852754237288 0.290508841573
0.851851851852 0.290508841573
0.850951374207 0.290508841573
0.85110876452 0.290869722122
0.851265822785 0.291230602671
0.851422550053 0.291591483219
0.851578947368 0.291952363768
0.851735015773 0.292313244316
0.851890756303 0.292674124865
0.85204616999 0.293035005413
0.852201257862 0.293395885962
0.852356020942 0.29375676651
0.852510460251 0.294117647059
0.852664576803 0.294478527607
0.852818371608 0.294839408156
0.851929092805 0.294839408156
0.851041666667 0.294839408156
0.850156087409 0.294839408156
0.849272349272 0.294839408156
0.84942886812 0.295200288704
0.849585062241 0.295561169253
0.849740932642 0.295922049802
0.849896480331 0.29628293035
0.850051706308 0.296643810899
0.85020661157 0.297004691447
0.85036119711 0.297365571996
0.850515463918 0.297726452544
0.850669412976 0.298087333093
0.849794238683 0.298087333093
0.848920863309 0.298087333093
0.849075975359 0.298448213641
0.849230769231 0.29880909419
0.849385245902 0.299169974738
0.849539406346 0.299530855287
0.849693251534 0.299891735835
0.849846782431 0.300252616384
0.85 0.300613496933
0.850152905199 0.300974377481
0.850305498982 0.30133525803
0.850457782299 0.301696138578
0.850609756098 0.302057019127
0.85076142132 0.302417899675
0.850912778905 0.302778780224
0.851063829787 0.303139660772
0.851214574899 0.303500541321
0.851365015167 0.303861421869
0.851515151515 0.304222302418
0.851664984864 0.304583182966
0.851814516129 0.304944063515
0.851963746224 0.305304944064
0.852112676056 0.305665824612
0.852261306533 0.306026705161
0.852409638554 0.306387585709
0.852557673019 0.306748466258
0.852705410822 0.307109346806
0.852852852853 0.307470227355
0.853 0.307831107903
0.853146853147 0.308191988452
0.853293413174 0.308552869
0.853439680957 0.308913749549
0.853585657371 0.309274630097
0.853731343284 0.309635510646
0.853876739563 0.309996391195
0.854021847071 0.310357271743
0.854166666667 0.310718152292
0.854311199207 0.31107903284
0.854455445545 0.311439913389
0.854599406528 0.311800793937
0.854743083004 0.312161674486
0.854886475814 0.312522555034
0.855029585799 0.312883435583
0.855172413793 0.313244316131
0.854330708661 0.313244316131
0.85447394297 0.31360519668
0.854616895874 0.313966077228
0.854759568204 0.314326957777
0.854901960784 0.314687838326
0.855044074437 0.315048718874
0.85518590998 0.315409599423
0.855327468231 0.315770479971
0.85546875 0.31613136052
0.855609756098 0.316492241068
0.85477582846 0.316492241068
0.85394352483 0.316492241068
0.854085603113 0.316853121617
0.854227405248 0.317214002165
0.854368932039 0.317574882714
0.854510184287 0.317935763262
0.854651162791 0.318296643811
0.854791868345 0.318657524359
0.854932301741 0.319018404908
0.855072463768 0.319379285457
0.855212355212 0.319740166005
0.855351976856 0.320101046554
0.85549132948 0.320461927102
0.855630413859 0.320822807651
0.855769230769 0.321183688199
0.85590778098 0.321544568748
0.856046065259 0.321905449296
0.856184084372 0.322266329845
0.855363984674 0.322266329845
0.855502392344 0.322627210393
0.855640535373 0.322988090942
0.855778414518 0.32334897149
0.855916030534 0.323709852039
0.856053384175 0.324070732588
0.85619047619 0.324431613136
0.856327307326 0.324792493685
0.856463878327 0.325153374233
0.856600189934 0.325514254782
0.856736242884 0.32587513533
0.856872037915 0.326236015879
0.857007575758 0.326596896427
0.857142857143 0.326957776976
0.857277882798 0.327318657524
0.857412653447 0.327679538073
0.857547169811 0.328040418621
0.856738925542 0.328040418621
0.85593220339 0.328040418621
0.855126999059 0.328040418621
0.855263157895 0.32840129917
0.855399061033 0.328762179719
0.855534709193 0.329123060267
0.855670103093 0.329483940816
0.855805243446 0.329844821364
0.855940130964 0.330205701913
0.856074766355 0.330566582461
0.856209150327 0.33092746301
0.856343283582 0.331288343558
0.856477166822 0.331649224107
0.855679702048 0.331649224107
0.85488372093 0.331649224107
0.854089219331 0.331649224107
0.854224698236 0.332010104655
0.854359925788 0.332370985204
0.854494902688 0.332731865752
0.85462962963 0.333092746301
0.854764107308 0.33345362685
0.854898336414 0.333814507398
0.855032317636 0.334175387947
0.855166051661 0.334536268495
0.855299539171 0.334897149044
0.855432780847 0.335258029592
0.855565777369 0.335618910141
0.855698529412 0.335979790689
0.855831037649 0.336340671238
0.855963302752 0.336701551786
0.85609532539 0.337062432335
0.856227106227 0.337423312883
0.856358645929 0.337784193432
0.856489945155 0.338145073981
0.856621004566 0.338505954529
0.856751824818 0.338866835078
0.856882406563 0.339227715626
0.857012750455 0.339588596175
0.856232939035 0.339588596175
0.855454545455 0.339588596175
0.855585831063 0.339949476723
0.855716878403 0.340310357272
0.855847688123 0.34067123782
0.85597826087 0.341032118369
0.856108597285 0.341392998917
0.856238698011 0.341753879466
0.856368563686 0.342114760014
0.856498194946 0.342475640563
0.856627592426 0.342836521112
0.856756756757 0.34319740166
0.856885688569 0.343558282209
0.857014388489 0.343919162757
0.857142857143 0.344280043306
0.857271095153 0.344640923854
0.857399103139 0.345001804403
0.85752688172 0.345362684951
0.857654431513 0.3457235655
0.857781753131 0.346084446048
0.857908847185 0.346445326597
0.858035714286 0.346806207145
0.85816235504 0.347167087694
0.858288770053 0.347527968243
0.858414959929 0.347888848791
0.858540925267 0.34824972934
0.858666666667 0.348610609888
0.858792184725 0.348971490437
0.858917480035 0.349332370985
0.859042553191 0.349693251534
0.859167404783 0.350054132082
0.859292035398 0.350415012631
0.859416445623 0.350775893179
0.859540636042 0.351136773728
0.859664607237 0.351497654276
0.859788359788 0.351858534825
0.859911894273 0.352219415374
0.860035211268 0.352580295922
0.860158311346 0.352941176471
0.860281195079 0.353302057019
0.860403863038 0.353662937568
0.860526315789 0.354023818116
0.859772129711 0.354023818116
0.859894921191 0.354384698665
0.860017497813 0.354745579213
0.86013986014 0.355106459762
0.860262008734 0.35546734031
0.860383944154 0.355828220859
0.860505666957 0.356189101407
0.8606271777 0.356549981956
0.860748476936 0.356910862505
0.860869565217 0.357271743053
0.860990443093 0.357632623602
0.861111111111 0.35799350415
0.861231569818 0.358354384699
0.861351819757 0.358715265247
0.861471861472 0.359076145796
0.861591695502 0.359437026344
0.861711322385 0.359797906893
0.86183074266 0.360158787441
0.861949956859 0.36051966799
0.862068965517 0.360880548538
0.862187769165 0.361241429087
0.86230636833 0.361602309636
0.861564918315 0.361602309636
0.860824742268 0.361602309636
0.860944206009 0.361963190184
0.861063464837 0.362324070733
0.86118251928 0.362684951281
0.861301369863 0.36304583183
0.861420017109 0.363406712378
0.861538461538 0.363767592927
0.861656703672 0.364128473475
0.861774744027 0.364489354024
0.86189258312 0.364850234572
0.862010221465 0.365211115121
0.862127659574 0.365571995669
0.862244897959 0.365932876218
0.862361937128 0.366293756767
0.862478777589 0.366654637315
0.862595419847 0.367015517864
0.86186440678 0.367015517864
0.861134631668 0.367015517864
0.861252115059 0.367376398412
0.861369399831 0.367737278961
0.861486486486 0.368098159509
0.861603375527 0.368459040058
0.861720067454 0.368819920606
0.861836562763 0.369180801155
0.861952861953 0.369541681703
0.862068965517 0.369902562252
0.86218487395 0.3702634428
0.862300587741 0.370624323349
0.862416107383 0.370985203898
0.862531433361 0.371346084446
0.862646566164 0.371706964995
0.862761506276 0.372067845543
0.862876254181 0.372428726092
0.862990810359 0.37278960664
0.863105175292 0.373150487189
0.863219349458 0.373511367737
0.863333333333 0.373872248286
0.863447127394 0.374233128834
0.863560732113 0.374594009383
0.863674147963 0.374954889931
0.863787375415 0.37531577048
0.863070539419 0.37531577048
0.863184079602 0.375676651029
0.863297431649 0.376037531577
0.863410596026 0.376398412126
0.863523573201 0.376759292674
0.863636363636 0.377120173223
0.863748967795 0.377481053771
0.863861386139 0.37784193432
0.863973619126 0.378202814868
0.864085667216 0.378563695417
0.864197530864 0.378924575965
0.864309210526 0.379285456514
0.864420706656 0.379646337062
0.864532019704 0.380007217611
0.864643150123 0.38036809816
0.864754098361 0.380728978708
0.864864864865 0.381089859257
0.864975450082 0.381450739805
0.865085854456 0.381811620354
0.865196078431 0.382172500902
0.865306122449 0.382533381451
0.865415986949 0.382894261999
0.865525672372 0.383255142548
0.865635179153 0.383616023096
0.86574450773 0.383976903645
0.865853658537 0.384337784193
0.865962632006 0.384698664742
0.866071428571 0.385059545291
0.866180048662 0.385420425839
0.865478119935 0.385420425839
0.864777327935 0.385420425839
0.864077669903 0.385420425839
0.864187550525 0.385781306388
0.864297253635 0.386142186936
0.864406779661 0.386503067485
0.864516129032 0.386863948033
0.864625302176 0.387224828582
0.864734299517 0.38758570913
0.86484312148 0.387946589679
0.864951768489 0.388307470227
0.865060240964 0.388668350776
0.865168539326 0.389029231324
0.865276663994 0.389390111873
0.865384615385 0.389750992422
0.865492393915 0.39011187297
0.8656 0.390472753519
0.865707434053 0.390833634067
0.865814696486 0.391194514616
0.865123703113 0.391194514616
0.864433811802 0.391194514616
0.86374501992 0.391194514616
0.863057324841 0.391194514616
0.863166268894 0.391555395164
0.863275039746 0.391916275713
0.863383637808 0.392277156261
0.863492063492 0.39263803681
0.863600317209 0.392998917358
0.863708399366 0.393359797907
0.863816310372 0.393720678455
0.863924050633 0.394081559004
0.864031620553 0.394442439553
0.863349131122 0.394442439553
0.862667719021 0.394442439553
0.861987381703 0.394442439553
0.861308116627 0.394442439553
0.86062992126 0.394442439553
0.859952793076 0.394442439553
0.860062893082 0.394803320101
0.86017282011 0.39516420065
0.860282574568 0.395525081198
0.860392156863 0.395885961747
0.860501567398 0.396246842295
0.860610806578 0.396607722844
0.860719874804 0.396968603392
0.860828772478 0.397329483941
0.86015625 0.397329483941
0.859484777518 0.397329483941
0.858814352574 0.397329483941
0.858924395947 0.397690364489
0.859034267913 0.398051245038
0.859143968872 0.398412125586
0.859253499222 0.398773006135
0.859362859363 0.399133886684
0.859472049689 0.399494767232
0.859581070597 0.399855647781
0.859689922481 0.400216528329
0.859798605732 0.400577408878
0.859907120743 0.400938289426
0.860015467904 0.401299169975
0.860123647604 0.401660050523
0.860231660232 0.402020931072
0.860339506173 0.40238181162
0.860447185813 0.402742692169
0.860554699538 0.403103572717
0.860662047729 0.403464453266
0.860769230769 0.403825333815
0.860107609531 0.403825333815
0.859447004608 0.403825333815
0.858787413661 0.403825333815
0.858895705521 0.404186214363
0.859003831418 0.404547094912
0.85911179173 0.40490797546
0.85921958684 0.405268856009
0.859327217125 0.405629736557
0.859434682964 0.405990617106
0.859541984733 0.406351497654
0.859649122807 0.406712378203
0.859756097561 0.407073258751
0.859862909368 0.4074341393
0.8599695586 0.407795019848
0.860076045627 0.408155900397
0.860182370821 0.408516780946
0.860288534548 0.408877661494
0.860394537178 0.409238542043
0.860500379075 0.409599422591
0.860606060606 0.40996030314
0.860711582135 0.410321183688
0.860816944024 0.410682064237
0.860922146636 0.411042944785
0.860271903323 0.411042944785
0.859622641509 0.411042944785
0.858974358974 0.411042944785
0.859080633007 0.411403825334
0.859186746988 0.411764705882
0.859292701279 0.412125586431
0.859398496241 0.412486466979
0.859504132231 0.412847347528
0.85960960961 0.413208228077
0.859714928732 0.413569108625
0.859820089955 0.413929989174
0.859925093633 0.414290869722
0.86002994012 0.414651750271
0.860134629768 0.415012630819
0.86023916293 0.415373511368
0.860343539955 0.415734391916
0.860447761194 0.416095272465
0.860551826995 0.416456153013
0.860655737705 0.416817033562
0.860759493671 0.41717791411
0.860863095238 0.417538794659
0.860223048327 0.417538794659
0.859583952452 0.417538794659
0.859688195991 0.417899675208
0.859792284866 0.418260555756
0.859896219422 0.418621436305
0.86 0.418982316853
0.860103626943 0.419343197402
0.860207100592 0.41970407795
0.860310421286 0.420064958499
0.860413589365 0.420425839047
0.860516605166 0.420786719596
0.860619469027 0.421147600144
0.860722181282 0.421508480693
0.860824742268 0.421869361241
0.860927152318 0.42223024179
0.861029411765 0.422591122339
0.86113152094 0.422952002887
0.861233480176 0.423312883436
0.861335289802 0.423673763984
0.861436950147 0.424034644533
0.861538461538 0.424395525081
0.861639824305 0.42475640563
0.861009509876 0.42475640563
0.861111111111 0.425117286178
0.861212563915 0.425478166727
0.861313868613 0.425839047275
0.861415025529 0.426199927824
0.861516034985 0.426560808372
0.861616897305 0.426921688921
0.861717612809 0.42728256947
0.861818181818 0.427643450018
0.861918604651 0.428004330567
0.861292665214 0.428004330567
0.860667634253 0.428004330567
0.860768672951 0.428365211115
0.860869565217 0.428726091664
0.860970311369 0.429086972212
0.861070911722 0.429447852761
0.861171366594 0.429808733309
0.861271676301 0.430169613858
0.861371841155 0.430530494406
0.861471861472 0.430891374955
0.861571737563 0.431252255503
0.861671469741 0.431613136052
0.861771058315 0.431974016601
0.861870503597 0.432334897149
0.861969805895 0.432695777698
0.862068965517 0.433056658246
0.862167982771 0.433417538795
0.862266857963 0.433778419343
0.862365591398 0.434139299892
0.862464183381 0.43450018044
0.861846814603 0.43450018044
0.861230329041 0.43450018044
0.861329521086 0.434861060989
0.861428571429 0.435221941537
0.861527480371 0.435582822086
0.861626248217 0.435943702634
0.861724875267 0.436304583183
0.861823361823 0.436665463732
0.861921708185 0.43702634428
0.862019914651 0.437387224829
0.862117981521 0.437748105377
0.862215909091 0.438108985926
0.862313697658 0.438469866474
0.862411347518 0.438830747023
0.862508858965 0.439191627571
0.862606232295 0.43955250812
0.862703467799 0.439913388668
0.862093352192 0.439913388668
0.86148409894 0.439913388668
0.861581920904 0.440274269217
0.861679604799 0.440635149765
0.861777150917 0.440996030314
0.861874559549 0.441356910863
0.861971830986 0.441717791411
0.862068965517 0.44207867196
0.862165963432 0.442439552508
0.862262825018 0.442800433057
0.862359550562 0.443161313605
0.862456140351 0.443522194154
0.86255259467 0.443883074702
0.862648913805 0.444243955251
0.862745098039 0.444604835799
0.862841147656 0.444965716348
0.862237762238 0.444965716348
0.862334032145 0.445326596896
0.862430167598 0.445687477445
0.862526168876 0.446048357994
0.862622036262 0.446409238542
0.862717770035 0.446770119091
0.862813370474 0.447130999639
0.862908837857 0.447491880188
0.863004172462 0.447852760736
0.863099374566 0.448213641285
0.863194444444 0.448574521833
0.863289382373 0.448935402382
0.863384188627 0.44929628293
0.863478863479 0.449657163479
0.863573407202 0.450018044027
0.862975778547 0.450018044027
0.862378976487 0.450018044027
0.861782999309 0.450018044027
0.861878453039 0.450378924576
0.861973775017 0.450739805125
0.862068965517 0.451100685673
0.86216402481 0.451461566222
0.862258953168 0.45182244677
0.86235375086 0.452183327319
0.862448418157 0.452544207867
0.862542955326 0.452905088416
0.862637362637 0.453265968964
0.862731640357 0.453626849513
0.862825788752 0.453987730061
0.862919808088 0.45434861061
0.86301369863 0.454709491158
0.863107460643 0.455070371707
0.863201094391 0.455431252256
0.863294600137 0.455792132804
0.863387978142 0.456153013353
0.863481228669 0.456513893901
0.863574351978 0.45687477445
0.86366734833 0.457235654998
0.863079019074 0.457235654998
0.863172226004 0.457596535547
0.863265306122 0.457957416095
0.863358259687 0.458318296644
0.863451086957 0.458679177192
0.863543788187 0.459040057741
0.863636363636 0.459400938289
0.863728813559 0.459761818838
0.863821138211 0.460122699387
0.863913337847 0.460483579935
0.86400541272 0.460844460484
0.864097363083 0.461205341032
0.863513513514 0.461205341032
0.863605671843 0.461566221581
0.863697705803 0.461927102129
0.863789615644 0.462287982678
0.863881401617 0.462648863226
0.863973063973 0.463009743775
0.864064602961 0.463370624323
0.86415601883 0.463731504872
0.864247311828 0.46409238542
0.864338482203 0.464453265969
0.864429530201 0.464814146518
0.86452045607 0.465175027066
0.864611260054 0.465535907615
0.864701942398 0.465896788163
0.864792503347 0.466257668712
0.864882943144 0.46661854926
0.864973262032 0.466979429809
0.865063460254 0.467340310357
0.865153538051 0.467701190906
0.865243495664 0.468062071454
0.865333333333 0.468422952003
0.864756828781 0.468422952003
0.864846870839 0.468783832551
0.864936793081 0.4691447131
0.865026595745 0.469505593649
0.86511627907 0.469866474197
0.865205843293 0.470227354746
0.865295288653 0.470588235294
0.865384615385 0.470949115843
0.865473823724 0.471309996391
0.865562913907 0.47167087694
0.865651886168 0.472031757488
0.865740740741 0.472392638037
0.865829477859 0.472753518585
0.865918097754 0.473114399134
0.86600660066 0.473475279682
0.866094986807 0.473836160231
0.866183256427 0.47419704078
0.86627140975 0.474557921328
0.866359447005 0.474918801877
0.866447368421 0.475279682425
0.866535174227 0.475640562974
0.865965834428 0.475640562974
0.866053841103 0.476001443522
0.866141732283 0.476362324071
0.866229508197 0.476723204619
0.866317169069 0.477084085168
0.86574983628 0.477084085168
0.865837696335 0.477444965716
0.865925441465 0.477805846265
0.866013071895 0.478166726813
0.866100587851 0.478527607362
0.866187989556 0.478888487911
0.866275277234 0.479249368459
0.866362451108 0.479610249008
0.866449511401 0.479971129556
0.866536458333 0.480332010105
0.86597267404 0.480332010105
0.865409622887 0.480332010105
0.865497076023 0.480692890653
0.865584415584 0.481053771202
0.865671641791 0.48141465175
0.865758754864 0.481775532299
0.865845755023 0.482136412847
0.865932642487 0.482497293396
0.866019417476 0.482858173944
0.866106080207 0.483219054493
0.866192630899 0.483579935042
0.866279069767 0.48394081559
0.86636539703 0.484301696139
0.866451612903 0.484662576687
0.865892972276 0.484662576687
0.865979381443 0.485023457236
0.86606567933 0.485384337784
0.866151866152 0.485745218333
0.866237942122 0.486106098881
0.866323907455 0.48646697943
0.866409762364 0.486827859978
0.86649550706 0.487188740527
0.866581141758 0.487549621075
0.866666666667 0.487910501624
0.866752081999 0.488271382173
0.866837387964 0.488632262721
0.866922584773 0.48899314327
0.867007672634 0.489354023818
0.867092651757 0.489714904367
0.86717752235 0.490075784915
0.86726228462 0.490436665464
0.867346938776 0.490797546012
0.867431485022 0.491158426561
0.867515923567 0.491519307109
0.867600254615 0.491880187658
0.867684478372 0.492241068206
0.867768595041 0.492601948755
0.867852604828 0.492962829304
0.867936507937 0.493323709852
0.868020304569 0.493684590401
0.868103994927 0.494045470949
0.868187579214 0.494406351498
0.868271057631 0.494767232046
0.86835443038 0.495128112595
0.86843769766 0.495488993143
0.868520859671 0.495849873692
0.868603916614 0.49621075424
0.868686868687 0.496571634789
0.868769716088 0.496932515337
0.868852459016 0.497293395886
0.868935097669 0.497654276435
0.86838790932 0.497654276435
0.868470736312 0.498015156983
0.868553459119 0.498376037532
0.868636077938 0.49873691808
0.868718592965 0.499097798629
0.868801004394 0.499458679177
0.868883312422 0.499819559726
0.868965517241 0.500180440274
0.869047619048 0.500541320823
0.869129618034 0.500902201371
0.869211514393 0.50126308192
0.869293308318 0.501623962468
0.869375 0.501984843017
0.869456589631 0.502345723565
0.869538077403 0.502706604114
0.868995633188 0.502706604114
0.869077306733 0.503067484663
0.869158878505 0.503428365211
0.869240348692 0.50378924576
0.869321717486 0.504150126308
0.869402985075 0.504511006857
0.869484151647 0.504871887405
0.869565217391 0.505232767954
0.869646182495 0.505593648502
0.869727047146 0.505954529051
0.869187848729 0.505954529051
0.86926889715 0.506315409599
0.869349845201 0.506676290148
0.869430693069 0.507037170696
0.86951144094 0.507398051245
0.869592088999 0.507758931794
0.869672637431 0.508119812342
0.86975308642 0.508480692891
0.869833436151 0.508841573439
0.869913686806 0.509202453988
0.869993838571 0.509563334536
0.870073891626 0.509924215085
0.870153846154 0.510285095633
0.870233702337 0.510645976182
0.870313460356 0.51100685673
0.869778869779 0.51100685673
0.869858809085 0.511367737279
0.869938650307 0.511728617827
0.870018393624 0.512089498376
0.870098039216 0.512450378925
0.870177587263 0.512811259473
0.870257037944 0.513172140022
0.870336391437 0.51353302057
0.870415647922 0.513893901119
0.870494807575 0.514254781667
0.870573870574 0.514615662216
0.870652837096 0.514976542764
0.870731707317 0.515337423313
0.870810481414 0.515698303861
0.870889159562 0.51605918441
0.870359099209 0.51605918441
0.870437956204 0.516420064958
0.870516717325 0.516780945507
0.870595382746 0.517141826056
0.870673952641 0.517502706604
0.870752427184 0.517863587153
0.870830806549 0.518224467701
0.870909090909 0.51858534825
0.870987280436 0.518946228798
0.871065375303 0.519307109347
0.871143375681 0.519667989895
0.871221281741 0.520028870444
0.871299093656 0.520389750992
0.871376811594 0.520750631541
0.871454435727 0.521111512089
0.870928829916 0.521111512089
0.870403857746 0.521111512089
0.869879518072 0.521111512089
0.869957856713 0.521472392638
0.870036101083 0.521833273187
0.870114251353 0.522194153735
0.870192307692 0.522555034284
0.87027027027 0.522915914832
0.870348139256 0.523276795381
0.870425914817 0.523637675929
0.870503597122 0.523998556478
0.870581186339 0.524359437026
0.870658682635 0.524720317575
0.870736086176 0.525081198123
0.870813397129 0.525442078672
0.87089061566 0.52580295922
0.870967741935 0.526163839769
0.870447761194 0.526163839769
0.869928400955 0.526163839769
0.870005963029 0.526524720318
0.870083432658 0.526885600866
0.870160810006 0.527246481415
0.870238095238 0.527607361963
0.870315288519 0.527968242512
0.870392390012 0.52832912306
0.870469399881 0.528690003609
0.87054631829 0.529050884157
0.870623145401 0.529411764706
0.870699881376 0.529772645254
0.870776526378 0.530133525803
0.870853080569 0.530494406351
0.870337477798 0.530494406351
0.869822485207 0.530494406351
0.869308101715 0.530494406351
0.868794326241 0.530494406351
0.868871825162 0.5308552869
0.868949232586 0.531216167449
0.869026548673 0.531577047997
0.869103773585 0.531937928546
0.869180907484 0.532298809094
0.86925795053 0.532659689643
0.869334902884 0.533020570191
0.868823529412 0.533020570191
0.868900646678 0.53338145074
0.868977673325 0.533742331288
0.869054609513 0.534103211837
0.869131455399 0.534464092385
0.869208211144 0.534824972934
0.869284876905 0.535185853482
0.869361452841 0.535546734031
0.86943793911 0.53590761458
0.869514335869 0.536268495128
0.869590643275 0.536629375677
0.869666861485 0.536990256225
0.869742990654 0.537351136774
0.86981903094 0.537712017322
0.869894982497 0.538072897871
0.869970845481 0.538433778419
0.870046620047 0.538794658968
0.870122306348 0.539155539516
0.87019790454 0.539516420065
0.870273414776 0.539877300613
0.870348837209 0.540238181162
0.870424171993 0.540599061711
0.87049941928 0.540959942259
0.870574579222 0.541320822808
0.870649651972 0.541681703356
0.870144927536 0.541681703356
0.870220162225 0.542042583905
0.870295309786 0.542403464453
0.87037037037 0.542764345002
0.87044534413 0.54312522555
0.870520231214 0.543486106099
0.870595031774 0.543846986647
0.870669745958 0.544207867196
0.870744373918 0.544568747744
0.870818915802 0.544929628293
0.870893371758 0.545290508842
0.870391705069 0.545290508842
0.869890616005 0.545290508842
0.86996547756 0.54565138939
0.870040253019 0.546012269939
0.870114942529 0.546373150487
0.870189546238 0.546734031036
0.870264064294 0.547094911584
0.870338496845 0.547455792133
0.870412844037 0.547816672681
0.870487106017 0.54817755323
0.870561282932 0.548538433778
0.870062965083 0.548538433778
0.869565217391 0.548538433778
0.869068038879 0.548538433778
0.869142857143 0.548899314327
0.869217589949 0.549260194875
0.869292237443 0.549621075424
0.869366799772 0.549981955973
0.869441277081 0.550342836521
0.869515669516 0.55070371707
0.869589977221 0.551064597618
0.869664200341 0.551425478167
0.869738339022 0.551786358715
0.869812393405 0.552147239264
0.869886363636 0.552508119812
0.869960249858 0.552869000361
0.870034052213 0.553229880909
0.869540555871 0.553229880909
0.869047619048 0.553229880909
0.869121813031 0.553590761458
0.86919592299 0.553951642006
0.869269949066 0.554312522555
0.869343891403 0.554673403104
0.869417750141 0.555034283652
0.869491525424 0.555395164201
0.869565217391 0.555756044749
0.869638826185 0.556116925298
0.869712351946 0.556477805846
0.869785794814 0.556838686395
0.86985915493 0.557199566943
0.869932432432 0.557560447492
0.870005627462 0.55792132804
0.870078740157 0.558282208589
0.869589657111 0.558282208589
0.869662921348 0.558643089137
0.869736103313 0.559003969686
0.869809203143 0.559364850235
0.869882220976 0.559725730783
0.869955156951 0.560086611332
0.870028011204 0.56044749188
0.870100783875 0.560808372429
0.870173475098 0.561169252977
0.870246085011 0.561530133526
0.870318613751 0.561891014074
0.870391061453 0.562251894623
0.870463428252 0.562612775171
0.870535714286 0.56297365572
0.870607919688 0.563334536268
0.870680044593 0.563695416817
0.870752089136 0.564056297366
0.870824053452 0.564417177914
0.870895937674 0.564778058463
0.870967741935 0.565138939011
0.87103946637 0.56549981956
0.871111111111 0.565860700108
0.871182676291 0.566221580657
0.871254162042 0.566582461205
0.871325568497 0.566943341754
0.870842572062 0.566943341754
0.870360110803 0.566943341754
0.870431893688 0.567304222302
0.870503597122 0.567665102851
0.870575221239 0.568025983399
0.870646766169 0.568386863948
0.870718232044 0.568747744497
0.87023743788 0.568747744497
0.870309050773 0.569108625045
0.870380584666 0.569469505594
0.870452039691 0.569830386142
0.870523415978 0.570191266691
0.870594713656 0.570552147239
0.870665932856 0.570913027788
0.870737073707 0.571273908336
0.870808136339 0.571634788885
0.870879120879 0.571995669433
0.870950027457 0.572356549982
0.871020856202 0.57271743053
0.870543060889 0.57271743053
0.870065789474 0.57271743053
0.870136986301 0.573078311079
0.870208105148 0.573439191628
0.870279146141 0.573800072176
0.870350109409 0.574160952725
0.870420995079 0.574521833273
0.870491803279 0.574882713822
0.870562534134 0.57524359437
0.870633187773 0.575604474919
0.870703764321 0.575965355467
0.870774263904 0.576326236016
0.870844686649 0.576687116564
0.87091503268 0.577047997113
0.870985302123 0.577408877661
0.871055495103 0.57776975821
0.871125611746 0.578130638759
0.871195652174 0.578491519307
0.871265616513 0.578852399856
0.871335504886 0.579213280404
0.871405317417 0.579574160953
0.87147505423 0.579935041501
0.871544715447 0.58029592205
0.871614301192 0.580656802598
0.871683811586 0.581017683147
0.871753246753 0.581378563695
0.871281773932 0.581378563695
0.871351351351 0.581739444244
0.871420853593 0.582100324792
0.871490280778 0.582461205341
0.871559633028 0.58282208589
0.871628910464 0.583182966438
0.871698113208 0.583543846987
0.871767241379 0.583904727535
0.871297792138 0.583904727535
0.870828848224 0.583904727535
0.870898332437 0.584265608084
0.870967741935 0.584626488632
0.87103707684 0.584987369181
0.871106337272 0.585348249729
0.871175523349 0.585709130278
0.871244635193 0.586070010826
0.871313672922 0.586430891375
0.871382636656 0.586791771923
0.871451526513 0.587152652472
0.870985010707 0.587152652472
0.870518994114 0.587152652472
0.870053475936 0.587152652472
0.869588455371 0.587152652472
0.869123931624 0.587152652472
0.869193806727 0.587513533021
0.869263607257 0.587874413569
0.869333333333 0.588235294118
0.869402985075 0.588596174666
0.8694725626 0.588957055215
0.869542066028 0.589317935763
0.869611495476 0.589678816312
0.869680851064 0.59003969686
0.869750132908 0.590400577409
0.869819341126 0.590761457957
0.869888475836 0.591122338506
0.869426751592 0.591122338506
0.868965517241 0.591122338506
0.869034994698 0.591483219054
0.869104398516 0.591844099603
0.869173728814 0.592204980152
0.869242985707 0.5925658607
0.869312169312 0.592926741249
0.869381279746 0.593287621797
0.869450317125 0.593648502346
0.869519281564 0.594009382894
0.869588173178 0.594370263443
0.869656992084 0.594731143991
0.869725738397 0.59509202454
0.869267264101 0.59509202454
0.868809272919 0.59509202454
0.868351764086 0.59509202454
0.868421052632 0.595452905088
0.86849026828 0.595813785637
0.868559411146 0.596174666185
0.868628481345 0.596535546734
0.868697478992 0.596896427283
0.868766404199 0.597257307831
0.868835257083 0.59761818838
0.868904037756 0.597979068928
0.868972746331 0.598339949477
0.869041382923 0.598700830025
0.868586387435 0.598700830025
0.868131868132 0.598700830025
0.867677824268 0.598700830025
0.86774699425 0.599061710574
0.867293625914 0.599061710574
0.867362924282 0.599422591122
0.867432150313 0.599783471671
0.867501304121 0.600144352219
0.867570385819 0.600505232768
0.867639395518 0.600866113316
0.867708333333 0.601226993865
0.867777199375 0.601587874414
0.867845993757 0.601948754962
0.867914716589 0.602309635511
0.867983367983 0.602670516059
0.868051948052 0.603031396608
0.868120456906 0.603392277156
0.868188894655 0.603753157705
0.868257261411 0.604114038253
0.868325557284 0.604474918802
0.868393782383 0.60483579935
0.86846193682 0.605196679899
0.868530020704 0.605557560447
0.868598034144 0.605918440996
0.868665977249 0.606279321545
0.868217054264 0.606279321545
0.868285123967 0.606640202093
0.868353123387 0.607001082642
0.868421052632 0.60736196319
0.86848891181 0.607722843739
0.868556701031 0.608083724287
0.86810922205 0.608083724287
0.868177136972 0.608444604836
0.868244981987 0.608805485384
0.868312757202 0.609166365933
0.868380462725 0.609527246481
0.868448098664 0.60988812703
0.868515665126 0.610249007578
0.868583162218 0.610609888127
0.868650590046 0.610970768676
0.868717948718 0.611331649224
0.868785238339 0.611692529773
0.868340163934 0.611692529773
0.868407578085 0.612053410321
0.868474923234 0.61241429087
0.868542199488 0.612775171418
0.868609406953 0.613136051967
0.868676545733 0.613496932515
0.868743615935 0.613857813064
0.868810617662 0.614218693612
0.86887755102 0.614579574161
0.868434472208 0.614579574161
0.868501529052 0.614940454709
0.868568517575 0.615301335258
0.868635437882 0.615662215807
0.868702290076 0.616023096355
0.868769074262 0.616383976904
0.868835790544 0.616744857452
0.868902439024 0.617105738001
0.868969019807 0.617466618549
0.869035532995 0.617827499098
0.869101978691 0.618188379646
0.868661257606 0.618188379646
0.868727825646 0.618549260195
0.868794326241 0.618910140743
0.868860759494 0.619271021292
0.868927125506 0.61963190184
0.86899342438 0.619992782389
0.869059656218 0.620353662938
0.869125821122 0.620714543486
0.869191919192 0.621075424035
0.868753154972 0.621075424035
0.868819374369 0.621436304583
0.868885526979 0.621797185132
0.868951612903 0.62215806568
0.869017632242 0.622518946229
0.868580060423 0.622518946229
0.868646200302 0.622879826777
0.868712273642 0.623240707326
0.868778280543 0.623601587874
0.868844221106 0.623962468423
0.868910095429 0.624323348971
0.868975903614 0.62468422952
0.868539889614 0.62468422952
0.868605817452 0.625045110069
0.868170426065 0.625045110069
0.868236472946 0.625405990617
0.868302453681 0.625766871166
0.868368368368 0.626127751714
0.868434217109 0.626488632263
0.868 0.626488632263
0.867566216892 0.626488632263
0.867132867133 0.626488632263
0.867199201198 0.626849512811
0.867265469062 0.62721039336
0.867331670823 0.627571273908
0.86739780658 0.627932154457
0.867463876432 0.628293035005
0.86703187251 0.628293035005
0.866600298656 0.628293035005
0.866666666667 0.628653915554
0.866732968672 0.629014796102
0.866799204771 0.629375676651
0.866865375062 0.6297365572
0.866931479643 0.630097437748
0.86699751861 0.630458318297
0.867063492063 0.630819198845
0.867129400099 0.631180079394
0.866699702676 0.631180079394
0.866270430906 0.631180079394
0.865841584158 0.631180079394
0.865413161801 0.631180079394
0.864985163205 0.631180079394
0.865051903114 0.631540959942
0.865118577075 0.631901840491
0.865185185185 0.632262721039
0.865251727542 0.632623601588
0.865318204243 0.632984482136
0.865384615385 0.633345362685
0.865450961065 0.633706243233
0.865517241379 0.634067123782
0.865091088134 0.634067123782
0.864665354331 0.634067123782
0.864240039351 0.634067123782
0.864306784661 0.634428004331
0.864373464373 0.634788884879
0.864440078585 0.635149765428
0.864506627393 0.635510645976
0.864082433759 0.635510645976
0.863658656204 0.635510645976
0.863235294118 0.635510645976
0.863302302793 0.635871526525
0.863369245837 0.636232407073
0.863436123348 0.636593287622
0.863502935421 0.63695416817
0.863569682152 0.637315048719
0.863636363636 0.637675929267
0.863702979971 0.638036809816
0.86328125 0.638036809816
0.862859931674 0.638036809816
0.86243902439 0.638036809816
0.862506094588 0.638397690364
0.862573099415 0.638758570913
0.862640038967 0.639119451462
0.86270691334 0.63948033201
0.862773722628 0.639841212559
0.862840466926 0.640202093107
0.86290714633 0.640562973656
0.862487852284 0.640562973656
0.862068965517 0.640562973656
0.86213592233 0.640923854204
0.862202814168 0.641284734753
0.862269641125 0.641645615301
0.862336403296 0.64200649585
0.862403100775 0.642367376398
0.862469733656 0.642728256947
0.862536302033 0.643089137495
0.862602805999 0.643450018044
0.862669245648 0.643810898593
0.862735621073 0.644171779141
0.862801932367 0.64453265969
0.862385321101 0.64453265969
0.861969111969 0.64453265969
0.862035697057 0.644893540238
0.862102217936 0.645254420787
0.862168674699 0.645615301335
0.862235067437 0.645976181884
0.861819932595 0.645976181884
0.861886429259 0.646337062432
0.861471861472 0.646337062432
0.861057692308 0.646337062432
0.861124459395 0.646697942981
0.861191162344 0.647058823529
0.861257801248 0.647419704078
0.8613243762 0.647780584626
0.86139088729 0.648141465175
0.861457334612 0.648502345724
0.861523718256 0.648863226272
0.861111111111 0.648863226272
0.860698898995 0.648863226272
0.86028708134 0.648863226272
0.85987565758 0.648863226272
0.859464627151 0.648863226272
0.859531772575 0.649224106821
0.859598853868 0.649584987369
0.859665871122 0.649945867918
0.859732824427 0.650306748466
0.859799713877 0.650667629015
0.859866539561 0.651028509563
0.859933301572 0.651389390112
0.86 0.65175027066
0.860066634936 0.652111151209
0.86013320647 0.652472031757
0.860199714693 0.652832912306
0.860266159696 0.653193792855
0.859857482185 0.653193792855
0.859924026591 0.653554673403
0.859990507831 0.653915553952
0.860056925996 0.6542764345
0.860123281176 0.654637315049
0.86018957346 0.654998195597
0.860255802937 0.655359076146
0.860321969697 0.655719956694
0.860388073829 0.656080837243
0.860454115421 0.656441717791
0.860520094563 0.65680259834
0.860586011342 0.657163478888
0.860651865848 0.657524359437
0.860717658168 0.657885239986
0.860783388391 0.658246120534
0.860849056604 0.658607001083
0.860914662895 0.658967881631
0.860980207352 0.65932876218
0.861045690061 0.659689642728
0.860640301318 0.659689642728
0.860235294118 0.659689642728
0.860301034807 0.660050523277
0.860366713681 0.660411403825
0.860432330827 0.660772284374
0.860497886332 0.661133164922
0.860563380282 0.661494045471
0.860628812764 0.661854926019
0.860694183865 0.662215806568
0.860290670417 0.662215806568
0.859887535145 0.662215806568
0.859953161593 0.662576687117
0.860018726592 0.662937567665
0.860084230229 0.663298448214
0.860149672591 0.663659328762
0.860215053763 0.664020209311
0.860280373832 0.664381089859
0.860345632882 0.664741970408
0.860410830999 0.665102850956
0.860475968269 0.665463731505
0.860541044776 0.665824612053
0.860606060606 0.666185492602
0.860671015843 0.66654637315
0.860735910573 0.666907253699
0.860335195531 0.666907253699
0.85993485342 0.666907253699
0.86 0.667268134248
0.860065086007 0.667629014796
0.860130111524 0.667989895345
0.860195076637 0.668350775893
0.86025998143 0.668711656442
0.860324825986 0.66907253699
0.86038961039 0.669433417539
0.860454334724 0.669794298087
0.860518999073 0.670155178636
0.860120426123 0.670155178636
0.859722222222 0.670155178636
0.859787135585 0.670516059184
0.859851988899 0.670876939733
0.859916782247 0.671237820281
0.859981515712 0.67159870083
0.860046189376 0.671959581379
0.860110803324 0.672320461927
0.860175357637 0.672681342476
0.860239852399 0.673042223024
0.86030428769 0.673403103573
0.860368663594 0.673763984121
0.860432980193 0.67412486467
0.860497237569 0.674485745218
0.860101242522 0.674485745218
0.860165593376 0.674846625767
0.860229885057 0.675207506315
0.860294117647 0.675568386864
0.860358291226 0.675929267412
0.860422405877 0.676290147961
0.86048646168 0.67665102851
0.860091743119 0.67665102851
0.860155891793 0.677011909058
0.860219981668 0.677372789607
0.860284012826 0.677733670155
0.860347985348 0.678094550704
0.860411899314 0.678455431252
0.860018298262 0.678455431252
0.859625057156 0.678455431252
0.859689213894 0.678816311801
0.859753312015 0.679177192349
0.859817351598 0.679538072898
0.859881332725 0.679898953446
0.859489051095 0.679898953446
0.859553123575 0.680259833995
0.859617137648 0.680620714543
0.859681093394 0.680981595092
0.859744990893 0.681342475641
0.859808830223 0.681703356189
0.859872611465 0.682064236738
0.859936334698 0.682425117286
0.86 0.682785997835
0.860063607451 0.683146878383
0.859673024523 0.683146878383
0.859282796187 0.683146878383
0.85889292196 0.683146878383
0.8589569161 0.683507758932
0.858567543064 0.683507758932
0.858631626643 0.68386863948
0.858695652174 0.684229520029
0.858759619737 0.684590400577
0.858371040724 0.684590400577
0.857982813207 0.684590400577
0.858047016275 0.684951281126
0.858111161319 0.685312161674
0.858175248419 0.685673042223
0.858239277652 0.686033922772
0.858303249097 0.68639480332
0.857916102842 0.68639480332
0.857529305681 0.68639480332
0.85759351059 0.686755683869
0.857657657658 0.687116564417
0.857721746961 0.687477444966
0.857785778578 0.687838325514
0.857849752587 0.688199206063
0.857913669065 0.688560086611
0.85797752809 0.68892096716
0.858041329739 0.689281847708
0.858105074091 0.689642728257
0.858168761221 0.690003608805
0.858232391207 0.690364489354
0.858295964126 0.690725369903
0.85791125056 0.690725369903
0.857974910394 0.691086250451
0.858038513211 0.691447131
0.858102059087 0.691808011548
0.858165548098 0.692168892097
0.858228980322 0.692529772645
0.858292355834 0.692890653194
0.857908847185 0.692890653194
0.857525681108 0.692890653194
0.857142857143 0.692890653194
0.857206604195 0.693251533742
0.85727029438 0.693612414291
0.857333927775 0.693973294839
0.857397504456 0.694334175388
0.857461024499 0.694695055936
0.857079252004 0.694695055936
0.857142857143 0.695055936485
0.857206405694 0.695416817034
0.857269897732 0.695777697582
0.857333333333 0.696138578131
0.857396712572 0.696499458679
0.857460035524 0.696860339228
0.857523302264 0.697221219776
0.857586512866 0.697582100325
0.857649667406 0.697942980873
0.857712765957 0.698303861422
0.857332742579 0.698303861422
0.856953055802 0.698303861422
0.857016378929 0.69866474197
0.857079646018 0.699025622519
0.857142857143 0.699386503067
0.857206012378 0.699747383616
0.857269111798 0.700108264165
0.857332155477 0.700469144713
0.857395143488 0.700830025262
0.857458075905 0.70119090581
0.8570798412 0.70119090581
0.856701940035 0.70119090581
0.856765094755 0.701551786359
0.856828193833 0.701912666907
0.85689123734 0.702273547456
0.856954225352 0.702634428004
0.857017157941 0.702995308553
0.85708003518 0.703356189101
0.857142857143 0.70371706965
0.857205623902 0.704077950198
0.857268335529 0.704438830747
0.857330992098 0.704799711296
0.857393593681 0.705160591844
0.85701754386 0.705160591844
0.856641823762 0.705160591844
0.856266432954 0.705160591844
0.856329391152 0.705521472393
0.856392294221 0.705882352941
0.856455142232 0.70624323349
0.856517935258 0.706604114038
0.856580673371 0.706964994587
0.856643356643 0.707325875135
0.856705985146 0.707686755684
0.856768558952 0.708047636232
0.856831078132 0.708408516781
0.856893542757 0.708769397329
0.8569559529 0.709130277878
0.857018308631 0.709491158427
0.857080610022 0.709852038975
0.857142857143 0.710212919524
0.857205050065 0.710573800072
0.85726718886 0.710934680621
0.857329273597 0.711295561169
0.857391304348 0.711656441718
0.857453281182 0.712017322266
0.85751520417 0.712378202815
0.857577073383 0.712739083363
0.857638888889 0.713099963912
0.857700650759 0.71346084446
0.857328707719 0.71346084446
0.857390550498 0.713821725009
0.857452339688 0.714182605558
0.857514075357 0.714543486106
0.857575757576 0.714904366655
0.857204673302 0.714904366655
0.857266435986 0.715265247203
0.857328145266 0.715626127752
0.85738980121 0.7159870083
0.857019438445 0.7159870083
0.857081174439 0.716347888849
0.857142857143 0.716708769397
0.857204486626 0.717069649946
0.857266062958 0.717430530494
0.857327586207 0.717791411043
0.857389056441 0.718152291591
0.85745047373 0.71851317214
0.85751183814 0.718874052689
0.857573149742 0.719234933237
0.857634408602 0.719595813786
0.857265692175 0.719595813786
0.857327030511 0.719956694334
0.857388316151 0.720317574883
0.857449549163 0.720678455431
0.857510729614 0.72103933598
0.857571857572 0.721400216528
0.857632933105 0.721761097077
0.857265323618 0.721761097077
0.856898029135 0.721761097077
0.856531049251 0.721761097077
0.856592465753 0.722121977625
0.856653829696 0.722482858174
0.856715141146 0.722843738722
0.856776400171 0.723204619271
0.856837606838 0.72356549982
0.856898761213 0.723926380368
0.856532877882 0.723926380368
0.856167306872 0.723926380368
0.856228668942 0.724287260917
0.856289978678 0.724648141465
0.856351236147 0.725009022014
0.856412441415 0.725369902562
0.856473594549 0.725730783111
0.856534695615 0.726091663659
0.856595744681 0.726452544208
0.856231390897 0.726452544208
0.856292517007 0.726813424756
0.85635359116 0.727174305305
0.856414613424 0.727535185853
0.856475583864 0.727896066402
0.856112054329 0.727896066402
0.8561731014 0.728256946951
0.855810008482 0.728256946951
0.855871131836 0.728617827499
0.85593220339 0.728978708048
0.855993223211 0.729339588596
0.856054191363 0.729700469145
0.855691917055 0.729700469145
0.855329949239 0.729700469145
0.855391120507 0.730061349693
0.855452240068 0.730422230242
0.855090832277 0.730422230242
0.855152027027 0.73078311079
0.855213170114 0.731143991339
0.855274261603 0.731504871887
0.855335301561 0.731865752436
0.855396290051 0.732226632984
0.855457227139 0.732587513533
0.85551811289 0.732948394082
0.855578947368 0.73330927463
0.85563973064 0.733670155179
0.855700462768 0.734031035727
0.855761143818 0.734391916276
0.855401429172 0.734391916276
0.855042016807 0.734391916276
0.855102897942 0.734752796824
0.85516372796 0.735113677373
0.855224506924 0.735474557921
0.855285234899 0.73583543847
0.85534591195 0.736196319018
0.855406538139 0.736557199567
0.855048177629 0.736557199567
0.855108877722 0.736918080115
0.855169526999 0.737278960664
0.854811715481 0.737278960664
0.854454203262 0.737278960664
0.854096989967 0.737278960664
0.854157960719 0.737639841213
0.854218880535 0.738000721761
0.854279749478 0.73836160231
0.854340567613 0.738722482858
0.854401335002 0.739083363407
0.85446205171 0.739444243955
0.854105877449 0.739444243955
0.854166666667 0.739805124504
0.854227405248 0.740166005052
0.854288093256 0.740526885601
0.85393258427 0.740526885601
0.853577371048 0.740526885601
0.853638253638 0.740887766149
0.853699085619 0.741248646698
0.853759867054 0.741609527246
0.853820598007 0.741970407795
0.853881278539 0.742331288344
0.853941908714 0.742692168892
0.853587722937 0.742692168892
0.853648424544 0.743053049441
0.853709075839 0.743413929989
0.853769676885 0.743774810538
0.853830227743 0.744135691086
0.853890728477 0.744496571635
0.853951179148 0.744857452183
0.853598014888 0.744857452183
0.853658536585 0.745218332732
0.853305785124 0.745218332732
0.85336637753 0.74557921328
0.853426919901 0.745940093829
0.853487412299 0.746300974377
0.853547854785 0.746661854926
0.853608247423 0.747022735475
0.853668590272 0.747383616023
0.853728883395 0.747744496572
0.853789126853 0.74810537712
0.853849320708 0.748466257669
0.853497942387 0.748466257669
0.853146853147 0.748466257669
0.853207236842 0.748827138217
0.8532675709 0.749188018766
0.853327855382 0.749548899314
0.853388090349 0.749909779863
0.853448275862 0.750270660411
0.853508411982 0.75063154096
0.853568498769 0.750992421508
0.853628536285 0.751353302057
0.85368852459 0.751714182606
0.853748463744 0.752075063154
0.853808353808 0.752435943703
0.853868194842 0.752796824251
0.853927986907 0.7531577048
0.853578732106 0.7531577048
0.853229762878 0.7531577048
0.852881078872 0.7531577048
0.852941176471 0.753518585348
0.85300122499 0.753879465897
0.85306122449 0.754240346445
0.852713178295 0.754240346445
0.85277324633 0.754601226994
0.852833265389 0.754962107542
0.852893235534 0.755322988091
0.852953156823 0.755683868639
0.853013029316 0.756044749188
0.852665852666 0.756044749188
0.852725793328 0.756405629737
0.852785685238 0.756766510285
0.852845528455 0.757127390834
0.852905323039 0.757488271382
0.85296506905 0.757849151931
0.852618757613 0.757849151931
0.852272727273 0.757849151931
0.852332657201 0.758210032479
0.852392538524 0.758570913028
0.852452371301 0.758931793576
0.852106969206 0.758931793576
0.852166869178 0.759292674125
0.852226720648 0.759653554673
0.852286523675 0.760014435222
0.852346278317 0.76037531577
0.852405984634 0.760736196319
0.852465642684 0.761097076868
0.852525252525 0.761457957416
0.852584814216 0.761818837965
0.852644327816 0.762179718513
0.852703793382 0.762540599062
0.852359822509 0.762540599062
0.852419354839 0.76290147961
0.852478839178 0.763262360159
0.852538275584 0.763623240707
0.852194925493 0.763623240707
0.852254428341 0.763984121256
0.8523138833 0.764345001804
0.852373290426 0.764705882353
0.852432649779 0.765066762901
0.852491961415 0.76542764345
0.852551225392 0.765788523999
0.852610441767 0.766149404547
0.852669610598 0.766510285096
0.852728731942 0.766871165644
0.852386682712 0.766871165644
0.852044907779 0.766871165644
0.852104208417 0.767232046193
0.851762820513 0.767232046193
0.851822186624 0.767592926741
0.851881505204 0.76795380729
0.851940776311 0.768314687838
0.8516 0.768314687838
0.851659336265 0.768675568387
0.851318944844 0.768675568387
0.851378345985 0.769036448935
0.851437699681 0.769397329484
0.851497005988 0.769758210032
0.851157222666 0.769758210032
0.850817710411 0.769758210032
0.850877192982 0.770119090581
0.850936628139 0.77047997113
0.850996015936 0.770840851678
0.851055356432 0.771201732227
0.85071656051 0.771201732227
0.850775964982 0.771562612775
0.850835322196 0.771923493324
0.850894632207 0.772284373872
0.850953895072 0.772645254421
0.851013110846 0.773006134969
0.851072279587 0.773367015518
0.85113140135 0.773727896066
0.85119047619 0.774088776615
0.851249504165 0.774449657163
0.851308485329 0.774810537712
0.850971066191 0.774810537712
0.851030110935 0.775171418261
0.851089108911 0.775532298809
0.850752177356 0.775532298809
0.850811238623 0.775893179358
0.850870253165 0.776254059906
0.850533807829 0.776254059906
0.850197628458 0.776254059906
0.850256815488 0.776614940455
0.850315955766 0.776975821003
0.849980260561 0.776975821003
0.849644830308 0.776975821003
0.849704142012 0.777336701552
0.84976340694 0.7776975821
0.84942845881 0.7776975821
0.849487785658 0.778058462649
0.849153209925 0.778058462649
0.849212598425 0.778419343197
0.848878394333 0.778419343197
0.848544453186 0.778419343197
0.848210774676 0.778419343197
0.848270440252 0.778780223746
0.848330058939 0.779141104294
0.848389630793 0.779501984843
0.84844915587 0.779862865392
0.848508634223 0.78022374594
0.848568065908 0.780584626489
0.84862745098 0.780945507037
0.848686789494 0.781306387586
0.848354231975 0.781306387586
0.848413631022 0.781667268134
0.848472983555 0.782028148683
0.848140900196 0.782028148683
0.848200312989 0.782389029231
0.847868596011 0.782389029231
0.847537138389 0.782389029231
0.847596717468 0.78274990978
0.84765625 0.783110790328
0.847715736041 0.783471670877
0.847775175644 0.783832551425
0.847444401092 0.783832551425
0.847113884555 0.783832551425
0.846783625731 0.783832551425
0.846453624318 0.783832551425
0.846123880016 0.783832551425
0.845794392523 0.783832551425
0.845854418062 0.784193431974
0.845914396887 0.784554312523
0.845974329055 0.784915193071
0.846034214619 0.78527607362
0.845705402254 0.78527607362
0.845765345765 0.785636954168
0.845825242718 0.785997834717
0.845885093168 0.786358715265
0.845944897167 0.786719595814
0.845616757176 0.786719595814
0.845288871656 0.786719595814
0.84496124031 0.786719595814
0.84502130957 0.787080476362
0.845081332301 0.787441356911
0.845141308556 0.787802237459
0.84520123839 0.788163118008
0.844874274662 0.788163118008
0.844934261408 0.788523998556
0.844607653653 0.788523998556
0.844667697063 0.788884879105
0.84472769409 0.789245759654
0.844787644788 0.789606640202
0.844847549209 0.789967520751
0.844907407407 0.790328401299
0.844967219437 0.790689281848
0.844641480339 0.790689281848
0.844315992293 0.790689281848
0.843990755008 0.790689281848
0.844050827878 0.791050162396
0.844110854503 0.791411042945
0.844170834937 0.791771923493
0.844230769231 0.792132804042
0.844290657439 0.79249368459
0.844350499616 0.792854565139
0.844410295813 0.793215445687
0.844086021505 0.793215445687
0.843761996161 0.793215445687
0.843821949348 0.793576326236
0.843498273878 0.793576326236
0.843174846626 0.793576326236
0.843234955922 0.793937206785
0.843295019157 0.794298087333
0.842972041363 0.794298087333
0.842649310873 0.794298087333
0.842709529277 0.794658967882
0.842769701607 0.79501984843
0.842829827916 0.795380728979
0.842889908257 0.795741609527
0.842567825755 0.795741609527
0.842245989305 0.795741609527
0.84230622375 0.796102490076
0.841984732824 0.796102490076
0.842045020984 0.796463370624
0.842105263158 0.796824251173
0.841784216546 0.796824251173
0.841463414634 0.796824251173
0.841142857143 0.796824251173
0.840822543793 0.796824251173
0.840883136658 0.797185131721
0.840563165906 0.797185131721
0.840623811335 0.79754601227
0.840684410646 0.797906892818
0.840364880274 0.797906892818
0.840425531915 0.798267773367
0.840106342575 0.798267773367
0.839787395596 0.798267773367
0.839468690702 0.798267773367
0.839529590288 0.798628653916
0.839590443686 0.798989534464
0.839651250948 0.799350415013
0.839712012126 0.799711295561
0.839772727273 0.80007217611
0.839833396441 0.800433056658
0.839894019682 0.800793937207
0.839954597049 0.801154817755
0.840015128593 0.801515698304
0.839697542533 0.801515698304
0.839380196523 0.801515698304
0.839063090291 0.801515698304
0.839123867069 0.801876578852
0.839184597961 0.802237459401
0.838867924528 0.802237459401
0.838551490004 0.802237459401
0.838235294118 0.802237459401
0.838296268375 0.802598339949
0.838357196684 0.802959220498
0.838418079096 0.803320101047
0.838478915663 0.803680981595
0.838539706436 0.804041862144
0.838600451467 0.804402742692
0.838285069575 0.804402742692
0.838345864662 0.804763623241
0.838030815483 0.804763623241
0.838091660406 0.805124503789
0.838152459632 0.805485384338
0.837837837838 0.805485384338
0.837898686679 0.805846264886
0.837584396099 0.805846264886
0.837270341207 0.805846264886
0.837331334333 0.806207145435
0.837017609592 0.806207145435
0.83670411985 0.806207145435
0.836390864845 0.806207145435
0.836452095808 0.806568025983
0.836513280958 0.806928906532
0.836200448766 0.806928906532
0.836261682243 0.80728978708
0.836322869955 0.807650667629
0.836384011954 0.808011548178
0.836071695295 0.808011548178
0.836132885405 0.808372428726
0.836194029851 0.808733309275
0.836255128683 0.809094189823
0.835943325876 0.809094189823
0.836004472605 0.809455070372
0.835692995529 0.809455070372
0.835381750466 0.809455070372
0.835443037975 0.80981595092
0.835132117603 0.80981595092
0.834821428571 0.80981595092
0.834510970621 0.80981595092
0.834572490706 0.810176831469
0.834262356001 0.810176831469
0.833952451709 0.810176831469
0.833642777571 0.810176831469
0.833333333333 0.810176831469
0.833024118738 0.810176831469
0.832715133531 0.810176831469
0.832777159807 0.810537712017
0.832468495182 0.810537712017
0.832160059281 0.810537712017
0.831851851852 0.810537712017
0.831914105887 0.810898592566
0.831976313842 0.811259473114
0.831668516463 0.811259473114
0.831360946746 0.811259473114
0.831053604436 0.811259473114
0.831116038433 0.811620353663
0.831178426302 0.811981234211
0.830871491876 0.811981234211
0.830564784053 0.811981234211
0.830258302583 0.811981234211
0.830320914792 0.81234211476
0.830383480826 0.812702995309
0.830446000737 0.813063875857
0.830140014738 0.813063875857
0.830202578269 0.813424756406
0.830265095729 0.813785636954
0.83032756717 0.814146517503
0.830389992642 0.814507398051
0.830452372196 0.8148682786
0.830147058824 0.8148682786
0.830209481808 0.815229159148
0.830271858927 0.815590039697
0.829966948219 0.815590039697
0.82966226138 0.815590039697
0.829724770642 0.815950920245
0.829420396185 0.815950920245
0.829116244958 0.815950920245
0.82917888563 0.816311800794
0.829241480396 0.816672681342
0.828937728938 0.816672681342
0.828634199927 0.816672681342
0.828330893119 0.816672681342
0.828027808269 0.816672681342
0.828090709583 0.817033561891
0.827787934186 0.817033561891
0.827485380117 0.817033561891
0.827548410669 0.81739444244
0.827246165084 0.81739444244
0.826944140197 0.81739444244
0.82700729927 0.817755322988
0.827070412258 0.818116203537
0.826768781911 0.818116203537
0.826831935837 0.818477084085
0.826895043732 0.818837964634
0.826958105647 0.819198845182
0.826656955572 0.819198845182
0.826356024754 0.819198845182
0.826055312955 0.819198845182
0.825754819935 0.819198845182
0.825454545455 0.819198845182
0.825154489277 0.819198845182
0.824854651163 0.819198845182
0.824918270977 0.819559725731
0.82498184459 0.819920606279
0.825045372051 0.820281486828
0.825108853411 0.820642367376
0.824809575626 0.820642367376
0.824510514866 0.820642367376
0.824574121058 0.821003247925
0.824275362319 0.821003247925
0.823976819993 0.821003247925
0.824040550326 0.821364128473
0.823742309084 0.821364128473
0.823444283647 0.821364128473
0.823146473779 0.821364128473
0.823210412148 0.821725009022
0.823274304301 0.822085889571
0.823338150289 0.822446770119
0.823401950163 0.822807650668
0.823104693141 0.822807650668
0.822807650668 0.822807650668
0.822510822511 0.822807650668
0.822574828705 0.823168531216
0.822638788753 0.823529411765
0.822342342342 0.823529411765
0.82204610951 0.823529411765
0.821750090025 0.823529411765
0.82181425486 0.823890292313
0.821518531846 0.823890292313
0.821582733813 0.824251172862
0.821287306724 0.824251172862
0.82099209202 0.824251172862
0.820697089472 0.824251172862
0.820761494253 0.82461205341
0.820825852783 0.824972933959
0.820531227566 0.824972933959
0.820236813778 0.824972933959
0.820301291248 0.825333814507
0.820365722481 0.825694695056
0.820430107527 0.826055575604
0.820136151917 0.826055575604
0.820200573066 0.826416456153
0.820264948084 0.826777336702
0.819971367215 0.826777336702
0.819677996422 0.826777336702
0.819384835479 0.826777336702
0.819449410082 0.82713821725
0.819156540386 0.82713821725
0.818863879957 0.82713821725
0.818928571429 0.827499097799
0.818993216708 0.827859978347
0.818700927909 0.827859978347
0.818408847663 0.827859978347
0.818116975749 0.827859978347
0.818181818182 0.828220858896
0.81789023521 0.828220858896
0.817955112219 0.828581739444
0.817663817664 0.828581739444
0.817372730509 0.828581739444
0.817081850534 0.828581739444
0.816791177517 0.828581739444
0.816500711238 0.828581739444
0.816210451475 0.828581739444
0.816275764037 0.828942619993
0.815985790409 0.828942619993
0.815696022727 0.828942619993
0.815406460774 0.828942619993
0.815471965933 0.829303500541
0.815182688897 0.829303500541
0.814893617021 0.829303500541
0.814604750089 0.829303500541
0.814670446492 0.82966438109
0.814736096351 0.830025261638
0.814447592068 0.830025261638
0.814513274336 0.830386142187
0.81457891012 0.830747022735
0.814644499469 0.831107903284
0.814356435644 0.831107903284
0.814422057264 0.831468783833
0.814134275618 0.831468783833
0.81384669728 0.831468783833
0.813559322034 0.831468783833
0.813272149665 0.831468783833
0.812985179958 0.831468783833
0.813051146384 0.831829664381
0.812764456982 0.831829664381
0.812477969686 0.831829664381
0.812191684285 0.831829664381
0.811905600564 0.831829664381
0.811971830986 0.83219054493
0.812038014784 0.832551425478
0.811752287122 0.832551425478
0.811466760464 0.832551425478
0.811533052039 0.832912306027
0.811599297012 0.833273186575
0.811314125088 0.833273186575
0.811380400421 0.833634067124
0.811095505618 0.833634067124
0.810810810811 0.833634067124
0.810526315789 0.833634067124
0.810242020344 0.833634067124
0.809957924264 0.833634067124
0.80967402734 0.833634067124
0.809390329362 0.833634067124
0.80945709282 0.833994947672
0.809173669468 0.833994947672
0.809240462023 0.834355828221
0.809307207838 0.834716708769
0.80937390696 0.835077589318
0.809090909091 0.835077589318
0.80915763719 0.835438469866
0.808874912648 0.835438469866
0.80859238561 0.835438469866
0.808310055866 0.835438469866
0.808027923211 0.835438469866
0.807745987439 0.835438469866
0.807813044995 0.835799350415
0.807531380753 0.835799350415
0.807249912862 0.835799350415
0.806968641115 0.835799350415
0.807035876001 0.836160230964
0.807103064067 0.836521111512
0.806822137139 0.836521111512
0.806889352818 0.836881992061
0.806956521739 0.837242872609
0.806675938804 0.837242872609
0.806395550921 0.837242872609
0.806115357887 0.837242872609
0.8058353595 0.837242872609
0.805555555556 0.837242872609
0.805275945852 0.837242872609
0.804996530187 0.837242872609
0.804717308359 0.837242872609
0.804785020804 0.837603753158
0.804506065858 0.837603753158
0.804573804574 0.837964633706
0.804641496363 0.838325514255
0.804362880886 0.838325514255
0.80408445829 0.838325514255
0.803806228374 0.838325514255
0.80387409201 0.838686394803
0.803941908714 0.839047275352
0.803664016592 0.839047275352
0.803731859019 0.8394081559
0.803454231434 0.8394081559
0.80317679558 0.8394081559
0.80289955126 0.8394081559
0.802622498275 0.8394081559
0.802345636426 0.8394081559
0.802413793103 0.839769036449
0.802481902792 0.840129916997
0.802549965541 0.840490797546
0.802617981399 0.840851678095
0.802341597796 0.840851678095
0.802409638554 0.841212558643
0.802477632485 0.841573439192
0.802201582387 0.841573439192
0.801925722146 0.841573439192
0.801993812307 0.84193431974
0.801718213058 0.84193431974
0.80144280316 0.84193431974
0.801510989011 0.842295200289
0.801235839341 0.842295200289
0.800960878518 0.842295200289
0.800686106346 0.842295200289
0.800754458162 0.842656080837
0.800822763113 0.843016961386
0.800548320768 0.843016961386
0.800616649538 0.843377841934
0.800684931507 0.843738722483
0.800410818213 0.843738722483
0.800136892539 0.843738722483
0.80020526856 0.844099603031
0.799931600547 0.844099603031
0.799658119658 0.844099603031
0.799384825701 0.844099603031
0.799111718483 0.844099603031
0.799180327869 0.84446048358
0.798907476955 0.84446048358
0.798634812287 0.84446048358
0.798362333675 0.84446048358
0.798090040928 0.84446048358
0.797817933856 0.84446048358
0.79754601227 0.84446048358
0.79727427598 0.84446048358
0.797343324251 0.844821364128
0.797412325502 0.845182244677
0.797140912185 0.845182244677
0.796869683566 0.845182244677
0.79693877551 0.845543125226
0.796667800068 0.845543125226
0.796397008838 0.845543125226
0.796466190962 0.845904005774
0.796535326087 0.846264886323
0.796264855688 0.846264886323
0.795994568907 0.846264886323
0.795724465558 0.846264886323
0.795454545455 0.846264886323
0.79518480841 0.846264886323
0.795254237288 0.846625766871
0.795323619112 0.84698664742
0.79539295393 0.847347527968
0.795123603115 0.847347527968
0.7951929587 0.847708408517
0.794923857868 0.847708408517
0.794654939107 0.847708408517
0.79472438282 0.848069289065
0.79445571332 0.848069289065
0.794525177425 0.848430169614
0.794594594595 0.848791050162
0.794326241135 0.848791050162
0.794058068872 0.848791050162
0.793790077624 0.848791050162
0.793859649123 0.849151930711
0.793591905565 0.849151930711
0.793324342549 0.849151930711
0.793056959892 0.849151930711
0.792789757412 0.849151930711
0.792522734928 0.849151930711
0.792255892256 0.849151930711
0.792325816223 0.849512811259
0.792059219381 0.849512811259
0.792129162462 0.849873691808
0.791862811029 0.849873691808
0.791932773109 0.850234572357
0.792002688172 0.850595452905
0.791736647632 0.850595452905
0.791806581598 0.850956333454
0.791876468614 0.851317214002
0.791610738255 0.851317214002
0.791680644079 0.851678094551
0.791750503018 0.852038975099
0.791485082132 0.852038975099
0.791219839142 0.852038975099
0.791289782245 0.852399855648
0.7913596785 0.852760736196
0.791429527954 0.853121616745
0.791499330656 0.853482497293
0.791234526598 0.853482497293
0.790969899666 0.853482497293
0.790705449682 0.853482497293
0.790441176471 0.853482497293
0.790177079853 0.853482497293
0.789913159653 0.853482497293
0.789649415693 0.853482497293
0.789385847797 0.853482497293
0.789456122789 0.853843377842
0.789526350901 0.85420425839
0.789263087696 0.85420425839
0.789333333333 0.854565138939
0.789070309897 0.854565138939
0.788807461692 0.854565138939
0.788877788878 0.854926019488
0.78861517976 0.854926019488
0.788352745424 0.854926019488
0.788423153693 0.855286900036
0.788160957765 0.855286900036
0.78789893617 0.855286900036
0.787969425058 0.855647780585
0.787707641196 0.855647780585
0.787446031219 0.855647780585
0.787184594954 0.855647780585
0.787255227348 0.856008661133
0.78699402787 0.856008661133
0.786733001658 0.856008661133
0.786472148541 0.856008661133
0.786542923434 0.856369541682
0.786613651425 0.85673042223
0.786353097052 0.85673042223
0.786092715232 0.85673042223
0.786163522013 0.857091302779
0.786234281932 0.857452183327
0.785974197817 0.857452183327
0.785714285714 0.857452183327
0.785454545455 0.857452183327
0.785194976867 0.857452183327
0.784935579782 0.857452183327
0.78500660502 0.857813063876
0.7847474414 0.857813063876
0.784488448845 0.857813063876
0.784559551303 0.858173944424
0.784300791557 0.858173944424
0.78404220244 0.858173944424
0.784113381674 0.858534824973
0.783855024712 0.858534824973
0.783596837945 0.858534824973
0.783668093513 0.858895705521
0.783739302172 0.85925658607
0.783481408358 0.85925658607
0.783552631579 0.859617466619
0.78329496876 0.859617466619
0.783037475345 0.859617466619
0.783108774236 0.859978347167
0.78285151117 0.859978347167
0.782922824302 0.860339227716
0.782994090611 0.860700108264
0.782737118477 0.860700108264
0.78280839895 0.861060988813
0.782551656281 0.861060988813
0.78262295082 0.861421869361
0.782366437234 0.861421869361
0.782110091743 0.861421869361
0.782181460858 0.86178274991
0.781925343811 0.86178274991
0.781996726678 0.862143630458
0.781740837696 0.862143630458
0.781812234217 0.862504511007
0.781556572923 0.862504511007
0.781301078784 0.862504511007
0.781045751634 0.862504511007
0.78079059131 0.862504511007
0.780535597649 0.862504511007
0.780607247796 0.862865391555
0.780352480418 0.862865391555
0.780097879282 0.862865391555
0.780169602087 0.863226272104
0.779915226606 0.863226272104
0.779661016949 0.863226272104
0.779732811991 0.863587152652
0.779478827362 0.863587152652
0.779225008141 0.863587152652
0.779296875 0.863948033201
0.779043280182 0.863948033201
0.778789850358 0.863948033201
0.778536585366 0.863948033201
0.778608582575 0.86430891375
0.778680532987 0.864669794298
0.778427550357 0.864669794298
0.778174732056 0.864669794298
0.777922077922 0.864669794298
0.777669587796 0.864669794298
0.777417261518 0.864669794298
0.77716509893 0.864669794298
0.77691309987 0.864669794298
0.776661264182 0.864669794298
0.776409591704 0.864669794298
0.77648202138 0.865030674847
0.776554404145 0.865391555395
0.776303010683 0.865391555395
0.776375404531 0.865752435944
0.77612423164 0.865752435944
0.775873221216 0.865752435944
0.775945683802 0.866113316492
0.775694893342 0.866113316492
0.775444264943 0.866113316492
0.77519379845 0.866113316492
0.774943493704 0.866113316492
0.774693350549 0.866113316492
0.774443368829 0.866113316492
0.774516129032 0.866474197041
0.774266365688 0.866474197041
0.774016763378 0.866474197041
0.773767321947 0.866474197041
0.773518041237 0.866474197041
0.773268921095 0.866474197041
0.773019961365 0.866474197041
0.772771161893 0.866474197041
0.772844272844 0.866835077589
0.772917336764 0.867195958138
0.772990353698 0.867556838686
0.772741883639 0.867556838686
0.772493573265 0.867556838686
0.772566655959 0.867917719235
0.772318561336 0.867917719235
0.772070626003 0.867917719235
0.771822849807 0.867917719235
0.771575232595 0.867917719235
0.771327774214 0.867917719235
0.771401090093 0.868278599783
0.771153846154 0.868278599783
0.771227170779 0.868639480332
0.770980140935 0.868639480332
0.770733269292 0.868639480332
0.770486555698 0.868639480332
0.77024 0.868639480332
0.769993602047 0.868639480332
0.769747361689 0.868639480332
0.769820971867 0.869000360881
0.769574944072 0.869000360881
0.769329073482 0.869000360881
0.769083359949 0.869000360881
0.768837803321 0.869000360881
0.768592403447 0.869000360881
0.768347160179 0.869000360881
0.768421052632 0.869361241429
0.768176020408 0.869361241429
0.767931144405 0.869361241429
0.767686424474 0.869361241429
0.767441860465 0.869361241429
0.767197452229 0.869361241429
0.766953199618 0.869361241429
0.766709102482 0.869361241429
0.766783328031 0.869722121978
0.766539440204 0.869722121978
0.766295707472 0.869722121978
0.766052129688 0.869722121978
0.765808706705 0.869722121978
0.765565438374 0.869722121978
0.765322324547 0.869722121978
0.765079365079 0.869722121978
0.764836559822 0.869722121978
0.764911167513 0.870083002526
0.764668569616 0.870083002526
0.764426125555 0.870083002526
0.764183835182 0.870083002526
0.763941698352 0.870083002526
0.763699714919 0.870083002526
0.763457884737 0.870083002526
0.763532763533 0.870443883075
0.763291139241 0.870443883075
0.76336602341 0.870804763623
0.763124604681 0.870804763623
0.762883338603 0.870804763623
0.762642225032 0.870804763623
0.762401263823 0.870804763623
0.762160454833 0.870804763623
0.761919797916 0.870804763623
0.761994949495 0.871165644172
0.761754496687 0.871165644172
0.761514195584 0.871165644172
0.761274046042 0.871165644172
0.761034047919 0.871165644172
0.760794201072 0.871165644172
0.760554505356 0.871165644172
0.76031496063 0.871165644172
0.760075566751 0.871165644172
0.759836323576 0.871165644172
0.759911894273 0.87152652472
0.759672853098 0.87152652472
0.759433962264 0.87152652472
0.759195221628 0.87152652472
0.759270898806 0.871887405269
0.759346528432 0.872248285817
0.759108040201 0.872248285817
0.758869701727 0.872248285817
0.758631512869 0.872248285817
0.758393473486 0.872248285817
0.758469259724 0.872609166366
0.758231420508 0.872609166366
0.758307210031 0.872970046914
0.758069570668 0.872970046914
0.758145363409 0.873330927463
0.757907923583 0.873330927463
0.757983719474 0.873691808012
0.757746478873 0.873691808012
0.757509386733 0.873691808012
0.757272442915 0.873691808012
0.757348342714 0.87405268856
0.757111597374 0.87405268856
0.756875 0.87405268856
0.756638550453 0.87405268856
0.756402248595 0.87405268856
0.756166094287 0.87405268856
0.755930087391 0.87405268856
0.755694227769 0.87405268856
0.755458515284 0.87405268856
0.755222949797 0.87405268856
0.75529925187 0.874413569109
0.75506388283 0.874413569109
0.754828660436 0.874413569109
0.754593584553 0.874413569109
0.754358655044 0.874413569109
0.754435107376 0.874774449657
0.754200373367 0.874774449657
0.753965785381 0.874774449657
0.753731343284 0.874774449657
0.753497046938 0.874774449657
0.753262896209 0.874774449657
0.75302889096 0.874774449657
0.753105590062 0.875135330206
0.752871778951 0.875135330206
0.752638112973 0.875135330206
0.752404591995 0.875135330206
