1.0 0.000360880548538
1.0 0.000721761097077
1.0 0.00108264164562
1.0 0.00144352219415
1.0 0.00180440274269
1.0 0.00216528329123
1.0 0.00252616383977
1.0 0.00288704438831
1.0 0.00324792493685
1.0 0.00360880548538
1.0 0.00396968603392
1.0 0.00433056658246
1.0 0.004691447131
1.0 0.00505232767954
1.0 0.00541320822808
1.0 0.00577408877661
1.0 0.00613496932515
1.0 0.00649584987369
1.0 0.00685673042223
1.0 0.00721761097077
1.0 0.00757849151931
1.0 0.00793937206785
1.0 0.00830025261638
1.0 0.00866113316492
1.0 0.00902201371346
1.0 0.009382894262
1.0 0.00974377481054
1.0 0.0101046553591
1.0 0.0104655359076
1.0 0.0108264164562
1.0 0.0111872970047
1.0 0.0115481775532
1.0 0.0119090581018
1.0 0.0122699386503
1.0 0.0126308191988
1.0 0.0129916997474
1.0 0.0133525802959
1.0 0.0137134608445
1.0 0.014074341393
1.0 0.0144352219415
1.0 0.0147961024901
1.0 0.0151569830386
1.0 0.0155178635872
1.0 0.0158787441357
1.0 0.0162396246842
1.0 0.0166005052328
1.0 0.0169613857813
1.0 0.0173222663298
1.0 0.0176831468784
1.0 0.0180440274269
1.0 0.0184049079755
1.0 0.018765788524
1.0 0.0191266690725
1.0 0.0194875496211
1.0 0.0198484301696
1.0 0.0202093107182
1.0 0.0205701912667
1.0 0.0209310718152
1.0 0.0212919523638
0.983333333333 0.0212919523638
0.983606557377 0.0216528329123
0.983870967742 0.0220137134608
0.984126984127 0.0223745940094
0.984375 0.0227354745579
0.984615384615 0.0230963551065
0.984848484848 0.023457235655
0.985074626866 0.0238181162035
0.985294117647 0.0241789967521
0.985507246377 0.0245398773006
0.985714285714 0.0249007578492
0.985915492958 0.0252616383977
0.986111111111 0.0256225189462
0.986301369863 0.0259833994948
0.986486486486 0.0263442800433
0.986666666667 0.0267051605918
0.986842105263 0.0270660411404
0.987012987013 0.0274269216889
0.987179487179 0.0277878022375
0.987341772152 0.028148682786
0.9875 0.0285095633345
0.987654320988 0.0288704438831
0.987804878049 0.0292313244316
0.987951807229 0.0295922049802
0.988095238095 0.0299530855287
0.988235294118 0.0303139660772
0.988372093023 0.0306748466258
0.988505747126 0.0310357271743
0.988636363636 0.0313966077228
0.988764044944 0.0317574882714
0.988888888889 0.0321183688199
0.989010989011 0.0324792493685
0.989130434783 0.032840129917
0.989247311828 0.0332010104655
0.989361702128 0.0335618910141
0.989473684211 0.0339227715626
0.989583333333 0.0342836521112
0.989690721649 0.0346445326597
0.989795918367 0.0350054132082
0.989898989899 0.0353662937568
0.99 0.0357271743053
0.990099009901 0.0360880548538
0.990196078431 0.0364489354024
0.990291262136 0.0368098159509
0.990384615385 0.0371706964995
0.990476190476 0.037531577048
0.990566037736 0.0378924575965
0.990654205607 0.0382533381451
0.990740740741 0.0386142186936
0.990825688073 0.0389750992422
0.990909090909 0.0393359797907
0.990990990991 0.0396968603392
0.991071428571 0.0400577408878
0.991150442478 0.0404186214363
0.991228070175 0.0407795019848
0.991304347826 0.0411403825334
0.991379310345 0.0415012630819
0.991452991453 0.0418621436305
0.991525423729 0.042223024179
0.991596638655 0.0425839047275
0.991666666667 0.0429447852761
0.99173553719 0.0433056658246
0.991803278689 0.0436665463732
0.991869918699 0.0440274269217
0.991935483871 0.0443883074702
0.992 0.0447491880188
0.992063492063 0.0451100685673
0.992125984252 0.0454709491158
0.9921875 0.0458318296644
0.992248062016 0.0461927102129
0.992307692308 0.0465535907615
0.992366412214 0.04691447131
0.992424242424 0.0472753518585
0.992481203008 0.0476362324071
0.992537313433 0.0479971129556
0.992592592593 0.0483579935042
0.992647058824 0.0487188740527
0.992700729927 0.0490797546012
0.992753623188 0.0494406351498
0.992805755396 0.0498015156983
0.992857142857 0.0501623962468
0.992907801418 0.0505232767954
0.992957746479 0.0508841573439
0.993006993007 0.0512450378925
0.993055555556 0.051605918441
0.993103448276 0.0519667989895
0.993150684932 0.0523276795381
0.993197278912 0.0526885600866
0.993243243243 0.0530494406351
0.993288590604 0.0534103211837
0.993333333333 0.0537712017322
0.993377483444 0.0541320822808
0.993421052632 0.0544929628293
0.993464052288 0.0548538433778
0.993506493506 0.0552147239264
0.993548387097 0.0555756044749
0.99358974359 0.0559364850235
0.993630573248 0.056297365572
0.993670886076 0.0566582461205
0.993710691824 0.0570191266691
0.99375 0.0573800072176
0.993788819876 0.0577408877661
0.993827160494 0.0581017683147
0.993865030675 0.0584626488632
0.993902439024 0.0588235294118
0.993939393939 0.0591844099603
0.993975903614 0.0595452905088
0.994011976048 0.0599061710574
0.994047619048 0.0602670516059
0.994082840237 0.0606279321545
0.994117647059 0.060988812703
0.994152046784 0.0613496932515
0.994186046512 0.0617105738001
0.994219653179 0.0620714543486
0.994252873563 0.0624323348971
0.994285714286 0.0627932154457
0.994318181818 0.0631540959942
0.994350282486 0.0635149765428
0.994382022472 0.0638758570913
0.994413407821 0.0642367376398
0.994444444444 0.0645976181884
0.994475138122 0.0649584987369
0.994505494505 0.0653193792855
0.994535519126 0.065680259834
0.994565217391 0.0660411403825
0.994594594595 0.0664020209311
0.994623655914 0.0667629014796
0.994652406417 0.0671237820281
0.994680851064 0.0674846625767
0.994708994709 0.0678455431252
0.994736842105 0.0682064236738
0.994764397906 0.0685673042223
0.994791666667 0.0689281847708
0.99481865285 0.0692890653194
0.994845360825 0.0696499458679
0.994871794872 0.0700108264165
0.994897959184 0.070371706965
0.994923857868 0.0707325875135
0.994949494949 0.0710934680621
0.994974874372 0.0714543486106
0.995 0.0718152291591
0.995024875622 0.0721761097077
0.99504950495 0.0725369902562
0.995073891626 0.0728978708048
0.995098039216 0.0732587513533
0.99512195122 0.0736196319018
0.995145631068 0.0739805124504
0.995169082126 0.0743413929989
0.995192307692 0.0747022735475
0.995215311005 0.075063154096
0.995238095238 0.0754240346445
0.995260663507 0.0757849151931
0.995283018868 0.0761457957416
0.995305164319 0.0765066762901
0.995327102804 0.0768675568387
0.995348837209 0.0772284373872
0.99537037037 0.0775893179358
0.995391705069 0.0779501984843
0.995412844037 0.0783110790328
0.995433789954 0.0786719595814
0.995454545455 0.0790328401299
0.995475113122 0.0793937206785
0.995495495495 0.079754601227
0.995515695067 0.0801154817755
0.995535714286 0.0804763623241
0.995555555556 0.0808372428726
0.995575221239 0.0811981234211
0.995594713656 0.0815590039697
0.995614035088 0.0819198845182
0.995633187773 0.0822807650668
0.995652173913 0.0826416456153
0.995670995671 0.0830025261638
0.995689655172 0.0833634067124
0.995708154506 0.0837242872609
0.995726495726 0.0840851678095
0.995744680851 0.084446048358
0.995762711864 0.0848069289065
0.995780590717 0.0851678094551
0.995798319328 0.0855286900036
0.995815899582 0.0858895705521
0.995833333333 0.0862504511007
0.995850622407 0.0866113316492
0.995867768595 0.0869722121978
0.995884773663 0.0873330927463
0.995901639344 0.0876939732948
0.995918367347 0.0880548538434
0.99593495935 0.0884157343919
0.995951417004 0.0887766149405
0.995967741935 0.089137495489
0.995983935743 0.0894983760375
0.996 0.0898592565861
0.996015936255 0.0902201371346
0.996031746032 0.0905810176831
0.99604743083 0.0909418982317
0.996062992126 0.0913027787802
0.996078431373 0.0916636593288
0.99609375 0.0920245398773
0.996108949416 0.0923854204258
0.996124031008 0.0927463009744
0.996138996139 0.0931071815229
0.996153846154 0.0934680620715
0.996168582375 0.09382894262
0.996183206107 0.0941898231685
0.996197718631 0.0945507037171
0.996212121212 0.0949115842656
0.996226415094 0.0952724648141
0.996240601504 0.0956333453627
0.996254681648 0.0959942259112
0.996268656716 0.0963551064598
0.996282527881 0.0967159870083
0.996296296296 0.0970768675568
0.9963099631 0.0974377481054
0.996323529412 0.0977986286539
0.996336996337 0.0981595092025
0.996350364964 0.098520389751
0.996363636364 0.0988812702995
0.996376811594 0.0992421508481
0.996389891697 0.0996030313966
0.996402877698 0.0999639119451
0.996415770609 0.100324792494
0.996428571429 0.100685673042
0.996441281139 0.101046553591
0.996453900709 0.101407434139
0.996466431095 0.101768314688
0.996478873239 0.102129195236
0.99649122807 0.102490075785
0.996503496503 0.102850956333
0.996515679443 0.103211836882
0.996527777778 0.103572717431
0.996539792388 0.103933597979
0.996551724138 0.104294478528
0.996563573883 0.104655359076
0.996575342466 0.105016239625
0.996587030717 0.105377120173
0.996598639456 0.105738000722
0.996610169492 0.10609888127
0.996621621622 0.106459761819
0.996632996633 0.106820642367
0.996644295302 0.107181522916
0.996655518395 0.107542403464
0.996666666667 0.107903284013
0.996677740864 0.108264164562
0.996688741722 0.10862504511
0.996699669967 0.108985925659
0.996710526316 0.109346806207
0.996721311475 0.109707686756
0.996732026144 0.110068567304
0.99674267101 0.110429447853
0.996753246753 0.110790328401
0.996763754045 0.11115120895
0.996774193548 0.111512089498
0.996784565916 0.111872970047
0.996794871795 0.112233850595
0.996805111821 0.112594731144
0.996815286624 0.112955611693
0.996825396825 0.113316492241
0.996835443038 0.11367737279
0.996845425868 0.114038253338
0.996855345912 0.114399133887
0.996865203762 0.114760014435
0.996875 0.115120894984
0.996884735202 0.115481775532
0.996894409938 0.115842656081
0.996904024768 0.116203536629
0.996913580247 0.116564417178
0.996923076923 0.116925297726
0.996932515337 0.117286178275
0.996941896024 0.117647058824
0.996951219512 0.118007939372
0.996960486322 0.118368819921
0.99696969697 0.118729700469
0.996978851964 0.119090581018
0.996987951807 0.119451461566
0.996996996997 0.119812342115
0.997005988024 0.120173222663
0.997014925373 0.120534103212
0.997023809524 0.12089498376
0.99703264095 0.121255864309
0.997041420118 0.121616744857
0.997050147493 0.121977625406
0.997058823529 0.122338505955
0.99706744868 0.122699386503
0.997076023392 0.123060267052
0.997084548105 0.1234211476
0.997093023256 0.123782028149
0.997101449275 0.124142908697
0.99710982659 0.124503789246
0.99711815562 0.124864669794
0.997126436782 0.125225550343
0.997134670487 0.125586430891
0.997142857143 0.12594731144
0.997150997151 0.126308191988
0.997159090909 0.126669072537
0.99716713881 0.127029953086
0.997175141243 0.127390833634
0.997183098592 0.127751714183
0.997191011236 0.128112594731
0.997198879552 0.12847347528
0.997206703911 0.128834355828
0.99721448468 0.129195236377
0.997222222222 0.129556116925
0.997229916898 0.129916997474
0.997237569061 0.130277878022
0.997245179063 0.130638758571
0.997252747253 0.130999639119
0.997260273973 0.131360519668
0.997267759563 0.131721400217
0.99727520436 0.132082280765
0.997282608696 0.132443161314
0.9972899729 0.132804041862
0.997297297297 0.133164922411
0.99730458221 0.133525802959
0.997311827957 0.133886683508
0.997319034853 0.134247564056
0.997326203209 0.134608444605
0.997333333333 0.134969325153
0.997340425532 0.135330205702
0.997347480106 0.13569108625
0.997354497354 0.136051966799
0.997361477573 0.136412847348
0.997368421053 0.136773727896
0.997375328084 0.137134608445
0.997382198953 0.137495488993
0.997389033943 0.137856369542
0.997395833333 0.13821725009
0.997402597403 0.138578130639
0.997409326425 0.138939011187
0.997416020672 0.139299891736
0.997422680412 0.139660772284
0.997429305913 0.140021652833
0.997435897436 0.140382533381
0.997442455243 0.14074341393
0.997448979592 0.141104294479
0.997455470738 0.141465175027
0.997461928934 0.141826055576
0.99746835443 0.142186936124
0.997474747475 0.142547816673
0.997481108312 0.142908697221
0.997487437186 0.14326957777
0.997493734336 0.143630458318
0.9975 0.143991338867
0.997506234414 0.144352219415
0.997512437811 0.144713099964
0.997518610422 0.145073980512
0.997524752475 0.145434861061
0.997530864198 0.14579574161
0.997536945813 0.146156622158
0.997542997543 0.146517502707
0.997549019608 0.146878383255
0.997555012225 0.147239263804
0.99756097561 0.147600144352
0.997566909976 0.147961024901
0.997572815534 0.148321905449
0.997578692494 0.148682785998
0.997584541063 0.149043666546
0.997590361446 0.149404547095
0.997596153846 0.149765427643
0.997601918465 0.150126308192
0.997607655502 0.150487188741
0.997613365155 0.150848069289
0.997619047619 0.151208949838
0.997624703088 0.151569830386
0.997630331754 0.151930710935
0.997635933806 0.152291591483
0.997641509434 0.152652472032
0.997647058824 0.15301335258
0.99765258216 0.153374233129
0.997658079625 0.153735113677
0.997663551402 0.154095994226
0.997668997669 0.154456874774
0.997674418605 0.154817755323
0.997679814385 0.155178635872
0.997685185185 0.15553951642
0.997690531178 0.155900396969
0.995391705069 0.155900396969
0.993103448276 0.155900396969
0.990825688073 0.155900396969
0.988558352403 0.155900396969
0.986301369863 0.155900396969
0.984054669704 0.155900396969
0.981818181818 0.155900396969
0.979591836735 0.155900396969
0.977375565611 0.155900396969
0.975169300226 0.155900396969
0.972972972973 0.155900396969
0.973033707865 0.156261277517
0.973094170404 0.156622158066
0.973154362416 0.156983038614
0.973214285714 0.157343919163
0.973273942094 0.157704799711
0.973333333333 0.15806568026
0.973392461197 0.158426560808
0.973451327434 0.158787441357
0.973509933775 0.159148321905
0.973568281938 0.159509202454
0.973626373626 0.159870083003
0.973684210526 0.160230963551
0.973741794311 0.1605918441
0.973799126638 0.160952724648
0.97385620915 0.161313605197
0.973913043478 0.161674485745
0.973969631236 0.162035366294
0.974025974026 0.162396246842
0.974082073434 0.162757127391
0.974137931034 0.163118007939
0.974193548387 0.163478888488
0.974248927039 0.163839769036
0.974304068522 0.164200649585
0.974358974359 0.164561530134
0.974413646055 0.164922410682
0.974468085106 0.165283291231
0.974522292994 0.165644171779
0.974576271186 0.166005052328
0.974630021142 0.166365932876
0.974683544304 0.166726813425
0.974736842105 0.167087693973
0.974789915966 0.167448574522
0.974842767296 0.16780945507
0.97489539749 0.168170335619
0.974947807933 0.168531216167
0.975 0.168892096716
0.975051975052 0.169252977265
0.97510373444 0.169613857813
0.975155279503 0.169974738362
0.97520661157 0.17033561891
0.975257731959 0.170696499459
0.975308641975 0.171057380007
0.975359342916 0.171418260556
0.975409836066 0.171779141104
0.975460122699 0.172140021653
0.975510204082 0.172500902201
0.975560081466 0.17286178275
0.975609756098 0.173222663298
0.975659229209 0.173583543847
0.975708502024 0.173944424396
0.975757575758 0.174305304944
0.975806451613 0.174666185493
0.975855130785 0.175027066041
0.975903614458 0.17538794659
0.975951903808 0.175748827138
0.976 0.176109707687
0.976047904192 0.176470588235
0.97609561753 0.176831468784
0.976143141153 0.177192349332
0.97619047619 0.177553229881
0.976237623762 0.177914110429
0.97628458498 0.178274990978
0.976331360947 0.178635871527
0.976377952756 0.178996752075
0.976424361493 0.179357632624
0.976470588235 0.179718513172
0.976516634051 0.180079393721
0.9765625 0.180440274269
0.976608187135 0.180801154818
0.976653696498 0.181162035366
0.976699029126 0.181522915915
0.976744186047 0.181883796463
0.976789168279 0.182244677012
0.976833976834 0.18260555756
0.976878612717 0.182966438109
0.976923076923 0.183327318658
0.976967370441 0.183688199206
0.977011494253 0.184049079755
0.977055449331 0.184409960303
0.977099236641 0.184770840852
0.977142857143 0.1851317214
0.977186311787 0.185492601949
0.977229601518 0.185853482497
0.977272727273 0.186214363046
0.977315689981 0.186575243594
0.977358490566 0.186936124143
0.977401129944 0.187297004691
0.977443609023 0.18765788524
0.977485928705 0.188018765789
0.977528089888 0.188379646337
0.977570093458 0.188740526886
0.977611940299 0.189101407434
0.977653631285 0.189462287983
0.977695167286 0.189823168531
0.977736549165 0.19018404908
0.977777777778 0.190544929628
0.977818853974 0.190905810177
0.977859778598 0.191266690725
0.977900552486 0.191627571274
0.977941176471 0.191988451822
0.977981651376 0.192349332371
0.978021978022 0.19271021292
0.978062157221 0.193071093468
0.978102189781 0.193431974017
0.978142076503 0.193792854565
0.978181818182 0.194153735114
0.978221415608 0.194514615662
0.978260869565 0.194875496211
0.978300180832 0.195236376759
0.978339350181 0.195597257308
0.978378378378 0.195958137856
0.978417266187 0.196319018405
0.978456014363 0.196679898953
0.978494623656 0.197040779502
0.978533094812 0.197401660051
0.978571428571 0.197762540599
0.978609625668 0.198123421148
0.978647686833 0.198484301696
0.978685612789 0.198845182245
0.978723404255 0.199206062793
0.978761061947 0.199566943342
0.978798586572 0.19992782389
0.978835978836 0.200288704439
0.978873239437 0.200649584987
0.978910369069 0.201010465536
0.978947368421 0.201371346084
0.978984238179 0.201732226633
0.979020979021 0.202093107182
0.979057591623 0.20245398773
0.979094076655 0.202814868279
0.979130434783 0.203175748827
0.979166666667 0.203536629376
0.979202772964 0.203897509924
0.979238754325 0.204258390473
0.979274611399 0.204619271021
0.979310344828 0.20498015157
0.97934595525 0.205341032118
0.979381443299 0.205701912667
0.979416809605 0.206062793215
0.979452054795 0.206423673764
0.979487179487 0.206784554313
0.9795221843 0.207145434861
0.979557069847 0.20750631541
0.979591836735 0.207867195958
0.979626485569 0.208228076507
0.979661016949 0.208588957055
0.979695431472 0.208949837604
0.97972972973 0.209310718152
0.97976391231 0.209671598701
0.979797979798 0.210032479249
0.979831932773 0.210393359798
0.979865771812 0.210754240346
0.979899497487 0.211115120895
0.979933110368 0.211476001444
0.979966611018 0.211836881992
0.98 0.212197762541
0.98003327787 0.212558643089
0.980066445183 0.212919523638
0.980099502488 0.213280404186
0.980132450331 0.213641284735
0.980165289256 0.214002165283
0.980198019802 0.214363045832
0.980230642504 0.21472392638
0.980263157895 0.215084806929
0.980295566502 0.215445687477
0.980327868852 0.215806568026
0.980360065466 0.216167448575
0.980392156863 0.216528329123
0.980424143556 0.216889209672
0.980456026059 0.21725009022
0.980487804878 0.217610970769
0.980519480519 0.217971851317
0.980551053485 0.218332731866
0.980582524272 0.218693612414
0.980613893376 0.219054492963
0.98064516129 0.219415373511
0.980676328502 0.21977625406
0.980707395498 0.220137134608
0.980738362761 0.220498015157
0.980769230769 0.220858895706
0.9808 0.221219776254
0.980830670927 0.221580656803
0.980861244019 0.221941537351
0.980891719745 0.2223024179
0.980922098569 0.222663298448
0.980952380952 0.223024178997
0.980982567353 0.223385059545
0.981012658228 0.223745940094
0.981042654028 0.224106820642
0.981072555205 0.224467701191
0.981102362205 0.224828581739
0.981132075472 0.225189462288
0.981161695447 0.225550342837
0.981191222571 0.225911223385
0.981220657277 0.226272103934
0.98125 0.226632984482
0.98127925117 0.226993865031
0.981308411215 0.227354745579
0.98133748056 0.227715626128
0.981366459627 0.228076506676
0.981395348837 0.228437387225
0.981424148607 0.228798267773
0.981452859351 0.229159148322
0.981481481481 0.22952002887
0.981510015408 0.229880909419
0.981538461538 0.230241789968
0.981566820276 0.230602670516
0.981595092025 0.230963551065
0.981623277182 0.231324431613
0.981651376147 0.231685312162
0.981679389313 0.23204619271
0.981707317073 0.232407073259
0.981735159817 0.232767953807
0.981762917933 0.233128834356
0.981790591806 0.233489714904
0.981818181818 0.233850595453
0.981845688351 0.234211476001
0.981873111782 0.23457235655
0.981900452489 0.234933237099
0.981927710843 0.235294117647
0.981954887218 0.235654998196
0.981981981982 0.236015878744
0.982008995502 0.236376759293
0.982035928144 0.236737639841
0.982062780269 0.23709852039
0.982089552239 0.237459400938
0.982116244411 0.237820281487
0.982142857143 0.238181162035
0.982169390788 0.238542042584
0.982195845697 0.238902923132
0.982222222222 0.239263803681
0.98224852071 0.23962468423
0.982274741507 0.239985564778
0.982300884956 0.240346445327
0.982326951399 0.240707325875
0.982352941176 0.241068206424
0.982378854626 0.241429086972
0.982404692082 0.241789967521
0.98243045388 0.242150848069
0.982456140351 0.242511728618
0.982481751825 0.242872609166
0.98250728863 0.243233489715
0.982532751092 0.243594370263
0.982558139535 0.243955250812
0.982583454282 0.244316131361
0.982608695652 0.244677011909
0.982633863965 0.245037892458
0.982658959538 0.245398773006
0.982683982684 0.245759653555
0.982708933718 0.246120534103
0.98273381295 0.246481414652
0.98275862069 0.2468422952
0.982783357245 0.247203175749
0.982808022923 0.247564056297
0.982832618026 0.247924936846
0.982857142857 0.248285817394
0.982881597718 0.248646697943
0.982905982906 0.249007578492
0.98293029872 0.24936845904
0.982954545455 0.249729339589
0.982978723404 0.250090220137
0.983002832861 0.250451100686
0.983026874116 0.250811981234
0.983050847458 0.251172861783
0.983074753173 0.251533742331
0.983098591549 0.25189462288
0.983122362869 0.252255503428
0.983146067416 0.252616383977
0.98316970547 0.252977264525
0.983193277311 0.253338145074
0.983216783217 0.253699025623
0.983240223464 0.254059906171
0.983263598326 0.25442078672
0.983286908078 0.254781667268
0.98331015299 0.255142547817
0.983333333333 0.255503428365
0.983356449376 0.255864308914
0.983379501385 0.256225189462
0.983402489627 0.256586070011
0.983425414365 0.256946950559
0.983448275862 0.257307831108
0.98347107438 0.257668711656
0.983493810179 0.258029592205
0.983516483516 0.258390472754
0.98353909465 0.258751353302
0.983561643836 0.259112233851
0.983584131327 0.259473114399
0.983606557377 0.259833994948
0.983628922237 0.260194875496
0.983651226158 0.260555756045
0.983673469388 0.260916636593
0.983695652174 0.261277517142
0.983717774763 0.26163839769
0.983739837398 0.261999278239
0.983761840325 0.262360158787
0.983783783784 0.262721039336
0.983805668016 0.263081919885
0.983827493261 0.263442800433
0.983849259758 0.263803680982
0.983870967742 0.26416456153
0.98389261745 0.264525442079
0.983914209115 0.264886322627
0.983935742972 0.265247203176
0.983957219251 0.265608083724
0.983978638184 0.265968964273
0.984 0.266329844821
0.984021304927 0.26669072537
0.984042553191 0.267051605918
0.98406374502 0.267412486467
0.984084880637 0.267773367016
0.984105960265 0.268134247564
0.984126984127 0.268495128113
0.984147952444 0.268856008661
0.984168865435 0.26921688921
0.98418972332 0.269577769758
0.984210526316 0.269938650307
0.984231274639 0.270299530855
0.984251968504 0.270660411404
0.984272608126 0.271021291952
0.984293193717 0.271382172501
0.98431372549 0.271743053049
0.984334203655 0.272103933598
0.984354628422 0.272464814147
0.984375 0.272825694695
0.984395318596 0.273186575244
0.984415584416 0.273547455792
0.984435797665 0.273908336341
0.984455958549 0.274269216889
0.98447606727 0.274630097438
0.984496124031 0.274990977986
0.984516129032 0.275351858535
0.984536082474 0.275712739083
0.984555984556 0.276073619632
0.984575835476 0.27643450018
0.98459563543 0.276795380729
0.984615384615 0.277156261278
0.984635083227 0.277517141826
0.984654731458 0.277878022375
0.984674329502 0.278238902923
0.984693877551 0.278599783472
0.984713375796 0.27896066402
0.984732824427 0.279321544569
0.984752223634 0.279682425117
0.984771573604 0.280043305666
0.984790874525 0.280404186214
0.984810126582 0.280765066763
0.984829329962 0.281125947311
0.984848484848 0.28148682786
0.984867591425 0.281847708409
0.984886649874 0.282208588957
0.984905660377 0.282569469506
0.984924623116 0.282930350054
0.984943538269 0.283291230603
0.984962406015 0.283652111151
0.984981226533 0.2840129917
0.985 0.284373872248
0.985018726592 0.284734752797
0.985037406484 0.285095633345
0.985056039851 0.285456513894
0.985074626866 0.285817394442
0.985093167702 0.286178274991
0.985111662531 0.28653915554
0.985130111524 0.286900036088
0.985148514851 0.287260916637
0.985166872682 0.287621797185
0.985185185185 0.287982677734
0.985203452528 0.288343558282
0.985221674877 0.288704438831
0.985239852399 0.289065319379
0.985257985258 0.289426199928
0.98527607362 0.289787080476
0.985294117647 0.290147961025
0.985312117503 0.290508841573
0.98533007335 0.290869722122
0.984126984127 0.290869722122
0.982926829268 0.290869722122
0.981729598051 0.290869722122
0.980535279805 0.290869722122
0.979343863913 0.290869722122
0.978155339806 0.290869722122
0.97696969697 0.290869722122
0.975786924939 0.290869722122
0.974607013301 0.290869722122
0.973429951691 0.290869722122
0.973462002413 0.291230602671
0.973493975904 0.291591483219
0.973525872443 0.291952363768
0.973557692308 0.292313244316
0.973589435774 0.292674124865
0.973621103118 0.293035005413
0.973652694611 0.293395885962
0.973684210526 0.29375676651
0.973715651135 0.294117647059
0.973747016706 0.294478527607
0.973778307509 0.294839408156
0.97380952381 0.295200288704
0.973840665874 0.295561169253
0.973871733967 0.295922049802
0.973902728351 0.29628293035
0.973933649289 0.296643810899
0.973964497041 0.297004691447
0.973995271868 0.297365571996
0.974025974026 0.297726452544
0.974056603774 0.298087333093
0.974087161366 0.298448213641
0.974117647059 0.29880909419
0.974148061105 0.299169974738
0.974178403756 0.299530855287
0.974208675264 0.299891735835
0.974238875878 0.300252616384
0.974269005848 0.300613496933
0.974299065421 0.300974377481
0.974329054842 0.30133525803
0.974358974359 0.301696138578
0.974388824214 0.302057019127
0.974418604651 0.302417899675
0.974448315912 0.302778780224
0.974477958237 0.303139660772
0.974507531866 0.303500541321
0.974537037037 0.303861421869
0.974566473988 0.304222302418
0.974595842956 0.304583182966
0.974625144175 0.304944063515
0.97465437788 0.305304944064
0.974683544304 0.305665824612
0.974712643678 0.306026705161
0.974741676234 0.306387585709
0.974770642202 0.306748466258
0.97479954181 0.307109346806
0.974828375286 0.307470227355
0.974857142857 0.307831107903
0.974885844749 0.308191988452
0.974914481186 0.308552869
0.974943052392 0.308913749549
0.974971558589 0.309274630097
0.975 0.309635510646
0.975028376844 0.309996391195
0.975056689342 0.310357271743
0.975084937712 0.310718152292
0.975113122172 0.31107903284
0.975141242938 0.311439913389
0.975169300226 0.311800793937
0.97519729425 0.312161674486
0.975225225225 0.312522555034
0.975253093363 0.312883435583
0.975280898876 0.313244316131
0.975308641975 0.31360519668
0.97533632287 0.313966077228
0.975363941769 0.314326957777
0.975391498881 0.314687838326
0.975418994413 0.315048718874
0.975446428571 0.315409599423
0.975473801561 0.315770479971
0.975501113586 0.31613136052
0.97552836485 0.316492241068
0.975555555556 0.316853121617
0.975582685905 0.317214002165
0.975609756098 0.317574882714
0.975636766334 0.317935763262
0.975663716814 0.318296643811
0.975690607735 0.318657524359
0.975717439294 0.319018404908
0.975744211687 0.319379285457
0.97577092511 0.319740166005
0.975797579758 0.320101046554
0.975824175824 0.320461927102
0.975850713502 0.320822807651
0.975877192982 0.321183688199
0.975903614458 0.321544568748
0.975929978118 0.321905449296
0.975956284153 0.322266329845
0.975982532751 0.322627210393
0.9760087241 0.322988090942
0.976034858388 0.32334897149
0.9760609358 0.323709852039
0.976086956522 0.324070732588
0.976112920738 0.324431613136
0.976138828633 0.324792493685
0.97616468039 0.325153374233
0.97619047619 0.325514254782
0.976216216216 0.32587513533
0.976241900648 0.326236015879
0.976267529666 0.326596896427
0.976293103448 0.326957776976
0.976318622174 0.327318657524
0.976344086022 0.327679538073
0.976369495166 0.328040418621
0.976394849785 0.32840129917
0.976420150054 0.328762179719
0.976445396146 0.329123060267
0.976470588235 0.329483940816
0.976495726496 0.329844821364
0.976520811099 0.330205701913
0.976545842217 0.330566582461
0.976570820021 0.33092746301
0.976595744681 0.331288343558
0.976620616366 0.331649224107
0.976645435244 0.332010104655
0.976670201485 0.332370985204
0.976694915254 0.332731865752
0.97671957672 0.333092746301
0.976744186047 0.33345362685
0.9767687434 0.333814507398
0.976793248945 0.334175387947
0.976817702845 0.334536268495
0.976842105263 0.334897149044
0.976866456362 0.335258029592
0.976890756303 0.335618910141
0.976915005247 0.335979790689
0.976939203354 0.336340671238
0.976963350785 0.336701551786
0.976987447699 0.337062432335
0.977011494253 0.337423312883
0.977035490605 0.337784193432
0.977059436913 0.338145073981
0.977083333333 0.338505954529
0.977107180021 0.338866835078
0.977130977131 0.339227715626
0.977154724818 0.339588596175
0.977178423237 0.339949476723
0.977202072539 0.340310357272
0.977225672878 0.34067123782
0.977249224405 0.341032118369
0.977272727273 0.341392998917
0.977296181631 0.341753879466
0.977319587629 0.342114760014
0.977342945417 0.342475640563
0.977366255144 0.342836521112
0.977389516958 0.34319740166
0.977412731006 0.343558282209
0.977435897436 0.343919162757
0.977459016393 0.344280043306
0.977482088025 0.344640923854
0.977505112474 0.345001804403
0.977528089888 0.345362684951
0.977551020408 0.3457235655
0.977573904179 0.346084446048
0.977596741344 0.346445326597
0.977619532045 0.346806207145
0.977642276423 0.347167087694
0.977664974619 0.347527968243
0.977687626775 0.347888848791
0.977710233029 0.34824972934
0.977732793522 0.348610609888
0.977755308392 0.348971490437
0.977777777778 0.349332370985
0.977800201816 0.349693251534
0.977822580645 0.350054132082
0.977844914401 0.350415012631
0.977867203219 0.350775893179
0.977889447236 0.351136773728
0.977911646586 0.351497654276
0.977933801404 0.351858534825
0.977955911824 0.352219415374
0.977977977978 0.352580295922
0.978 0.352941176471
0.978021978022 0.353302057019
0.978043912176 0.353662937568
0.978065802592 0.354023818116
0.978087649402 0.354384698665
0.978109452736 0.354745579213
0.978131212724 0.355106459762
0.978152929494 0.35546734031
0.978174603175 0.355828220859
0.978196233895 0.356189101407
0.978217821782 0.356549981956
0.978239366963 0.356910862505
0.978260869565 0.357271743053
0.978282329714 0.357632623602
0.978303747535 0.35799350415
0.978325123153 0.358354384699
0.978346456693 0.358715265247
0.978367748279 0.359076145796
0.978388998035 0.359437026344
0.978410206084 0.359797906893
0.978431372549 0.360158787441
0.978452497551 0.36051966799
0.978473581213 0.360880548538
0.978494623656 0.361241429087
0.978515625 0.361602309636
0.978536585366 0.361963190184
0.978557504873 0.362324070733
0.978578383642 0.362684951281
0.97859922179 0.36304583183
0.978620019436 0.363406712378
0.978640776699 0.363767592927
0.978661493695 0.364128473475
0.978682170543 0.364489354024
0.978702807357 0.364850234572
0.978723404255 0.365211115121
0.978743961353 0.365571995669
0.978764478764 0.365932876218
0.978784956606 0.366293756767
0.97880539499 0.366654637315
0.978825794033 0.367015517864
0.978846153846 0.367376398412
0.978866474544 0.367737278961
0.978886756238 0.368098159509
0.978906999041 0.368459040058
0.978927203065 0.368819920606
0.978947368421 0.369180801155
0.97896749522 0.369541681703
0.978987583572 0.369902562252
0.979007633588 0.3702634428
0.979027645377 0.370624323349
0.979047619048 0.370985203898
0.97906755471 0.371346084446
0.979087452471 0.371706964995
0.979107312441 0.372067845543
0.979127134725 0.372428726092
0.979146919431 0.37278960664
0.979166666667 0.373150487189
0.979186376537 0.373511367737
0.979206049149 0.373872248286
0.979225684608 0.374233128834
0.979245283019 0.374594009383
0.979264844486 0.374954889931
0.979284369115 0.37531577048
0.979303857008 0.375676651029
0.979323308271 0.376037531577
0.979342723005 0.376398412126
0.979362101313 0.376759292674
0.979381443299 0.377120173223
0.979400749064 0.377481053771
0.979420018709 0.37784193432
0.979439252336 0.378202814868
0.979458450047 0.378563695417
0.97947761194 0.378924575965
0.979496738117 0.379285456514
0.979515828678 0.379646337062
0.979534883721 0.380007217611
0.979553903346 0.38036809816
0.978644382544 0.38036809816
0.977736549165 0.38036809816
0.976830398517 0.38036809816
0.975925925926 0.38036809816
0.975023126735 0.38036809816
0.974121996303 0.38036809816
0.973222530009 0.38036809816
0.972324723247 0.38036809816
0.971428571429 0.38036809816
0.970534069982 0.38036809816
0.969641214351 0.38036809816
0.96875 0.38036809816
0.967860422406 0.38036809816
0.966972477064 0.38036809816
0.966086159487 0.38036809816
0.965201465201 0.38036809816
0.965233302836 0.380728978708
0.965265082267 0.381089859257
0.964383561644 0.381089859257
0.964416058394 0.381450739805
0.964448495898 0.381811620354
0.964480874317 0.382172500902
0.963603275705 0.382172500902
0.963636363636 0.382533381451
0.963669391462 0.382894261999
0.963702359347 0.383255142548
0.963735267452 0.383616023096
0.963768115942 0.383976903645
0.963800904977 0.384337784193
0.96383363472 0.384698664742
0.96386630533 0.385059545291
0.963898916968 0.385420425839
0.963931469793 0.385781306388
0.963963963964 0.386142186936
0.96399639964 0.386503067485
0.964028776978 0.386863948033
0.964061096137 0.387224828582
0.964093357271 0.38758570913
0.964125560538 0.387946589679
0.964157706093 0.388307470227
0.964189794091 0.388668350776
0.964221824687 0.389029231324
0.964253798034 0.389390111873
0.964285714286 0.389750992422
0.964317573595 0.39011187297
0.964349376114 0.390472753519
0.964381121995 0.390833634067
0.964412811388 0.391194514616
0.964444444444 0.391555395164
0.964476021314 0.391916275713
0.964507542147 0.392277156261
0.964539007092 0.39263803681
0.964570416298 0.392998917358
0.964601769912 0.393359797907
0.964633068081 0.393720678455
0.964664310954 0.394081559004
0.964695498676 0.394442439553
0.964726631393 0.394803320101
0.964757709251 0.39516420065
0.964788732394 0.395525081198
0.964819700967 0.395885961747
0.964850615114 0.396246842295
0.964881474978 0.396607722844
0.964912280702 0.396968603392
0.964943032428 0.397329483941
0.964973730298 0.397690364489
0.965004374453 0.398051245038
0.965034965035 0.398412125586
0.965065502183 0.398773006135
0.965095986038 0.399133886684
0.965126416739 0.399494767232
0.965156794425 0.399855647781
0.965187119234 0.400216528329
0.965217391304 0.400577408878
0.965247610773 0.400938289426
0.965277777778 0.401299169975
0.965307892454 0.401660050523
0.965337954939 0.402020931072
0.965367965368 0.40238181162
0.965397923875 0.402742692169
0.965427830596 0.403103572717
0.965457685665 0.403464453266
0.965487489215 0.403825333815
0.965517241379 0.404186214363
0.965546942291 0.404547094912
0.965576592083 0.40490797546
0.965606190886 0.405268856009
0.965635738832 0.405629736557
0.965665236052 0.405990617106
0.965694682676 0.406351497654
0.965724078835 0.406712378203
0.965753424658 0.407073258751
0.965782720274 0.4074341393
0.965811965812 0.407795019848
0.965841161401 0.408155900397
0.965870307167 0.408516780946
0.96589940324 0.408877661494
0.965928449744 0.409238542043
0.965957446809 0.409599422591
0.965986394558 0.40996030314
0.966015293118 0.410321183688
0.966044142615 0.410682064237
0.966072943172 0.411042944785
0.966101694915 0.411403825334
0.966130397968 0.411764705882
0.966159052453 0.412125586431
0.966187658495 0.412486466979
0.966216216216 0.412847347528
0.966244725738 0.413208228077
0.966273187184 0.413569108625
0.966301600674 0.413929989174
0.96632996633 0.414290869722
0.966358284272 0.414651750271
0.966386554622 0.415012630819
0.966414777498 0.415373511368
0.96644295302 0.415734391916
0.966471081308 0.416095272465
0.966499162479 0.416456153013
0.966527196653 0.416817033562
0.966555183946 0.41717791411
0.966583124478 0.417538794659
0.966611018364 0.417899675208
0.966638865721 0.418260555756
0.966666666667 0.418621436305
0.966694421316 0.418982316853
0.966722129784 0.419343197402
0.966749792186 0.41970407795
0.966777408638 0.420064958499
0.966804979253 0.420425839047
0.966832504146 0.420786719596
0.96685998343 0.421147600144
0.966887417219 0.421508480693
0.966914805624 0.421869361241
0.96694214876 0.42223024179
0.966969446738 0.422591122339
0.96699669967 0.422952002887
0.967023907667 0.423312883436
0.96705107084 0.423673763984
0.9670781893 0.424034644533
0.967105263158 0.424395525081
0.967132292523 0.42475640563
0.966338259442 0.42475640563
0.966365873667 0.425117286178
0.965573770492 0.425117286178
0.964782964783 0.425117286178
0.963993453355 0.425117286178
0.963205233034 0.425117286178
0.962418300654 0.425117286178
0.961632653061 0.425117286178
0.960848287113 0.425117286178
0.960065199674 0.425117286178
0.959283387622 0.425117286178
0.958502847844 0.425117286178
0.957723577236 0.425117286178
0.956945572705 0.425117286178
0.956168831169 0.425117286178
0.955393349554 0.425117286178
0.954619124797 0.425117286178
0.954655870445 0.425478166727
0.954692556634 0.425839047275
0.954729183508 0.426199927824
0.954765751212 0.426560808372
0.954802259887 0.426921688921
0.954838709677 0.42728256947
0.954875100725 0.427643450018
0.954911433172 0.428004330567
0.95494770716 0.428365211115
0.95498392283 0.428726091664
0.955020080321 0.429086972212
0.955056179775 0.429447852761
0.955092221331 0.429808733309
0.955128205128 0.430169613858
0.955164131305 0.430530494406
0.9552 0.430891374955
0.955235811351 0.431252255503
0.955271565495 0.431613136052
0.95530726257 0.431974016601
0.955342902711 0.432334897149
0.955378486056 0.432695777698
0.955414012739 0.433056658246
0.955449482896 0.433417538795
0.955484896661 0.433778419343
0.95552025417 0.434139299892
0.955555555556 0.43450018044
0.955590800952 0.434861060989
0.955625990491 0.435221941537
0.955661124307 0.435582822086
0.955696202532 0.435943702634
0.955731225296 0.436304583183
0.955766192733 0.436665463732
0.955801104972 0.43702634428
0.955835962145 0.437387224829
0.955870764381 0.437748105377
0.955905511811 0.438108985926
0.955940204563 0.438469866474
0.955974842767 0.438830747023
0.956009426551 0.439191627571
0.956043956044 0.43955250812
0.956078431373 0.439913388668
0.956112852665 0.440274269217
0.956147220047 0.440635149765
0.956181533646 0.440996030314
0.956215793589 0.441356910863
0.95625 0.441717791411
0.956284153005 0.44207867196
0.95631825273 0.442439552508
0.956352299299 0.442800433057
0.956386292835 0.443161313605
0.956420233463 0.443522194154
0.956454121306 0.443883074702
0.956487956488 0.444243955251
0.95652173913 0.444604835799
0.956555469356 0.444965716348
0.956589147287 0.445326596896
0.956622773044 0.445687477445
0.956656346749 0.446048357994
0.956689868523 0.446409238542
0.956723338485 0.446770119091
0.956756756757 0.447130999639
0.956790123457 0.447491880188
0.956823438705 0.447852760736
0.956856702619 0.448213641285
0.956889915319 0.448574521833
0.956923076923 0.448935402382
0.956956187548 0.44929628293
0.956989247312 0.449657163479
0.956254796623 0.449657163479
0.955521472393 0.449657163479
0.954789272031 0.449657163479
0.954058192956 0.449657163479
0.953328232594 0.449657163479
0.952599388379 0.449657163479
0.951871657754 0.449657163479
0.951908396947 0.450018044027
0.951945080092 0.450378924576
0.951981707317 0.450739805125
0.952018278751 0.451100685673
0.952054794521 0.451461566222
0.952091254753 0.45182244677
0.952127659574 0.452183327319
0.952164009112 0.452544207867
0.95220030349 0.452905088416
0.952236542835 0.453265968964
0.952272727273 0.453626849513
0.952308856927 0.453987730061
0.952344931921 0.45434861061
0.952380952381 0.454709491158
0.952416918429 0.455070371707
0.952452830189 0.455431252256
0.952488687783 0.455792132804
0.952524491334 0.456153013353
0.952560240964 0.456513893901
0.952595936795 0.45687477445
0.952631578947 0.457235654998
0.952667167543 0.457596535547
0.952702702703 0.457957416095
0.952738184546 0.458318296644
0.952773613193 0.458679177192
0.952808988764 0.459040057741
0.952844311377 0.459400938289
0.952879581152 0.459761818838
0.952914798206 0.460122699387
0.952949962659 0.460483579935
0.952985074627 0.460844460484
0.953020134228 0.461205341032
0.95305514158 0.461566221581
0.953090096798 0.461927102129
0.953125 0.462287982678
0.953159851301 0.462648863226
0.953194650817 0.463009743775
0.953229398664 0.463370624323
0.953264094955 0.463731504872
0.953298739807 0.46409238542
0.953333333333 0.464453265969
0.953367875648 0.464814146518
0.953402366864 0.465175027066
0.953436807095 0.465535907615
0.953471196455 0.465896788163
0.952767527675 0.465896788163
0.952064896755 0.465896788163
0.9513633014 0.465896788163
0.950662739323 0.465896788163
0.949963208241 0.465896788163
0.949264705882 0.465896788163
0.949301983835 0.466257668712
0.949339207048 0.46661854926
0.949376375642 0.466979429809
0.949413489736 0.467340310357
0.949450549451 0.467701190906
0.949487554905 0.468062071454
0.949524506218 0.468422952003
0.949561403509 0.468783832551
0.949598246896 0.4691447131
0.949635036496 0.469505593649
0.949671772429 0.469866474197
0.94970845481 0.470227354746
0.949745083758 0.470588235294
0.949781659389 0.470949115843
0.949818181818 0.471309996391
0.949854651163 0.47167087694
0.949891067538 0.472031757488
0.94992743106 0.472392638037
0.949963741842 0.472753518585
0.95 0.473114399134
0.950036205648 0.473475279682
0.9500723589 0.473836160231
0.95010845987 0.47419704078
0.950144508671 0.474557921328
0.950180505415 0.474918801877
0.950216450216 0.475279682425
0.950252343187 0.475640562974
0.950288184438 0.476001443522
0.950323974082 0.476362324071
0.95035971223 0.476723204619
0.950395398994 0.477084085168
0.950431034483 0.477444965716
0.950466618808 0.477805846265
0.95050215208 0.478166726813
0.950537634409 0.478527607362
0.950573065903 0.478888487911
0.950608446671 0.479249368459
0.950643776824 0.479610249008
0.950679056469 0.479971129556
0.950714285714 0.480332010105
0.950749464668 0.480692890653
0.950784593438 0.481053771202
0.950819672131 0.48141465175
0.950854700855 0.481775532299
0.950889679715 0.482136412847
0.950924608819 0.482497293396
0.950959488273 0.482858173944
0.950994318182 0.483219054493
0.951029098652 0.483579935042
0.951063829787 0.48394081559
0.951098511694 0.484301696139
0.950424929178 0.484301696139
0.950460014154 0.484662576687
0.950495049505 0.485023457236
0.949823321555 0.485023457236
0.949152542373 0.485023457236
0.948482709951 0.485023457236
0.947813822285 0.485023457236
0.947145877378 0.485023457236
0.946478873239 0.485023457236
0.94651653765 0.485384337784
0.946554149086 0.485745218333
0.94659170766 0.486106098881
0.946629213483 0.48646697943
0.946666666667 0.486827859978
0.946704067321 0.487188740527
0.946741415557 0.487549621075
0.946778711485 0.487910501624
0.946815955213 0.488271382173
0.946853146853 0.488632262721
0.946890286513 0.48899314327
0.946927374302 0.489354023818
0.946964410328 0.489714904367
0.9470013947 0.490075784915
0.947038327526 0.490436665464
0.947075208914 0.490797546012
0.94711203897 0.491158426561
0.947148817803 0.491519307109
0.947185545518 0.491880187658
0.947222222222 0.492241068206
0.947258848022 0.492601948755
0.947295423024 0.492962829304
0.947331947332 0.493323709852
0.947368421053 0.493684590401
0.947404844291 0.494045470949
0.947441217151 0.494406351498
0.947477539737 0.494767232046
0.947513812155 0.495128112595
0.947550034507 0.495488993143
0.947586206897 0.495849873692
0.947622329428 0.49621075424
0.947658402204 0.496571634789
0.947694425327 0.496932515337
0.9477303989 0.497293395886
0.947766323024 0.497654276435
0.947802197802 0.498015156983
0.947838023336 0.498376037532
0.947873799726 0.49873691808
0.947909527073 0.499097798629
0.947945205479 0.499458679177
0.947980835044 0.499819559726
0.947332421341 0.499819559726
0.947368421053 0.500180440274
0.947404371585 0.500541320823
0.947440273038 0.500902201371
0.947476125512 0.50126308192
0.947511929107 0.501623962468
0.947547683924 0.501984843017
0.947583390061 0.502345723565
0.947619047619 0.502706604114
0.947654656696 0.503067484663
0.947690217391 0.503428365211
0.947725729803 0.50378924576
0.94776119403 0.504150126308
0.947796610169 0.504511006857
0.94783197832 0.504871887405
0.947867298578 0.505232767954
0.947902571042 0.505593648502
0.947937795808 0.505954529051
0.947972972973 0.506315409599
0.948008102633 0.506676290148
0.948043184885 0.507037170696
0.948078219825 0.507398051245
0.948113207547 0.507758931794
0.948148148148 0.508119812342
0.948183041723 0.508480692891
0.948217888366 0.508841573439
0.948252688172 0.509202453988
0.948287441236 0.509563334536
0.948322147651 0.509924215085
0.948356807512 0.510285095633
0.948391420912 0.510645976182
0.948425987944 0.51100685673
0.948460508701 0.511367737279
0.948494983278 0.511728617827
0.948529411765 0.512089498376
0.948563794255 0.512450378925
0.948598130841 0.512811259473
0.948632421614 0.513172140022
0.948666666667 0.51353302057
0.948034643571 0.51353302057
0.947403462051 0.51353302057
0.946773120426 0.51353302057
0.946143617021 0.51353302057
0.945514950166 0.51353302057
0.944887118194 0.51353302057
0.944260119443 0.51353302057
0.944297082228 0.513893901119
0.944333996024 0.514254781667
0.944370860927 0.514615662216
0.944407677035 0.514976542764
0.944444444444 0.515337423313
0.944481163252 0.515698303861
0.944517833554 0.51605918441
0.944554455446 0.516420064958
0.944591029024 0.516780945507
0.944627554384 0.517141826056
0.944664031621 0.517502706604
0.944700460829 0.517863587153
0.944736842105 0.518224467701
0.944773175542 0.51858534825
0.944809461235 0.518946228798
0.944845699278 0.519307109347
0.944881889764 0.519667989895
0.944918032787 0.520028870444
0.94495412844 0.520389750992
0.944990176817 0.520750631541
0.94502617801 0.521111512089
0.945062132112 0.521472392638
0.945098039216 0.521833273187
0.945133899412 0.522194153735
0.945169712794 0.522555034284
0.945205479452 0.522915914832
0.945241199478 0.523276795381
0.945276872964 0.523637675929
0.9453125 0.523998556478
0.945348080677 0.524359437026
0.945383615085 0.524720317575
0.944769330734 0.524720317575
0.944155844156 0.524720317575
0.943543153796 0.524720317575
0.942931258106 0.524720317575
0.942320155541 0.524720317575
0.942357512953 0.525081198123
0.942394822006 0.525442078672
0.942432082794 0.52580295922
0.94246929541 0.526163839769
0.942506459948 0.526524720318
0.942543576501 0.526885600866
0.942580645161 0.527246481415
0.942617666022 0.527607361963
0.942654639175 0.527968242512
0.942691564713 0.52832912306
0.942728442728 0.528690003609
0.942765273312 0.529050884157
0.942802056555 0.529411764706
0.94283879255 0.529772645254
0.942875481386 0.530133525803
0.942912123156 0.530494406351
0.942948717949 0.5308552869
0.942985265855 0.531216167449
0.943021766965 0.531577047997
0.943058221369 0.531937928546
0.943094629156 0.532298809094
0.943130990415 0.532659689643
0.943167305236 0.533020570191
0.943203573708 0.53338145074
0.943239795918 0.533742331288
0.943275971957 0.534103211837
0.943312101911 0.534464092385
0.943348185869 0.534824972934
0.943384223919 0.535185853482
0.943420216147 0.535546734031
0.943456162643 0.53590761458
0.943492063492 0.536268495128
0.943527918782 0.536629375677
0.943563728599 0.536990256225
0.943599493029 0.537351136774
0.94363521216 0.537712017322
0.943670886076 0.538072897871
0.943074003795 0.538072897871
0.942477876106 0.538072897871
0.941882501579 0.538072897871
0.941287878788 0.538072897871
0.941324921136 0.538433778419
0.941361916772 0.538794658968
0.941398865784 0.539155539516
0.941435768262 0.539516420065
0.941472624292 0.539877300613
0.941509433962 0.540238181162
0.94154619736 0.540599061711
0.941582914573 0.540959942259
0.941619585687 0.541320822808
0.94165621079 0.541681703356
0.941692789969 0.542042583905
0.941729323308 0.542403464453
0.941765810895 0.542764345002
0.941802252816 0.54312522555
0.941838649156 0.543486106099
0.941875 0.543846986647
0.941911305434 0.544207867196
0.941947565543 0.544568747744
0.941983780412 0.544929628293
0.942019950125 0.545290508842
0.942056074766 0.54565138939
0.942092154421 0.546012269939
0.942128189172 0.546373150487
0.942164179104 0.546734031036
0.942200124301 0.547094911584
0.942236024845 0.547455792133
0.942271880819 0.547816672681
0.942307692308 0.54817755323
0.94172349659 0.54817755323
0.941140024783 0.54817755323
0.940557275542 0.54817755323
0.940594059406 0.548538433778
0.940630797774 0.548899314327
0.940667490729 0.549260194875
0.940704138357 0.549621075424
0.940740740741 0.549981955973
0.940777297964 0.550342836521
0.940813810111 0.55070371707
0.940850277264 0.551064597618
0.940886699507 0.551425478167
0.940923076923 0.551786358715
0.940959409594 0.552147239264
0.940995697603 0.552508119812
0.941031941032 0.552869000361
0.941068139963 0.553229880909
0.941104294479 0.553590761458
0.94114040466 0.553951642006
0.941176470588 0.554312522555
0.941212492345 0.554673403104
0.941248470012 0.555034283652
0.94128440367 0.555395164201
0.941320293399 0.555756044749
0.941356139279 0.556116925298
0.941391941392 0.556477805846
0.941427699817 0.556838686395
0.940853658537 0.556838686395
0.94028031688 0.556838686395
0.939707673569 0.556838686395
0.939135727328 0.556838686395
0.939172749392 0.557199566943
0.939209726444 0.557560447492
0.939246658566 0.55792132804
0.939283545841 0.558282208589
0.93932038835 0.558643089137
0.939357186173 0.559003969686
0.939393939394 0.559364850235
0.939430648092 0.559725730783
0.939467312349 0.560086611332
0.939503932244 0.56044749188
0.93954050786 0.560808372429
0.939577039275 0.561169252977
0.93961352657 0.561530133526
0.939649969825 0.561891014074
0.939686369119 0.562251894623
0.939722724533 0.562612775171
0.939759036145 0.56297365572
0.939795304034 0.563334536268
0.939831528279 0.563695416817
0.93986770896 0.564056297366
0.939903846154 0.564417177914
0.93993993994 0.564778058463
0.939975990396 0.565138939011
0.9400119976 0.56549981956
0.940047961631 0.565860700108
0.940083882564 0.566221580657
0.940119760479 0.566582461205
0.940155595452 0.566943341754
0.94019138756 0.567304222302
0.94022713688 0.567665102851
0.940262843489 0.568025983399
0.939701492537 0.568025983399
0.939140811456 0.568025983399
0.938580799046 0.568025983399
0.938021454112 0.568025983399
0.937462775462 0.568025983399
0.936904761905 0.568025983399
0.936347412255 0.568025983399
0.935790725327 0.568025983399
0.935234699941 0.568025983399
0.935273159145 0.568386863948
0.9353115727 0.568747744497
0.935349940688 0.569108625045
0.935388263189 0.569469505594
0.934834123223 0.569469505594
0.934872705743 0.569830386142
0.934911242604 0.570191266691
0.934949733885 0.570552147239
0.934988179669 0.570913027788
0.935026580035 0.571273908336
0.935064935065 0.571634788885
0.935103244838 0.571995669433
0.935141509434 0.572356549982
0.935179728933 0.57271743053
0.935217903416 0.573078311079
0.935256032961 0.573439191628
0.935294117647 0.573800072176
0.935332157554 0.574160952725
0.935370152761 0.574521833273
0.935408103347 0.574882713822
0.93544600939 0.57524359437
0.935483870968 0.575604474919
0.935521688159 0.575965355467
0.935559461043 0.576326236016
0.935597189696 0.576687116564
0.935634874195 0.577047997113
0.93567251462 0.577408877661
0.935710111046 0.57776975821
0.935747663551 0.578130638759
0.935785172212 0.578491519307
0.935822637106 0.578852399856
0.935860058309 0.579213280404
0.935897435897 0.579574160953
0.935934769948 0.579935041501
0.935389988359 0.579935041501
0.934845840605 0.579935041501
0.934302325581 0.579935041501
0.934340499709 0.58029592205
0.934378629501 0.580656802598
0.934416715032 0.581017683147
0.934454756381 0.581378563695
0.934492753623 0.581739444244
0.934530706837 0.582100324792
0.934568616097 0.582461205341
0.934606481481 0.58282208589
0.934644303065 0.583182966438
0.934682080925 0.583543846987
0.934719815136 0.583904727535
0.934757505774 0.584265608084
0.934795152914 0.584626488632
0.934832756632 0.584987369181
0.934293948127 0.584987369181
0.933755760369 0.584987369181
0.933218192286 0.584987369181
0.933256616801 0.585348249729
0.933294997125 0.585709130278
0.933333333333 0.586070010826
0.933371625503 0.586430891375
0.933409873708 0.586791771923
0.933448078026 0.587152652472
0.933486238532 0.587513533021
0.933524355301 0.587874413569
0.933562428408 0.588235294118
0.933600457928 0.588596174666
0.933638443936 0.588957055215
0.933676386507 0.589317935763
0.933714285714 0.589678816312
0.933752141633 0.59003969686
0.933789954338 0.590400577409
0.933827723902 0.590761457957
0.933865450399 0.591122338506
0.933903133903 0.591483219054
0.933940774487 0.591844099603
0.933978372225 0.592204980152
0.93401592719 0.5925658607
0.934053439454 0.592926741249
0.933522727273 0.592926741249
0.932992617831 0.592926741249
0.933030646992 0.593287621797
0.933068633012 0.593648502346
0.933106575964 0.594009382894
0.933144475921 0.594370263443
0.933182332956 0.594731143991
0.933220147142 0.59509202454
0.933257918552 0.595452905088
0.933295647258 0.595813785637
0.933333333333 0.596174666185
0.933370976849 0.596535546734
0.933408577878 0.596896427283
0.933446136492 0.597257307831
0.933483652762 0.59761818838
0.933521126761 0.597979068928
0.933558558559 0.598339949477
0.933595948227 0.598700830025
0.933633295838 0.599061710574
0.933670601461 0.599422591122
0.933707865169 0.599783471671
0.93374508703 0.600144352219
0.933782267116 0.600505232768
0.933819405496 0.600866113316
0.933856502242 0.601226993865
0.933893557423 0.601587874414
0.933930571109 0.601948754962
0.933967543369 0.602309635511
0.934004474273 0.602670516059
0.93404136389 0.603031396608
0.934078212291 0.603392277156
0.934115019542 0.603753157705
0.934151785714 0.604114038253
0.933630786392 0.604114038253
0.933110367893 0.604114038253
0.933147632312 0.604474918802
0.933184855234 0.60483579935
0.933222036728 0.605196679899
0.933259176863 0.605557560447
0.933296275709 0.605918440996
0.933333333333 0.606279321545
0.933370349806 0.606640202093
0.933407325194 0.607001082642
0.933444259567 0.60736196319
0.933481152993 0.607722843739
0.93351800554 0.608083724287
0.933554817276 0.608444604836
0.933591588268 0.608805485384
0.933628318584 0.609166365933
0.933665008292 0.609527246481
0.933701657459 0.60988812703
0.933738266151 0.610249007578
0.933774834437 0.610609888127
0.933811362383 0.610970768676
0.933847850055 0.611331649224
0.933884297521 0.611692529773
0.933920704846 0.612053410321
0.933406714364 0.612053410321
0.932893289329 0.612053410321
0.932380428807 0.612053410321
0.931868131868 0.612053410321
0.931905546403 0.61241429087
0.931942919868 0.612775171418
0.931980252331 0.613136051967
0.93201754386 0.613496932515
0.932054794521 0.613857813064
0.932092004381 0.614218693612
0.932129173508 0.614579574161
0.932166301969 0.614940454709
0.932203389831 0.615301335258
0.932240437158 0.615662215807
0.93227744402 0.616023096355
0.93231441048 0.616383976904
0.932351336607 0.616744857452
0.932388222465 0.617105738001
0.93242506812 0.617466618549
0.932461873638 0.617827499098
0.932498639085 0.618188379646
0.932535364527 0.618549260195
0.932572050027 0.618910140743
0.932608695652 0.619271021292
0.932645301467 0.61963190184
0.932681867535 0.619992782389
0.932718393923 0.620353662938
0.932754880694 0.620714543486
0.932791327913 0.621075424035
0.932827735645 0.621436304583
0.932864103952 0.621797185132
0.9329004329 0.62215806568
0.932936722553 0.622518946229
0.932972972973 0.622879826777
0.933009184225 0.623240707326
0.933045356371 0.623601587874
0.932541824069 0.623601587874
0.932038834951 0.623601587874
0.93153638814 0.623601587874
0.931573275862 0.623962468423
0.931610123856 0.624323348971
0.931646932185 0.62468422952
0.931683700914 0.625045110069
0.931720430108 0.625405990617
0.931757119828 0.625766871166
0.93179377014 0.626127751714
0.931830381106 0.626488632263
0.93186695279 0.626849512811
0.931903485255 0.62721039336
0.931939978564 0.627571273908
0.93197643278 0.627932154457
0.932012847966 0.628293035005
0.932049224184 0.628653915554
0.932085561497 0.629014796102
0.932121859968 0.629375676651
0.932158119658 0.6297365572
0.93219434063 0.630097437748
0.932230522946 0.630458318297
0.932266666667 0.630819198845
0.932302771855 0.631180079394
0.932338838572 0.631540959942
0.931842385517 0.631540959942
0.931878658861 0.631901840491
0.931914893617 0.632262721039
0.931951089846 0.632623601588
0.931987247609 0.632984482136
0.932023366968 0.633345362685
0.932059447983 0.633706243233
0.932095490716 0.634067123782
0.932131495228 0.634428004331
0.932167461579 0.634788884879
0.932203389831 0.635149765428
0.932239280042 0.635510645976
0.932275132275 0.635871526525
0.932310946589 0.636232407073
0.932346723044 0.636593287622
0.932382461701 0.63695416817
0.932418162619 0.637315048719
0.932453825858 0.637675929267
0.932489451477 0.638036809816
0.932525039536 0.638397690364
0.932560590095 0.638758570913
0.932596103212 0.639119451462
0.932105263158 0.639119451462
0.931614939506 0.639119451462
0.931650893796 0.63948033201
0.9316868103 0.639841212559
0.931722689076 0.640202093107
0.931758530184 0.640562973656
0.931794333683 0.640923854204
0.931830099633 0.641284734753
0.931865828092 0.641645615301
0.93190151912 0.64200649585
0.931937172775 0.642367376398
0.931972789116 0.642728256947
0.932008368201 0.643089137495
0.931521170936 0.643089137495
0.931034482759 0.643089137495
0.930548302872 0.643089137495
0.93006263048 0.643089137495
0.930099113198 0.643450018044
0.930135557873 0.643810898593
0.930171964565 0.644171779141
0.930208333333 0.64453265969
0.930244664237 0.644893540238
0.930280957336 0.645254420787
0.930317212689 0.645615301335
0.930353430353 0.645976181884
0.93038961039 0.646337062432
0.930425752856 0.646697942981
0.93046185781 0.647058823529
0.930497925311 0.647419704078
0.930533955417 0.647780584626
0.930569948187 0.648141465175
0.930605903677 0.648502345724
0.930641821946 0.648863226272
0.930677703052 0.649224106821
0.930713547053 0.649584987369
0.930749354005 0.649945867918
0.930785123967 0.650306748466
0.930820856995 0.650667629015
0.930856553148 0.651028509563
0.930376482723 0.651028509563
0.930412371134 0.651389390112
0.930448222566 0.65175027066
0.930484037075 0.652111151209
0.93051981472 0.652472031757
0.930555555556 0.652832912306
0.93059125964 0.653193792855
0.93062692703 0.653554673403
0.930662557781 0.653915553952
0.930698151951 0.6542764345
0.930733709595 0.654637315049
0.930769230769 0.654998195597
0.93080471553 0.655359076146
0.930840163934 0.655719956694
0.930875576037 0.656080837243
0.930910951894 0.656441717791
0.93094629156 0.65680259834
0.930981595092 0.657163478888
0.930505876341 0.657163478888
0.930030643514 0.657163478888
0.930066360388 0.657524359437
0.930102040816 0.657885239986
0.930137684855 0.658246120534
0.930173292559 0.658607001083
0.930208863984 0.658967881631
0.930244399185 0.65932876218
0.930279898219 0.659689642728
0.930315361139 0.660050523277
0.930350788002 0.660411403825
0.930386178862 0.660772284374
0.930421533773 0.661133164922
0.930456852792 0.661494045471
0.930492135972 0.661854926019
0.930527383367 0.662215806568
0.930562595033 0.662576687117
0.930597771023 0.662937567665
0.930632911392 0.663298448214
0.930668016194 0.663659328762
0.930703085483 0.664020209311
0.930738119312 0.664381089859
0.930773117736 0.664741970408
0.930808080808 0.665102850956
0.930843008582 0.665463731505
0.93087790111 0.665824612053
0.930912758447 0.666185492602
0.930947580645 0.66654637315
0.930982367758 0.666907253699
0.930513595166 0.666907253699
0.930045294414 0.666907253699
0.930080482897 0.667268134248
0.930115635998 0.667629014796
0.930150753769 0.667989895345
0.930185836263 0.668350775893
0.930220883534 0.668711656442
0.930255895635 0.66907253699
0.930290872618 0.669433417539
0.930325814536 0.669794298087
0.930360721443 0.670155178636
0.93039559339 0.670516059184
0.93043043043 0.670876939733
0.930465232616 0.671237820281
0.9305 0.67159870083
0.930534732634 0.671959581379
0.930569430569 0.672320461927
0.930604093859 0.672681342476
0.930638722555 0.673042223024
0.930673316708 0.673403103573
0.930209371884 0.673403103573
0.929745889387 0.673403103573
0.929282868526 0.673403103573
0.929318068691 0.673763984121
0.929353233831 0.67412486467
0.929388363998 0.674485745218
0.929423459245 0.674846625767
0.929458519622 0.675207506315
0.929493545184 0.675568386864
0.92952853598 0.675929267412
0.929563492063 0.676290147961
0.929598413485 0.67665102851
0.929633300297 0.677011909058
0.929668152551 0.677372789607
0.929702970297 0.677733670155
0.929737753587 0.678094550704
0.929772502473 0.678455431252
0.929807217004 0.678816311801
0.929841897233 0.679177192349
0.92987654321 0.679538072898
0.929911154985 0.679898953446
0.92994573261 0.680259833995
0.929980276134 0.680620714543
0.930014785609 0.680981595092
0.930049261084 0.681342475641
0.93008370261 0.681703356189
0.930118110236 0.682064236738
0.930152484014 0.682425117286
0.930186823992 0.682785997835
0.930221130221 0.683146878383
0.93025540275 0.683507758932
0.93028964163 0.68386863948
0.929833169774 0.68386863948
0.92937714566 0.68386863948
0.929411764706 0.684229520029
0.929446349829 0.684590400577
0.929480901077 0.684951281126
0.929515418502 0.685312161674
0.929549902153 0.685673042223
0.929584352078 0.686033922772
0.929618768328 0.68639480332
0.929653150953 0.686755683869
0.9296875 0.687116564417
0.92972181552 0.687477444966
0.929268292683 0.687477444966
0.928815212092 0.687477444966
0.928849902534 0.687838325514
0.928884559182 0.688199206063
0.928919182084 0.688560086611
0.92895377129 0.68892096716
0.928988326848 0.689281847708
0.929022848809 0.689642728257
0.929057337221 0.690003608805
0.929091792132 0.690364489354
0.929126213592 0.690725369903
0.92916060165 0.691086250451
0.928709990301 0.691086250451
0.928259815802 0.691086250451
0.928294573643 0.691447131
0.928329297821 0.691808011548
0.928363988383 0.692168892097
0.92839864538 0.692529772645
0.928433268859 0.692890653194
0.928467858869 0.693251533742
0.928502415459 0.693612414291
0.928536938677 0.693973294839
0.928571428571 0.694334175388
0.928605885191 0.694695055936
0.928640308582 0.695055936485
0.928674698795 0.695416817034
0.928709055877 0.695777697582
0.928743379875 0.696138578131
0.928777670837 0.696499458679
0.928330928331 0.696499458679
0.927884615385 0.696499458679
0.927919269582 0.696860339228
0.92795389049 0.697221219776
0.927988478157 0.697582100325
0.92802303263 0.697942980873
0.928057553957 0.698303861422
0.928092042186 0.69866474197
0.928126497365 0.699025622519
0.92816091954 0.699386503067
0.92819530876 0.699747383616
0.928229665072 0.700108264165
0.928263988522 0.700469144713
0.928298279159 0.700830025262
0.927854753942 0.700830025262
0.92741165234 0.700830025262
0.926968973747 0.700830025262
0.927003816794 0.70119090581
0.927038626609 0.701551786359
0.927073403241 0.701912666907
0.927108146737 0.702273547456
0.927142857143 0.702634428004
0.927177534507 0.702995308553
0.927212178877 0.703356189101
0.9272467903 0.70371706965
0.927281368821 0.704077950198
0.927315914489 0.704438830747
0.92735042735 0.704799711296
0.926910299003 0.704799711296
0.926470588235 0.704799711296
0.926031294452 0.704799711296
0.925592417062 0.704799711296
0.925627664614 0.705160591844
0.925662878788 0.705521472393
0.925698059631 0.705882352941
0.92573320719 0.70624323349
0.925768321513 0.706604114038
0.925803402647 0.706964994587
0.925838450638 0.707325875135
0.925873465534 0.707686755684
0.925908447381 0.708047636232
0.925943396226 0.708408516781
0.925978312117 0.708769397329
0.926013195099 0.709130277878
0.926048045219 0.709491158427
0.925612052731 0.709491158427
0.925176470588 0.709491158427
0.924741298213 0.709491158427
0.924776680771 0.709852038975
0.924812030075 0.710212919524
0.924847346172 0.710573800072
0.924882629108 0.710934680621
0.92491787893 0.711295561169
0.924953095685 0.711656441718
0.924988279419 0.712017322266
0.925023430178 0.712378202815
0.925058548009 0.712739083363
0.925093632959 0.713099963912
0.925128685073 0.71346084446
0.925163704397 0.713821725009
0.925198690977 0.714182605558
0.92523364486 0.714543486106
0.925268566091 0.714904366655
0.925303454715 0.715265247203
0.925338310779 0.715626127752
0.925373134328 0.7159870083
0.925407925408 0.716347888849
0.925442684063 0.716708769397
0.92547741034 0.717069649946
0.925046554935 0.717069649946
0.925081433225 0.717430530494
0.92511627907 0.717791411043
0.925151092515 0.718152291591
0.925185873606 0.71851317214
0.925220622387 0.718874052689
0.925255338904 0.719234933237
0.924825986079 0.719234933237
0.92439703154 0.719234933237
0.924432081595 0.719595813786
0.924467099166 0.719956694334
0.924502084298 0.720317574883
0.924537037037 0.720678455431
0.924571957427 0.72103933598
0.924606845513 0.721400216528
0.924641701341 0.721761097077
0.924676524954 0.722121977625
0.924711316397 0.722482858174
0.924746075716 0.722843738722
0.924780802953 0.723204619271
0.924815498155 0.72356549982
0.924850161365 0.723926380368
0.924884792627 0.724287260917
0.924919391985 0.724648141465
0.924953959484 0.725009022014
0.924528301887 0.725009022014
0.924103035879 0.725009022014
0.92367816092 0.725009022014
0.923713235294 0.725369902562
0.923748277446 0.725730783111
0.92378328742 0.726091663659
0.923818265259 0.726452544208
0.923853211009 0.726813424756
0.923888124713 0.727174305305
0.923923006416 0.727535185853
0.923957856161 0.727896066402
0.923992673993 0.728256946951
0.924027459954 0.728617827499
0.92406221409 0.728978708048
0.923639689072 0.728978708048
0.923217550274 0.728978708048
0.922795797168 0.728978708048
0.922374429224 0.728978708048
0.921953445915 0.728978708048
0.921989051095 0.729339588596
0.922024623803 0.729700469145
0.922060164084 0.730061349693
0.922095671982 0.730422230242
0.922131147541 0.73078311079
0.922166590806 0.731143991339
0.92220200182 0.731504871887
0.922237380628 0.731865752436
0.922272727273 0.732226632984
0.922308041799 0.732587513533
0.922343324251 0.732948394082
0.922378574671 0.73330927463
0.922413793103 0.733670155179
0.922448979592 0.734031035727
0.92248413418 0.734391916276
0.922066153149 0.734391916276
0.922101449275 0.734752796824
0.922136713445 0.735113677373
0.922171945701 0.735474557921
0.922207146088 0.73583543847
0.922242314647 0.736196319018
0.922277451423 0.736557199567
0.922312556459 0.736918080115
0.922347629797 0.737278960664
0.921931407942 0.737278960664
0.92151556157 0.737278960664
0.921550946799 0.737639841213
0.921586300135 0.738000721761
0.921621621622 0.73836160231
0.921656911301 0.738722482858
0.921692169217 0.739083363407
0.921727395412 0.739444243955
0.921762589928 0.739805124504
0.921797752809 0.740166005052
0.921383647799 0.740166005052
0.920969914683 0.740166005052
0.921005385996 0.740526885601
0.921040825482 0.740887766149
0.921076233184 0.741248646698
0.921111609144 0.741609527246
0.921146953405 0.741970407795
0.920734437976 0.741970407795
0.920769919427 0.742331288344
0.920805369128 0.742692168892
0.92084078712 0.743053049441
0.920876173447 0.743413929989
0.92091152815 0.743774810538
0.920946851273 0.744135691086
0.920982142857 0.744496571635
0.921017402945 0.744857452183
0.920606601249 0.744857452183
0.920641997325 0.745218332732
0.920677361854 0.74557921328
0.920712694878 0.745940093829
0.920302760463 0.745940093829
0.919893190921 0.745940093829
0.919483985765 0.745940093829
0.919075144509 0.745940093829
0.919111111111 0.746300974377
0.919147045757 0.746661854926
0.91918294849 0.747022735475
0.919218819352 0.747383616023
0.918811002662 0.747383616023
0.918847006652 0.747744496572
0.918882978723 0.74810537712
0.918918918919 0.748466257669
0.918954827281 0.748827138217
0.918990703851 0.749188018766
0.919026548673 0.749548899314
0.919062361787 0.749909779863
0.919098143236 0.750270660411
0.919133893062 0.75063154096
0.919169611307 0.750992421508
0.919205298013 0.751353302057
0.918799646955 0.751353302057
0.918394353772 0.751353302057
0.917989417989 0.751353302057
0.918025561922 0.751714182606
0.918061674009 0.752075063154
0.918097754293 0.752435943703
0.918133802817 0.752796824251
0.918169819622 0.7531577048
0.918205804749 0.753518585348
0.917802197802 0.753518585348
0.917398945518 0.753518585348
0.917435221783 0.753879465897
0.917471466198 0.754240346445
0.917068889864 0.754240346445
0.917105263158 0.754601226994
0.917141604559 0.754962107542
0.916739702016 0.754962107542
0.916776171704 0.755322988091
0.916812609457 0.755683868639
0.916849015317 0.756044749188
0.916885389326 0.756405629737
0.916921731526 0.756766510285
0.916958041958 0.757127390834
0.916994320664 0.757488271382
0.917030567686 0.757849151931
0.917066783064 0.758210032479
0.917102966841 0.758570913028
0.917139119058 0.758931793576
0.917175239756 0.759292674125
0.917211328976 0.759653554673
0.91724738676 0.760014435222
0.91684806269 0.760014435222
0.916884247171 0.76037531577
0.916485428447 0.76037531577
0.91652173913 0.760736196319
0.916558018253 0.761097076868
0.916594265856 0.761457957416
0.91619626574 0.761457957416
0.915798611111 0.761457957416
0.915835140998 0.761818837965
0.915871639202 0.762179718513
0.915908105765 0.762540599062
0.915944540728 0.76290147961
0.915980944132 0.763262360159
0.916017316017 0.763623240707
0.916053656426 0.763984121256
0.916089965398 0.764345001804
0.916126242974 0.764705882353
0.916162489196 0.765066762901
0.916198704104 0.76542764345
0.915803108808 0.76542764345
0.915839447562 0.765788523999
0.915875754961 0.766149404547
0.915912031048 0.766510285096
0.915948275862 0.766871165644
0.915984489444 0.767232046193
0.916020671835 0.767592926741
0.915626345243 0.767592926741
0.915232358003 0.767592926741
0.914838709677 0.767592926741
0.914875322442 0.76795380729
0.914911903739 0.768314687838
0.914948453608 0.768675568387
0.914984972091 0.769036448935
0.915021459227 0.769397329484
0.915057915058 0.769758210032
0.915094339623 0.770119090581
0.915130732962 0.77047997113
0.915167095116 0.770840851678
0.915203426124 0.771201732227
0.915239726027 0.771562612775
0.915275994865 0.771923493324
0.915312232678 0.772284373872
0.915348439504 0.772645254421
0.915384615385 0.773006134969
0.915420760359 0.773367015518
0.915029888984 0.773367015518
0.915066154503 0.773727896066
0.915102389078 0.774088776615
0.915138592751 0.774449657163
0.915174765558 0.774810537712
0.915210907542 0.775171418261
0.915247018739 0.775532298809
0.915283099191 0.775893179358
0.915319148936 0.776254059906
0.915355168014 0.776614940455
0.915391156463 0.776975821003
0.915427114322 0.777336701552
0.915038232795 0.777336701552
0.914649681529 0.777336701552
0.914261460102 0.777336701552
0.914297836232 0.7776975821
0.91433418151 0.778058462649
0.914370495973 0.778419343197
0.914406779661 0.778780223746
0.914443032613 0.779141104294
0.914479254869 0.779501984843
0.914092255607 0.779501984843
0.913705583756 0.779501984843
0.913742071882 0.779862865392
0.913778529163 0.78022374594
0.913392479932 0.78022374594
0.913429054054 0.780584626489
0.913465597298 0.780945507037
0.913080168776 0.780945507037
0.912695065373 0.780945507037
0.912310286678 0.780945507037
0.912347239781 0.781306387586
0.912384161752 0.781667268134
0.912421052632 0.782028148683
0.912457912458 0.782389029231
0.912494741271 0.78274990978
0.912111017662 0.78274990978
0.912147961328 0.783110790328
0.91218487395 0.783471670877
0.912221755565 0.783832551425
0.912258606213 0.784193431974
0.911875786823 0.784193431974
0.911912751678 0.784554312523
0.911949685535 0.784915193071
0.911986588433 0.78527607362
0.912023460411 0.785636954168
0.912060301508 0.785997834717
0.912097111762 0.786358715265
0.912133891213 0.786719595814
0.9121706399 0.787080476362
0.911789297659 0.787080476362
0.911826159632 0.787441356911
0.91186299081 0.787802237459
0.911899791232 0.788163118008
0.911519198664 0.788163118008
0.911556111806 0.788523998556
0.911592994162 0.788884879105
0.911629845769 0.789245759654
0.911666666667 0.789606640202
0.911703456893 0.789967520751
0.911323896753 0.789967520751
0.910944652518 0.789967520751
0.910565723794 0.789967520751
0.910602910603 0.790328401299
0.9106400665 0.790689281848
0.910261736602 0.790689281848
0.90988372093 0.790689281848
0.909921129099 0.791050162396
0.909958506224 0.791411042945
0.909995852343 0.791771923493
0.910033167496 0.792132804042
0.91007045172 0.79249368459
0.910107705054 0.792854565139
0.910144927536 0.793215445687
0.909768211921 0.793215445687
0.909391808026 0.793215445687
0.909429280397 0.793576326236
0.909053327821 0.793576326236
0.909090909091 0.793937206785
0.909128459314 0.794298087333
0.90916597853 0.794658967882
0.908790755262 0.794658967882
0.908828382838 0.79501984843
0.908865979381 0.795380728979
0.908491343776 0.795380728979
0.908529048208 0.795741609527
0.908154859967 0.795741609527
0.907780979827 0.795741609527
0.907818930041 0.796102490076
0.907856849033 0.796463370624
0.907483552632 0.796463370624
0.907110563091 0.796463370624
0.907148726376 0.796824251173
0.907186858316 0.797185131721
0.907224958949 0.79754601227
0.907263028314 0.797906892818
0.907301066448 0.798267773367
0.907339073391 0.798628653916
0.90737704918 0.798989534464
0.907005325686 0.798989534464
0.907043407043 0.799350415013
0.906672124437 0.799350415013
0.906710310966 0.799711295561
0.906748466258 0.80007217611
0.906786590352 0.800433056658
0.906824683286 0.800793937207
0.906454248366 0.800793937207
0.906492445896 0.801154817755
0.906530612245 0.801515698304
0.906160750714 0.801515698304
0.906199021207 0.801876578852
0.905829596413 0.801876578852
0.90586797066 0.802237459401
0.905906313646 0.802598339949
0.905944625407 0.802959220498
0.905982905983 0.803320101047
0.906021155411 0.803680981595
0.906059373729 0.804041862144
0.906097560976 0.804402742692
0.906135717188 0.804763623241
0.906173842405 0.805124503789
0.90580592773 0.805124503789
0.905844155844 0.805485384338
0.905476673428 0.805485384338
0.905515004055 0.805846264886
0.905553303608 0.806207145435
0.905186385737 0.806207145435
0.904819765087 0.806207145435
0.904858299595 0.806568025983
0.904896802914 0.806928906532
0.904530744337 0.806928906532
0.904569348969 0.80728978708
0.904607922393 0.807650667629
0.904242424242 0.807650667629
0.904281098546 0.808011548178
0.904319741623 0.808372428726
0.90395480226 0.808372428726
0.903993545785 0.808733309275
0.904032258065 0.809094189823
0.903667875857 0.809094189823
0.903303787268 0.809094189823
0.903342730568 0.809455070372
0.902979066023 0.809455070372
0.903018108652 0.80981595092
0.903057119871 0.810176831469
0.902694008846 0.810176831469
0.902331189711 0.810176831469
0.902370429892 0.810537712017
0.902008032129 0.810537712017
0.901645925331 0.810537712017
0.901685393258 0.810898592566
0.901724829523 0.811259473114
0.901764234162 0.811620353663
0.901402805611 0.811620353663
0.901442307692 0.811981234211
0.901481778134 0.81234211476
0.901521216974 0.812702995309
0.901160464186 0.812702995309
0.9008 0.812702995309
0.90043982407 0.812702995309
0.900079936051 0.812702995309
0.900119856173 0.813063875857
0.899760383387 0.813063875857
0.899800399202 0.813424756406
0.899840383081 0.813785636954
0.899880335062 0.814146517503
0.899920255183 0.814507398051
0.899960143483 0.8148682786
0.9 0.815229159148
0.900039824771 0.815590039697
0.900079617834 0.815950920245
0.899721448468 0.815950920245
0.899761336516 0.816311800794
0.899403578529 0.816311800794
0.899046104928 0.816311800794
0.899086213747 0.816672681342
0.899126290707 0.817033561891
0.899166335848 0.81739444244
0.89880952381 0.81739444244
0.898849662832 0.817755322988
0.898889770024 0.818116203537
0.898929845422 0.818477084085
0.898573692552 0.818477084085
0.898613861386 0.818837964634
0.898258115598 0.818837964634
0.898298377523 0.819198845182
0.898338607595 0.819559725731
0.897983392645 0.819559725731
0.898023715415 0.819920606279
0.898064006322 0.820281486828
0.897709320695 0.820281486828
0.897749703908 0.820642367376
0.897790055249 0.821003247925
0.897435897436 0.821003247925
0.897476340694 0.821364128473
0.897122585731 0.821364128473
0.897163120567 0.821725009022
0.897203623474 0.822085889571
0.896850393701 0.822085889571
0.896497441952 0.822085889571
0.896144767899 0.822085889571
0.895792371215 0.822085889571
0.895833333333 0.822446770119
0.895481335953 0.822446770119
0.89552238806 0.822807650668
0.895170789164 0.822807650668
0.895211930926 0.823168531216
0.895253040408 0.823529411765
0.895294117647 0.823890292313
0.894943159545 0.823890292313
0.894592476489 0.823890292313
0.894242068155 0.823890292313
0.894283476899 0.824251172862
0.894324853229 0.82461205341
0.894366197183 0.824972933959
0.894407508799 0.825333814507
0.894448788116 0.825694695056
0.89449003517 0.826055575604
0.89453125 0.826416456153
0.894572432643 0.826777336702
0.894223263076 0.826777336702
0.89426453375 0.82713821725
0.894305772231 0.827499097799
0.89395711501 0.827499097799
0.893998441154 0.827859978347
0.894039735099 0.828220858896
0.894080996885 0.828581739444
0.893732970027 0.828581739444
0.893385214008 0.828581739444
0.893426682225 0.828942619993
0.893079315708 0.828942619993
0.893120870579 0.829303500541
0.893162393162 0.82966438109
0.893203883495 0.830025261638
0.892857142857 0.830025261638
0.892898719441 0.830386142187
0.89294026377 0.830747022735
0.892594028693 0.830747022735
0.892248062016 0.830747022735
0.892289810151 0.831107903284
0.892331525949 0.831468783833
0.891986062718 0.831468783833
0.892027863777 0.831829664381
0.8916827853 0.831829664381
0.891337973705 0.831829664381
0.891379976807 0.83219054493
0.89142194745 0.832551425478
0.891077636153 0.832551425478
0.890733590734 0.832551425478
0.890775762254 0.832912306027
0.890817901235 0.833273186575
0.890860007713 0.833634067124
0.890902081727 0.833994947672
0.890944123314 0.834355828221
0.890600924499 0.834355828221
0.890643049673 0.834716708769
0.890685142417 0.835077589318
0.8903424394 0.835077589318
0.89 0.835077589318
0.889657823914 0.835077589318
0.889315910838 0.835077589318
0.889358432578 0.835438469866
0.889016897081 0.835438469866
0.8886756238 0.835438469866
0.888334612433 0.835438469866
0.887993862677 0.835438469866
0.887653374233 0.835438469866
0.8873131468 0.835438469866
0.887356321839 0.835799350415
0.887399463807 0.836160230964
0.887059724349 0.836160230964
0.886720244929 0.836160230964
0.886381025249 0.836160230964
0.886424474187 0.836521111512
0.886467889908 0.836881992061
0.886129155522 0.836881992061
0.885790679908 0.836881992061
0.885834287896 0.837242872609
0.885877862595 0.837603753158
0.885539870279 0.837603753158
0.885583524027 0.837964633706
0.885627144491 0.838325514255
0.885670731707 0.838686394803
0.885714285714 0.839047275352
0.885376999238 0.839047275352
0.885039969547 0.839047275352
0.885083713851 0.8394081559
0.885127424876 0.839769036449
0.885171102662 0.840129916997
0.885214747244 0.840490797546
0.884878419453 0.840490797546
0.884922142043 0.840851678095
0.884965831435 0.841212558643
0.884629981025 0.841212558643
0.884673748103 0.841573439192
0.884338263178 0.841573439192
0.884382107657 0.84193431974
0.884425918909 0.842295200289
0.88446969697 0.842656080837
0.884134797425 0.842656080837
0.884178652536 0.843016961386
0.884222474461 0.843377841934
0.883888048411 0.843377841934
0.88393194707 0.843738722483
0.883975812547 0.844099603031
0.883641858708 0.844099603031
0.8833081571 0.844099603031
0.882974707437 0.844099603031
0.882641509434 0.844099603031
0.882685778951 0.84446048358
0.882352941176 0.84446048358
0.882397286091 0.844821364128
0.882441597589 0.845182244677
0.882109227872 0.845182244677
0.882153614458 0.845543125226
0.881821603312 0.845543125226
0.88186606471 0.845904005774
0.881534411433 0.845904005774
0.881578947368 0.846264886323
0.881623449831 0.846625766871
0.881667918858 0.84698664742
0.881712354487 0.847347527968
0.881756756757 0.847708408517
0.881425891182 0.847708408517
0.881470367592 0.848069289065
0.881514810649 0.848430169614
0.881184407796 0.848430169614
0.880854252529 0.848430169614
0.880524344569 0.848430169614
0.880569075253 0.848791050162
0.880613772455 0.849151930711
0.880284324729 0.849151930711
0.879955123411 0.849151930711
0.879626168224 0.849151930711
0.879297458894 0.849151930711
0.879342547628 0.849512811259
0.879014189694 0.849512811259
0.878686076894 0.849512811259
0.878731343284 0.849873691808
0.878776575905 0.850234572357
0.878821774795 0.850595452905
0.878866939993 0.850956333454
0.878539493294 0.850956333454
0.878584729981 0.851317214002
0.878257632167 0.851317214002
0.877930777819 0.851317214002
0.877976190476 0.851678094551
0.878021569357 0.852038975099
0.878066914498 0.852399855648
0.877740616871 0.852399855648
0.877414561664 0.852399855648
0.877088748608 0.852399855648
0.87713437268 0.852760736196
0.877179962894 0.853121616745
0.876854599407 0.853121616745
0.876529477197 0.853121616745
0.876575240919 0.853482497293
0.87662097073 0.853843377842
0.876296296296 0.853843377842
0.875971862273 0.853843377842
0.875647668394 0.853843377842
0.875323714391 0.853843377842
0.875369822485 0.85420425839
0.875046210721 0.85420425839
0.875092387288 0.854565138939
0.875138529738 0.854926019488
0.875184638109 0.855286900036
0.874861572536 0.855286900036
0.874538745387 0.855286900036
0.8742161564 0.855286900036
0.87389380531 0.855286900036
0.873571691854 0.855286900036
0.87324981577 0.855286900036
0.873296500921 0.855647780585
0.872974963181 0.855647780585
0.873021715127 0.856008661133
0.872700515085 0.856008661133
0.872747333579 0.856369541682
0.872426470588 0.856369541682
0.87210584344 0.856369541682
0.872152828802 0.85673042223
0.871832537642 0.85673042223
0.871512481645 0.85673042223
0.871559633028 0.857091302779
0.871239911959 0.857091302779
0.871287128713 0.857452183327
0.870967741935 0.857452183327
0.870648589227 0.857452183327
0.870695970696 0.857813063876
0.870377151227 0.857813063876
0.870424597365 0.858173944424
0.870472008782 0.858534824973
0.870519385516 0.858895705521
0.870201096892 0.858895705521
0.869883040936 0.858895705521
0.869930580928 0.85925658607
0.869978086194 0.859617466619
0.869660460022 0.859617466619
0.869708029197 0.859978347167
0.869755563663 0.860339227716
0.869438366156 0.860339227716
0.869121399927 0.860339227716
0.86916909621 0.860700108264
0.868852459016 0.860700108264
0.86853605244 0.860700108264
0.868219876229 0.860700108264
0.86826783115 0.861060988813
0.867951982539 0.861060988813
0.867636363636 0.861060988813
0.867684478372 0.861421869361
0.86773255814 0.86178274991
0.867417362877 0.86178274991
0.867102396514 0.86178274991
0.867150635209 0.862143630458
0.866835994194 0.862143630458
0.866521581429 0.862143630458
0.866207396664 0.862143630458
0.865893439652 0.862143630458
0.865942028986 0.862504511007
0.865628395509 0.862504511007
0.865314989138 0.862504511007
0.865001809627 0.862504511007
0.86505065123 0.862865391555
0.865099457505 0.863226272104
0.864786695589 0.863226272104
0.86483556198 0.863587152652
0.864884393064 0.863948033201
0.864933188877 0.86430891375
0.864620938628 0.86430891375
0.86430891375 0.86430891375
0.863997113997 0.86430891375
0.863685539127 0.86430891375
0.863374188897 0.86430891375
0.863063063063 0.86430891375
0.863112391931 0.864669794298
0.862801584444 0.864669794298
0.862850971922 0.865030674847
0.862540482188 0.865030674847
0.862230215827 0.865030674847
0.8619201726 0.865030674847
0.861969805895 0.865391555395
0.862019403521 0.865752435944
0.862068965517 0.866113316492
0.861759425494 0.866113316492
0.861450107681 0.866113316492
0.861141011841 0.866113316492
0.861190817791 0.866474197041
0.861240588024 0.866835077589
0.860931899642 0.866835077589
0.860623432461 0.866835077589
0.860673352436 0.867195958138
0.860723236663 0.867556838686
0.860415175376 0.867556838686
0.860107334526 0.867556838686
0.860157367668 0.867917719235
0.859849839113 0.867917719235
0.859542530379 0.867917719235
0.859235441229 0.867917719235
0.859285714286 0.868278599783
0.858978936094 0.868278599783
0.859029264811 0.868639480332
0.858722797003 0.868639480332
0.858416547789 0.868639480332
0.858467023173 0.869000360881
0.858161083393 0.869000360881
0.857855361596 0.869000360881
0.85754985755 0.869000360881
0.857600569598 0.869361241429
0.857651245552 0.869722121978
0.85770188545 0.870083002526
0.857396870555 0.870083002526
0.857447564877 0.870443883075
0.85749822317 0.870804763623
0.857548845471 0.871165644172
0.857599431818 0.87152652472
0.857649982251 0.871887405269
0.857345635202 0.871887405269
0.857396239801 0.872248285817
0.857092198582 0.872248285817
0.857142857143 0.872609166366
0.857193479802 0.872970046914
0.85688983351 0.872970046914
0.856940509915 0.873330927463
0.856637168142 0.873330927463
0.856334041047 0.873330927463
0.856031128405 0.873330927463
0.855728429986 0.873330927463
0.855425945564 0.873330927463
0.855123674912 0.873330927463
0.855174849876 0.873691808012
0.855225988701 0.87405268856
0.854924108719 0.87405268856
0.854622441778 0.87405268856
0.854320987654 0.87405268856
0.85437235543 0.874413569109
0.854423686993 0.874774449657
0.854474982382 0.875135330206
0.854526241634 0.875496210754
0.854577464789 0.875857091303
0.854628651883 0.876217971851
0.854327938072 0.876217971851
0.854379176926 0.8765788524
0.854078762307 0.8765788524
0.853778558875 0.8765788524
0.853478566409 0.8765788524
0.853530031612 0.876939732948
0.853230337079 0.876939732948
0.853281853282 0.877300613497
0.85298245614 0.877300613497
0.85303402315 0.877661494045
0.853085553997 0.878022374594
0.852786540484 0.878022374594
0.85248773651 0.878022374594
0.852189141856 0.878022374594
0.851890756303 0.878022374594
0.85194259713 0.878383255143
0.851644506648 0.878383255143
0.851346624694 0.878383255143
0.851048951049 0.878383255143
0.851101013632 0.878744135691
0.851153039832 0.87910501624
0.850855745721 0.87910501624
0.850907821229 0.879465896788
0.850610820244 0.879465896788
0.850314026518 0.879465896788
0.850366236484 0.879826777337
0.850418410042 0.880187657885
0.850121993726 0.880187657885
0.849825783972 0.880187657885
0.849878091257 0.880548538434
0.849582172702 0.880548538434
0.849286460146 0.880548538434
0.848990953375 0.880548538434
0.849043478261 0.880909418982
0.848748261474 0.880909418982
0.848453249913 0.880909418982
0.84850590688 0.881270299531
0.848211184439 0.881270299531
0.847916666667 0.881270299531
0.84762235335 0.881270299531
0.847328244275 0.881270299531
0.84703433923 0.881270299531
0.846740638003 0.881270299531
0.846447140381 0.881270299531
0.846153846154 0.881270299531
0.846207135435 0.881631180079
0.845914127424 0.881631180079
0.845621322257 0.881631180079
0.845328719723 0.881631180079
0.845036319613 0.881631180079
0.844744121715 0.881631180079
0.844452125821 0.881631180079
0.844505874223 0.881992060628
0.844559585492 0.882352941176
0.844613259669 0.882713821725
0.844321712116 0.882713821725
0.844030365769 0.882713821725
0.843739220421 0.882713821725
0.843448275862 0.882713821725
0.843502240607 0.883074702274
0.84355616816 0.883435582822
0.843265587323 0.883435582822
0.842975206612 0.883435582822
0.842685025818 0.883435582822
0.842739160358 0.883796463371
0.842449260406 0.883796463371
0.84250343879 0.884157343919
0.842213819182 0.884157343919
0.841924398625 0.884157343919
0.841978701477 0.884518224468
0.84168956044 0.884518224468
0.841743906625 0.884879105016
0.841455044612 0.884879105016
0.841509433962 0.885239985565
0.841563786008 0.885600866113
0.841618100788 0.885961746662
0.841329677862 0.885961746662
0.841041452552 0.885961746662
0.841095890411 0.88632262721
0.841150290996 0.886683507759
0.841204654346 0.887044388307
0.841258980499 0.887405268856
0.84097127223 0.887405268856
0.841025641026 0.887766149405
0.841079972659 0.888127029953
0.841134267168 0.888487910502
0.840846994536 0.888487910502
0.840901331512 0.88884879105
0.840614334471 0.88884879105
0.840327533265 0.88884879105
0.840040927694 0.88884879105
0.839754517559 0.88884879105
0.839468302658 0.88884879105
0.839522998296 0.889209671599
0.839237057221 0.889209671599
0.839291794348 0.889570552147
0.839346494214 0.889931432696
0.83906090507 0.889931432696
0.838775510204 0.889931432696
0.838490309419 0.889931432696
0.838545207342 0.890292313244
0.838600067958 0.890653193793
0.838315217391 0.890653193793
0.838030560272 0.890653193793
0.838085539715 0.891014074341
0.837801153716 0.891014074341
0.837516960651 0.891014074341
0.837232960326 0.891014074341
0.837288135593 0.89137495489
